TIME          	MC CONC       	STS CONC      	HTS CONC      	SED CONC      	ADV dm/dt     	DISP dm/dt    	DECAY dm/dt   	SORPTION dm/dt	STORAGE dm/dt 	MC dm/dt      	STS dm/dt     	HTS dm/dt     
(hr)          	[M/L³]          	[M/L³]          	[M/L³]          	[M/L³]          	([M/L³])·([L]²/s)  	([M/L³])·([L]²/s)  	([M/L³])·([L]²/s)  	([M/L³])·([L]²/s)  	([M/L³])·([L]²/s)  	([M/L³])·([L]²/s)  	([M/L³])·([L]²/s)  	([M/L³])·([L]²/s)  
0.000000e+000	0.000000e+000	0.000000e+000	0.000000e+000	0.000000e+000	0.000000e+000	0.000000e+000	0.000000e+000	0.000000e+000	0.000000e+000	0.000000e+000	0.000000e+000	0.000000e+000
1.000000e-001	0.000000e+000	0.000000e+000	0.000000e+000	1.000000e+000	0.000000e+000	0.000000e+000	0.000000e+000	0.000000e+000	0.000000e+000	0.000000e+000	0.000000e+000	0.000000e+000
2.000000e-001	0.000000e+000	0.000000e+000	0.000000e+000	1.000000e+000	0.000000e+000	0.000000e+000	0.000000e+000	0.000000e+000	0.000000e+000	0.000000e+000	0.000000e+000	0.000000e+000
3.000000e-001	0.000000e+000	0.000000e+000	0.000000e+000	1.000000e+000	0.000000e+000	0.000000e+000	0.000000e+000	0.000000e+000	0.000000e+000	0.000000e+000	0.000000e+000	0.000000e+000
4.000000e-001	0.000000e+000	0.000000e+000	0.000000e+000	1.000000e+000	0.000000e+000	0.000000e+000	0.000000e+000	0.000000e+000	0.000000e+000	0.000000e+000	0.000000e+000	0.000000e+000
5.000000e-001	0.000000e+000	0.000000e+000	0.000000e+000	1.000000e+000	0.000000e+000	0.000000e+000	0.000000e+000	0.000000e+000	0.000000e+000	0.000000e+000	0.000000e+000	0.000000e+000
6.000000e-001	0.000000e+000	0.000000e+000	0.000000e+000	1.000000e+000	0.000000e+000	0.000000e+000	0.000000e+000	0.000000e+000	0.000000e+000	0.000000e+000	0.000000e+000	0.000000e+000
7.000000e-001	0.000000e+000	0.000000e+000	0.000000e+000	1.000000e+000	0.000000e+000	0.000000e+000	0.000000e+000	0.000000e+000	0.000000e+000	0.000000e+000	0.000000e+000	0.000000e+000
8.000000e-001	0.000000e+000	0.000000e+000	0.000000e+000	1.000000e+000	0.000000e+000	0.000000e+000	0.000000e+000	0.000000e+000	0.000000e+000	0.000000e+000	0.000000e+000	0.000000e+000
9.000000e-001	0.000000e+000	0.000000e+000	0.000000e+000	1.000000e+000	0.000000e+000	0.000000e+000	0.000000e+000	0.000000e+000	0.000000e+000	0.000000e+000	0.000000e+000	0.000000e+000
1.000000e+000	5.164769e-024	7.873474e-027	3.729540e-027	1.000000e+000	6.581771e-025	8.207006e-025	0.000000e+000	0.000000e+000	-5.156895e-028	1.478362e-024	3.499322e-028	1.657573e-028
1.100000e+000	2.942466e-008	9.266446e-011	6.277625e-011	1.000000e+000	1.953475e-009	1.676932e-009	0.000000e+000	0.000000e+000	-2.933200e-012	3.627474e-009	1.737671e-012	1.195528e-012
1.200000e+000	7.475670e-004	5.546101e-006	4.687076e-006	1.000000e+000	2.187384e-005	1.293527e-005	0.000000e+000	0.000000e+000	-7.420209e-008	3.473491e-005	3.984109e-008	3.436100e-008
1.300000e+000	3.110472e-002	4.748305e-004	4.377624e-004	1.000000e+000	4.232517e-004	2.071034e-004	0.000000e+000	0.000000e+000	-3.062989e-006	6.272921e-004	1.580264e-006	1.482726e-006
1.400000e+000	1.593429e-001	4.360802e-003	4.169964e-003	1.000000e+000	1.086303e-003	4.873876e-004	0.000000e+000	0.000000e+000	-1.549821e-005	1.558192e-003	7.864713e-006	7.633499e-006
1.500000e+000	3.468757e-001	1.541189e-002	1.500051e-002	1.000000e+000	1.243441e-003	5.351805e-004	0.000000e+000	0.000000e+000	-3.314639e-005	1.745475e-003	1.669119e-005	1.645519e-005
1.600000e+000	5.071045e-001	3.383206e-002	3.324240e-002	1.000000e+000	9.991611e-004	4.221179e-004	0.000000e+000	0.000000e+000	-4.732724e-005	1.373952e-003	2.374096e-005	2.358628e-005
1.700000e+000	6.105351e-001	5.719845e-002	5.650770e-002	1.000000e+000	7.088523e-004	2.981618e-004	0.000000e+000	0.000000e+000	-5.533366e-005	9.516804e-004	2.770388e-005	2.762978e-005
1.800000e+000	6.690194e-001	8.299080e-002	8.225856e-002	1.000000e+000	5.109810e-004	2.158797e-004	0.000000e+000	0.000000e+000	-5.860286e-005	6.682579e-004	2.931298e-005	2.928987e-005
1.900000e+000	7.014237e-001	1.095661e-001	1.088262e-001	1.000000e+000	4.017661e-004	1.709869e-004	0.000000e+000	0.000000e+000	-5.918577e-005	5.135672e-004	2.959140e-005	2.959437e-005
2.000000e+000	7.208793e-001	1.360675e-001	1.353363e-001	1.000000e+000	3.460866e-004	1.481556e-004	0.000000e+000	0.000000e+000	-5.848118e-005	4.357611e-004	2.923328e-005	2.924790e-005
2.100000e+000	7.344024e-001	1.621068e-001	1.613911e-001	1.000000e+000	3.171039e-004	1.361970e-004	0.000000e+000	0.000000e+000	-5.722956e-005	3.960713e-004	2.860515e-005	2.862441e-005
2.200000e+000	7.452656e-001	1.875275e-001	1.868300e-001	1.000000e+000	3.001469e-004	1.291046e-004	0.000000e+000	0.000000e+000	-5.577382e-005	3.734777e-004	2.787650e-005	2.789732e-005
2.300000e+000	7.548779e-001	2.122764e-001	2.115978e-001	1.000000e+000	2.883318e-004	1.240877e-004	0.000000e+000	0.000000e+000	-5.426016e-005	3.581593e-004	2.711953e-005	2.714063e-005
2.400000e+000	7.638175e-001	2.363430e-001	2.356834e-001	1.000000e+000	2.786984e-004	1.199536e-004	0.000000e+000	0.000000e+000	-5.274745e-005	3.459046e-004	2.636328e-005	2.638416e-005
2.500000e+000	7.723169e-001	2.597339e-001	2.590929e-001	1.000000e+000	2.700418e-004	1.162185e-004	0.000000e+000	0.000000e+000	-5.125831e-005	3.350020e-004	2.561891e-005	2.563939e-005
2.600000e+000	7.804712e-001	2.824619e-001	2.818391e-001	1.000000e+000	2.618880e-004	1.126925e-004	0.000000e+000	0.000000e+000	-4.980094e-005	3.247795e-004	2.489046e-005	2.491047e-005
2.700000e+000	7.883220e-001	3.045419e-001	3.039369e-001	1.000000e+000	2.540536e-004	1.093022e-004	0.000000e+000	0.000000e+000	-4.837801e-005	3.149778e-004	2.417924e-005	2.419877e-005
2.800000e+000	7.958907e-001	3.259897e-001	3.254021e-001	1.000000e+000	2.464673e-004	1.060190e-004	0.000000e+000	0.000000e+000	-4.699010e-005	3.054962e-004	2.348553e-005	2.350457e-005
2.900000e+000	8.031911e-001	3.468211e-001	3.462504e-001	1.000000e+000	2.391001e-004	1.028309e-004	0.000000e+000	0.000000e+000	-4.563700e-005	2.962941e-004	2.280922e-005	2.282778e-005
3.000000e+000	8.102339e-001	3.670515e-001	3.664973e-001	1.000000e+000	2.319385e-004	9.973252e-005	0.000000e+000	0.000000e+000	-4.431824e-005	2.873527e-004	2.215008e-005	2.216816e-005
3.100000e+000	8.170285e-001	3.866963e-001	3.861582e-001	1.000000e+000	2.249746e-004	9.672043e-005	0.000000e+000	0.000000e+000	-4.303322e-005	2.786618e-004	2.150780e-005	2.152542e-005
3.200000e+000	8.235837e-001	4.057705e-001	4.052480e-001	1.000000e+000	2.182028e-004	9.379223e-005	0.000000e+000	0.000000e+000	-4.178132e-005	2.702138e-004	2.088208e-005	2.089924e-005
3.300000e+000	8.299078e-001	4.242889e-001	4.237817e-001	1.000000e+000	2.116185e-004	9.094576e-005	0.000000e+000	0.000000e+000	-4.056189e-005	2.620023e-004	2.027259e-005	2.028931e-005
3.400000e+000	8.360090e-001	4.422659e-001	4.417736e-001	1.000000e+000	2.052169e-004	8.817905e-005	0.000000e+000	0.000000e+000	-3.937430e-005	2.540217e-004	1.967901e-005	1.969529e-005
3.500000e+000	8.418949e-001	4.597158e-001	4.592379e-001	1.000000e+000	1.989938e-004	8.549015e-005	0.000000e+000	0.000000e+000	-3.821791e-005	2.462661e-004	1.910103e-005	1.911688e-005
3.600000e+000	8.475730e-001	4.766524e-001	4.761885e-001	1.000000e+000	1.929450e-004	8.287718e-005	0.000000e+000	0.000000e+000	-3.709206e-005	2.387301e-004	1.853831e-005	1.855375e-005
3.700000e+000	8.530506e-001	4.930893e-001	4.926391e-001	1.000000e+000	1.870661e-004	8.033828e-005	0.000000e+000	0.000000e+000	-3.599613e-005	2.314083e-004	1.799055e-005	1.800558e-005
3.800000e+000	8.583346e-001	5.090398e-001	5.086030e-001	1.000000e+000	1.813532e-004	7.787164e-005	0.000000e+000	0.000000e+000	-3.492948e-005	2.242954e-004	1.745743e-005	1.747205e-005
3.900000e+000	8.634317e-001	5.245169e-001	5.240931e-001	1.000000e+000	1.758022e-004	7.547544e-005	0.000000e+000	0.000000e+000	-3.389148e-005	2.173861e-004	1.693862e-005	1.695285e-005
4.000000e+000	8.683485e-001	5.395335e-001	5.391223e-001	1.000000e+000	1.704090e-004	7.314795e-005	0.000000e+000	0.000000e+000	-3.288150e-005	2.106754e-004	1.643383e-005	1.644767e-005
4.100000e+000	8.730912e-001	5.541020e-001	5.537030e-001	1.000000e+000	1.651678e-004	7.088574e-005	0.000000e+000	0.000000e+000	-3.189893e-005	2.041546e-004	1.594273e-005	1.595620e-005
4.200000e+000	8.769185e-001	5.682289e-001	5.678428e-001	1.000000e+000	1.382068e-004	5.575689e-005	0.000000e+000	0.000000e+000	-3.086896e-005	1.630947e-004	1.542519e-005	1.544377e-005
4.300000e+000	8.509740e-001	5.814681e-001	5.811299e-001	1.000000e+000	-2.681138e-004	-1.405429e-004	0.000000e+000	0.000000e+000	-2.695059e-005	-4.356073e-004	1.342016e-005	1.353043e-005
4.400000e+000	7.269920e-001	5.908783e-001	5.907051e-001	1.000000e+000	-9.359652e-004	-4.228968e-004	0.000000e+000	0.000000e+000	-1.361138e-005	-1.372473e-003	6.683890e-006	6.927489e-006
4.500000e+000	5.435645e-001	5.927223e-001	5.927806e-001	1.000000e+000	-1.097764e-003	-4.726991e-004	0.000000e+000	0.000000e+000	4.915784e-006	-1.565547e-003	-2.581912e-006	-2.333872e-006
4.600000e+000	3.872953e-001	5.868074e-001	5.870547e-001	1.000000e+000	-8.580103e-004	-3.615870e-004	0.000000e+000	0.000000e+000	1.995121e-005	-1.199646e-003	-1.005880e-005	-9.892412e-006
4.700000e+000	2.876836e-001	5.755672e-001	5.759260e-001	1.000000e+000	-5.720954e-004	-2.395241e-004	0.000000e+000	0.000000e+000	2.878836e-005	-7.828312e-004	-1.443692e-005	-1.435144e-005
4.800000e+000	2.328825e-001	5.615326e-001	5.619430e-001	1.000000e+000	-3.784895e-004	-1.590796e-004	0.000000e+000	0.000000e+000	3.286501e-005	-5.047042e-004	-1.644959e-005	-1.641542e-005
4.900000e+000	2.040305e-001	5.463571e-001	5.467849e-001	1.000000e+000	-2.734149e-004	-1.159701e-004	0.000000e+000	0.000000e+000	3.423266e-005	-3.551523e-004	-1.712022e-005	-1.711244e-005
5.000000e+000	1.880009e-001	5.309074e-001	5.313361e-001	1.000000e+000	-2.217539e-004	-9.486934e-005	0.000000e+000	0.000000e+000	3.429065e-005	-2.823326e-004	-1.714324e-005	-1.714742e-005
5.100000e+000	1.777819e-001	5.155817e-001	5.160041e-001	1.000000e+000	-1.966711e-004	-8.458978e-005	0.000000e+000	0.000000e+000	3.377999e-005	-2.474809e-004	-1.688544e-005	-1.689455e-005
5.200000e+000	1.701051e-001	5.005461e-001	5.009593e-001	1.000000e+000	-1.834987e-004	-7.912646e-005	0.000000e+000	0.000000e+000	3.304410e-005	-2.295810e-004	-1.651657e-005	-1.652753e-005
5.300000e+000	1.635657e-001	4.858631e-001	4.862661e-001	1.000000e+000	-1.753557e-004	-7.569000e-005	0.000000e+000	0.000000e+000	3.222974e-005	-2.188160e-004	-1.610911e-005	-1.612063e-005
5.400000e+000	1.575896e-001	4.715523e-001	4.719449e-001	1.000000e+000	-1.692853e-004	-7.308895e-005	0.000000e+000	0.000000e+000	3.139627e-005	-2.109779e-004	-1.569235e-005	-1.570393e-005
5.500000e+000	1.519479e-001	4.576162e-001	4.579984e-001	1.000000e+000	-1.640852e-004	-7.084087e-005	0.000000e+000	0.000000e+000	3.056683e-005	-2.043593e-004	-1.527769e-005	-1.528914e-005
5.600000e+000	1.465495e-001	4.440505e-001	4.444225e-001	1.000000e+000	-1.592845e-004	-6.875713e-005	0.000000e+000	0.000000e+000	2.975011e-005	-1.982915e-004	-1.486943e-005	-1.488067e-005
5.700000e+000	1.413562e-001	4.308488e-001	4.312108e-001	1.000000e+000	-1.547026e-004	-6.676556e-005	0.000000e+000	0.000000e+000	2.894926e-005	-1.925189e-004	-1.446913e-005	-1.448014e-005
5.800000e+000	1.363501e-001	4.180036e-001	4.183558e-001	1.000000e+000	-1.502711e-004	-6.483870e-005	0.000000e+000	0.000000e+000	2.816535e-005	-1.869444e-004	-1.407729e-005	-1.408806e-005
5.900000e+000	1.315208e-001	4.055071e-001	4.058497e-001	1.000000e+000	-1.459634e-004	-6.296591e-005	0.000000e+000	0.000000e+000	2.739863e-005	-1.815307e-004	-1.369405e-005	-1.370458e-005
6.000000e+000	1.268607e-001	3.933517e-001	3.936849e-001	1.000000e+000	-1.417687e-004	-6.114275e-005	0.000000e+000	0.000000e+000	2.664910e-005	-1.762624e-004	-1.331940e-005	-1.332970e-005
6.100000e+000	1.223637e-001	3.815296e-001	3.818537e-001	1.000000e+000	-1.376819e-004	-5.936704e-005	0.000000e+000	0.000000e+000	2.591659e-005	-1.711324e-004	-1.295327e-005	-1.296333e-005
6.200000e+000	1.180239e-001	3.700333e-001	3.703484e-001	1.000000e+000	-1.336999e-004	-5.763743e-005	0.000000e+000	0.000000e+000	2.520094e-005	-1.661363e-004	-1.259556e-005	-1.260538e-005
6.300000e+000	1.138358e-001	3.588551e-001	3.591615e-001	1.000000e+000	-1.298202e-004	-5.595285e-005	0.000000e+000	0.000000e+000	2.450193e-005	-1.612711e-004	-1.224617e-005	-1.225576e-005
6.400000e+000	1.097943e-001	3.479877e-001	3.482856e-001	1.000000e+000	-1.260408e-004	-5.431236e-005	0.000000e+000	0.000000e+000	2.381934e-005	-1.565338e-004	-1.190499e-005	-1.191436e-005
6.500000e+000	1.058942e-001	3.374237e-001	3.377132e-001	1.000000e+000	-1.223596e-004	-5.271505e-005	0.000000e+000	0.000000e+000	2.315295e-005	-1.519217e-004	-1.157190e-005	-1.158105e-005
6.600000e+000	1.021308e-001	3.271559e-001	3.274373e-001	1.000000e+000	-1.187747e-004	-5.116000e-005	0.000000e+000	0.000000e+000	2.250251e-005	-1.474322e-004	-1.124679e-005	-1.125572e-005
6.700000e+000	9.849926e-002	3.171771e-001	3.174506e-001	1.000000e+000	-1.152841e-004	-4.964635e-005	0.000000e+000	0.000000e+000	2.186779e-005	-1.430627e-004	-1.092954e-005	-1.093825e-005
6.800000e+000	9.499509e-002	3.074804e-001	3.077461e-001	1.000000e+000	-1.118858e-004	-4.817320e-005	0.000000e+000	0.000000e+000	2.124853e-005	-1.388105e-004	-1.062002e-005	-1.062851e-005
6.900000e+000	9.161390e-002	2.980588e-001	2.983170e-001	1.000000e+000	-1.085780e-004	-4.673969e-005	0.000000e+000	0.000000e+000	2.064449e-005	-1.346732e-004	-1.031810e-005	-1.032639e-005
7.000000e+000	8.835144e-002	2.889056e-001	2.891564e-001	1.000000e+000	-1.053587e-004	-4.534494e-005	0.000000e+000	0.000000e+000	2.005541e-005	-1.306482e-004	-1.002367e-005	-1.003175e-005
7.100000e+000	8.520361e-002	2.800140e-001	2.802576e-001	1.000000e+000	-1.022259e-004	-4.398811e-005	0.000000e+000	0.000000e+000	1.948104e-005	-1.267330e-004	-9.736580e-006	-9.744460e-006
7.200000e+000	8.216645e-002	2.713776e-001	2.716142e-001	1.000000e+000	-9.917788e-005	-4.266834e-005	0.000000e+000	0.000000e+000	1.892111e-005	-1.229251e-004	-9.456715e-006	-9.464396e-006
7.300000e+000	7.923613e-002	2.629898e-001	2.632196e-001	1.000000e+000	-9.621264e-005	-4.138479e-005	0.000000e+000	0.000000e+000	1.837537e-005	-1.192221e-004	-9.183940e-006	-9.191425e-006
7.400000e+000	7.640897e-002	2.548444e-001	2.550675e-001	1.000000e+000	-9.332835e-005	-4.013663e-005	0.000000e+000	0.000000e+000	1.784354e-005	-1.156214e-004	-8.918124e-006	-8.925417e-006
7.500000e+000	7.368137e-002	2.469351e-001	2.471518e-001	1.000000e+000	-9.052320e-005	-3.892305e-005	0.000000e+000	0.000000e+000	1.732537e-005	-1.121209e-004	-8.659135e-006	-8.666240e-006
7.600000e+000	7.104990e-002	2.392559e-001	2.394663e-001	1.000000e+000	-8.779535e-005	-3.774323e-005	0.000000e+000	0.000000e+000	1.682060e-005	-1.087180e-004	-8.406841e-006	-8.413762e-006
7.700000e+000	6.851122e-002	2.318008e-001	2.320050e-001	1.000000e+000	-8.514303e-005	-3.659639e-005	0.000000e+000	0.000000e+000	1.632896e-005	-1.054105e-004	-8.161110e-006	-8.167851e-006
7.800000e+000	6.606210e-002	2.245640e-001	2.247622e-001	1.000000e+000	-8.256446e-005	-3.548172e-005	0.000000e+000	0.000000e+000	1.585019e-005	-1.021960e-004	-7.921813e-006	-7.928377e-006
7.900000e+000	6.369945e-002	2.175397e-001	2.177321e-001	1.000000e+000	-8.005790e-005	-3.439846e-005	0.000000e+000	0.000000e+000	1.538402e-005	-9.907234e-005	-7.688816e-006	-7.695207e-006
8.000000e+000	6.142024e-002	2.107223e-001	2.109090e-001	1.000000e+000	-7.762164e-005	-3.334584e-005	0.000000e+000	0.000000e+000	1.493020e-005	-9.603728e-005	-7.461991e-006	-7.468212e-006
8.100000e+000	5.922159e-002	2.041063e-001	2.042875e-001	1.000000e+000	-7.525397e-005	-3.232312e-005	0.000000e+000	0.000000e+000	1.448847e-005	-9.308862e-005	-7.241207e-006	-7.247262e-006
8.200000e+000	5.710068e-002	1.976863e-001	1.978621e-001	1.000000e+000	-7.295324e-005	-3.132955e-005	0.000000e+000	0.000000e+000	1.405856e-005	-9.022423e-005	-7.026336e-006	-7.032228e-006
8.300000e+000	5.505481e-002	1.914571e-001	1.916277e-001	1.000000e+000	-7.071780e-005	-3.036442e-005	0.000000e+000	0.000000e+000	1.364023e-005	-8.744198e-005	-6.817250e-006	-6.822983e-006
8.400000e+000	5.308136e-002	1.854136e-001	1.855791e-001	1.000000e+000	-6.854604e-005	-2.942700e-005	0.000000e+000	0.000000e+000	1.323322e-005	-8.473982e-005	-6.613822e-006	-6.619399e-006
8.500000e+000	5.117781e-002	1.795506e-001	1.797111e-001	1.000000e+000	-6.643639e-005	-2.851660e-005	0.000000e+000	0.000000e+000	1.283728e-005	-8.211570e-005	-6.415926e-006	-6.421352e-006
8.600000e+000	4.934172e-002	1.738633e-001	1.740190e-001	1.000000e+000	-6.438727e-005	-2.763252e-005	0.000000e+000	0.000000e+000	1.245216e-005	-7.956764e-005	-6.223440e-006	-6.228717e-006
8.700000e+000	4.757073e-002	1.683468e-001	1.684979e-001	1.000000e+000	-6.239717e-005	-2.677411e-005	0.000000e+000	0.000000e+000	1.207761e-005	-7.709366e-005	-6.036239e-006	-6.041370e-006
8.800000e+000	4.586256e-002	1.629965e-001	1.631430e-001	1.000000e+000	-6.046457e-005	-2.594068e-005	0.000000e+000	0.000000e+000	1.171339e-005	-7.469186e-005	-5.854202e-006	-5.859192e-006
8.900000e+000	4.421503e-002	1.578077e-001	1.579498e-001	1.000000e+000	-5.858802e-005	-2.513161e-005	0.000000e+000	0.000000e+000	1.135927e-005	-7.236035e-005	-5.677210e-006	-5.682061e-006
9.000000e+000	4.262600e-002	1.527760e-001	1.529138e-001	1.000000e+000	-5.676606e-005	-2.434624e-005	0.000000e+000	0.000000e+000	1.101500e-005	-7.009729e-005	-5.505144e-006	-5.509860e-006
9.100000e+000	4.109342e-002	1.478970e-001	1.480306e-001	1.000000e+000	-5.499727e-005	-2.358395e-005	0.000000e+000	0.000000e+000	1.068036e-005	-6.790086e-005	-5.337888e-006	-5.342472e-006
9.200000e+000	3.961533e-002	1.431664e-001	1.432959e-001	1.000000e+000	-5.328028e-005	-2.284415e-005	0.000000e+000	0.000000e+000	1.035511e-005	-6.576931e-005	-5.175327e-006	-5.179782e-006
9.300000e+000	3.818981e-002	1.385801e-001	1.387056e-001	1.000000e+000	-5.161371e-005	-2.212622e-005	0.000000e+000	0.000000e+000	1.003903e-005	-6.370090e-005	-5.017348e-006	-5.021677e-006
9.400000e+000	3.681502e-002	1.341339e-001	1.342556e-001	1.000000e+000	-4.999624e-005	-2.142958e-005	0.000000e+000	0.000000e+000	9.731884e-006	-6.169393e-005	-4.863839e-006	-4.868045e-006
9.500000e+000	3.548917e-002	1.298238e-001	1.299418e-001	1.000000e+000	-4.842656e-005	-2.075367e-005	0.000000e+000	0.000000e+000	9.433468e-006	-5.974676e-005	-4.714690e-006	-4.718777e-006
9.600000e+000	3.421055e-002	1.256461e-001	1.257605e-001	1.000000e+000	-4.690339e-005	-2.009791e-005	0.000000e+000	0.000000e+000	9.143559e-006	-5.785775e-005	-4.569795e-006	-4.573765e-006
9.700000e+000	3.297749e-002	1.215970e-001	1.217078e-001	1.000000e+000	-4.542549e-005	-1.946177e-005	0.000000e+000	0.000000e+000	8.861948e-006	-5.602532e-005	-4.429046e-006	-4.432902e-006
9.800000e+000	3.178840e-002	1.176726e-001	1.177800e-001	1.000000e+000	-4.399163e-005	-1.884471e-005	0.000000e+000	0.000000e+000	8.588424e-006	-5.424792e-005	-4.292340e-006	-4.296085e-006
9.900000e+000	3.064173e-002	1.138696e-001	1.139737e-001	1.000000e+000	-4.260062e-005	-1.824621e-005	0.000000e+000	0.000000e+000	8.322785e-006	-5.252405e-005	-4.159574e-006	-4.163211e-006
1.000000e+001	2.953598e-002	1.101843e-001	1.102851e-001	1.000000e+000	-4.125129e-005	-1.766575e-005	0.000000e+000	0.000000e+000	8.064828e-006	-5.085221e-005	-4.030648e-006	-4.034180e-006
