TIME          	MC CONC       	STS CONC      	HTS CONC      	SED CONC      	ADV dm/dt     	DISP dm/dt    	DECAY dm/dt   	SORPTION dm/dt	STORAGE dm/dt 	MC dm/dt      	STS dm/dt     	HTS dm/dt     
(hr)          	mg/L          	mg/L          	mg/L          	mg/L          	(mg/L)·(m²/s)  	(mg/L)·(m²/s)  	(mg/L)·(m²/s)  	(mg/L)·(m²/s)  	(mg/L)·(m²/s)  	(mg/L)·(m²/s)  	(mg/L)·(m²/s)  	(mg/L)·(m²/s)  
0.000000e+000	4.741618e-002	3.823253e-002	2.002830e-004	0.000000e+000	4.323090e-005	1.444713e-006	0.000000e+000	0.000000e+000	-2.271403e-006	4.240421e-005	-6.979551e-022	6.395099e-023
1.000000e-001	4.741618e-002	3.823253e-002	2.002830e-004	1.000000e+000	4.323090e-005	1.444713e-006	0.000000e+000	0.000000e+000	-2.271403e-006	4.240421e-005	1.465706e-020	6.395099e-022
2.000000e-001	4.741618e-002	3.823253e-002	2.002830e-004	1.000000e+000	4.323090e-005	1.444713e-006	0.000000e+000	0.000000e+000	-2.271403e-006	4.240421e-005	1.046933e-021	2.558040e-022
3.000000e-001	4.741618e-002	3.823253e-002	2.002830e-004	1.000000e+000	4.323090e-005	1.444713e-006	0.000000e+000	0.000000e+000	-2.271403e-006	4.240421e-005	1.884479e-020	6.395099e-022
4.000000e-001	4.741618e-002	3.823253e-002	2.002830e-004	1.000000e+000	4.323090e-005	1.444713e-006	0.000000e+000	0.000000e+000	-2.271403e-006	4.240421e-005	4.525890e-018	1.122340e-019
5.000000e-001	4.741618e-002	3.823253e-002	2.002830e-004	1.000000e+000	4.323090e-005	1.444713e-006	0.000000e+000	0.000000e+000	-2.271403e-006	4.240421e-005	1.092418e-015	2.580205e-017
6.000000e-001	4.741618e-002	3.823253e-002	2.002830e-004	1.000000e+000	4.323091e-005	1.444715e-006	0.000000e+000	0.000000e+000	-2.271403e-006	4.240422e-005	5.681409e-014	1.279178e-015
7.000000e-001	4.741619e-002	3.823253e-002	2.002830e-004	1.000000e+000	4.323101e-005	1.444752e-006	0.000000e+000	0.000000e+000	-2.271404e-006	4.240436e-005	1.068780e-012	2.298341e-014
8.000000e-001	4.741627e-002	3.823256e-002	2.002832e-004	1.000000e+000	4.323187e-005	1.445009e-006	0.000000e+000	0.000000e+000	-2.271415e-006	4.240546e-005	9.948371e-012	2.049351e-013
9.000000e-001	4.741672e-002	3.823275e-002	2.002845e-004	1.000000e+000	4.323612e-005	1.446098e-006	0.000000e+000	0.000000e+000	-2.271473e-006	4.241074e-005	5.588365e-011	1.106638e-012
1.000000e+000	4.741852e-002	3.823360e-002	2.002901e-004	1.000000e+000	4.325051e-005	1.449245e-006	0.000000e+000	0.000000e+000	-2.271689e-006	4.242807e-005	2.159791e-010	4.126410e-012
1.100000e+000	4.742386e-002	3.823636e-002	2.003077e-004	1.000000e+000	4.328707e-005	1.456027e-006	0.000000e+000	0.000000e+000	-2.272277e-006	4.247082e-005	6.280443e-010	1.161792e-011
1.200000e+000	4.743646e-002	3.824337e-002	2.003513e-004	1.000000e+000	4.336108e-005	1.467588e-006	0.000000e+000	0.000000e+000	-2.273554e-006	4.255512e-005	1.463282e-009	2.629508e-011
1.300000e+000	4.746127e-002	3.825813e-002	2.004404e-004	1.000000e+000	4.348601e-005	1.483820e-006	0.000000e+000	0.000000e+000	-2.275867e-006	4.269396e-005	2.858393e-009	5.004658e-011
1.400000e+000	4.750349e-002	3.828472e-002	2.005971e-004	1.000000e+000	4.366765e-005	1.503074e-006	0.000000e+000	0.000000e+000	-2.279488e-006	4.289124e-005	4.840825e-009	8.280107e-011
1.500000e+000	4.756723e-002	3.832691e-002	2.008405e-004	1.000000e+000	4.390057e-005	1.522589e-006	0.000000e+000	0.000000e+000	-2.284516e-006	4.313864e-005	7.289471e-009	1.220962e-010
1.600000e+000	4.765434e-002	3.838713e-002	2.011811e-004	1.000000e+000	4.416845e-005	1.539393e-006	0.000000e+000	0.000000e+000	-2.290836e-006	4.341700e-005	9.951665e-009	1.635671e-010
1.700000e+000	4.776380e-002	3.846579e-002	2.016180e-004	1.000000e+000	4.444800e-005	1.551184e-006	0.000000e+000	0.000000e+000	-2.298140e-006	4.370105e-005	1.250630e-008	2.020781e-010
1.800000e+000	4.789185e-002	3.856100e-002	2.021385e-004	1.000000e+000	4.471453e-005	1.556861e-006	0.000000e+000	0.000000e+000	-2.305997e-006	4.396539e-005	1.464376e-008	2.329887e-010
1.900000e+000	4.803273e-002	3.866899e-002	2.027203e-004	1.000000e+000	4.494696e-005	1.556584e-006	0.000000e+000	0.000000e+000	-2.313947e-006	4.418960e-005	1.613270e-008	2.531051e-010
2.000000e+000	4.817967e-002	3.878475e-002	2.033357e-004	1.000000e+000	4.513122e-005	1.551480e-006	0.000000e+000	0.000000e+000	-2.321569e-006	4.436113e-005	1.685609e-008	2.611022e-010
2.100000e+000	4.832595e-002	3.890286e-002	2.039560e-004	1.000000e+000	4.526127e-005	1.543185e-006	0.000000e+000	0.000000e+000	-2.328542e-006	4.447591e-005	1.681374e-008	2.574328e-010
2.200000e+000	4.846572e-002	3.901824e-002	2.045553e-004	1.000000e+000	4.533831e-005	1.533396e-006	0.000000e+000	0.000000e+000	-2.334662e-006	4.453705e-005	1.609974e-008	2.438919e-010
2.300000e+000	4.859452e-002	3.912673e-002	2.051131e-004	1.000000e+000	4.536889e-005	1.523554e-006	0.000000e+000	0.000000e+000	-2.339838e-006	4.455260e-005	1.486736e-008	2.230374e-010
2.400000e+000	4.870942e-002	3.922530e-002	2.056152e-004	1.000000e+000	4.536256e-005	1.514686e-006	0.000000e+000	0.000000e+000	-2.344072e-006	4.453318e-005	1.329292e-008	1.976402e-010
2.500000e+000	4.880901e-002	3.931217e-002	2.060539e-004	1.000000e+000	4.532987e-005	1.507373e-006	0.000000e+000	0.000000e+000	-2.347435e-006	4.448981e-005	1.154631e-008	1.702626e-010
2.600000e+000	4.889312e-002	3.938666e-002	2.064272e-004	1.000000e+000	4.528075e-005	1.501820e-006	0.000000e+000	0.000000e+000	-2.350033e-006	4.443254e-005	9.771577e-009	1.430016e-010
2.700000e+000	4.896250e-002	3.944897e-002	2.067371e-004	1.000000e+000	4.522358e-005	1.497955e-006	0.000000e+000	0.000000e+000	-2.351990e-006	4.436954e-005	8.077557e-009	1.173838e-010
2.800000e+000	4.901853e-002	3.949995e-002	2.069890e-004	1.000000e+000	4.516476e-005	1.495543e-006	0.000000e+000	0.000000e+000	-2.353432e-006	4.430687e-005	6.536493e-009	9.437414e-011
2.900000e+000	4.906292e-002	3.954081e-002	2.071896e-004	1.000000e+000	4.510874e-005	1.494276e-006	0.000000e+000	0.000000e+000	-2.354470e-006	4.424854e-005	5.187966e-009	7.445462e-011
3.000000e+000	4.909746e-002	3.957296e-002	2.073465e-004	1.000000e+000	4.505821e-005	1.493842e-006	0.000000e+000	0.000000e+000	-2.355204e-006	4.419685e-005	4.045529e-009	5.773561e-011
3.100000e+000	4.912392e-002	3.959784e-002	2.074673e-004	1.000000e+000	4.501450e-005	1.493960e-006	0.000000e+000	0.000000e+000	-2.355712e-006	4.415275e-005	3.104082e-009	4.407032e-011
3.200000e+000	4.914389e-002	3.961679e-002	2.075588e-004	1.000000e+000	4.497794e-005	1.494407e-006	0.000000e+000	0.000000e+000	-2.356058e-006	4.411629e-005	2.346668e-009	3.315622e-011
3.300000e+000	4.915876e-002	3.963102e-002	2.076273e-004	1.000000e+000	4.494820e-005	1.495015e-006	0.000000e+000	0.000000e+000	-2.356289e-006	4.408693e-005	1.750044e-009	2.461530e-011
3.400000e+000	4.916970e-002	3.964157e-002	2.076778e-004	1.000000e+000	4.492459e-005	1.495669e-006	0.000000e+000	0.000000e+000	-2.356441e-006	4.406381e-005	1.288812e-009	1.805172e-011
3.500000e+000	4.917764e-002	3.964930e-002	2.077146e-004	1.000000e+000	4.490621e-005	1.496297e-006	0.000000e+000	0.000000e+000	-2.356539e-006	4.404597e-005	9.381881e-010	1.308915e-011
3.600000e+000	4.918336e-002	3.965489e-002	2.077412e-004	1.000000e+000	4.489217e-005	1.496858e-006	0.000000e+000	0.000000e+000	-2.356601e-006	4.403243e-005	6.756563e-010	9.391816e-012
3.700000e+000	4.918743e-002	3.965890e-002	2.077602e-004	1.000000e+000	4.488162e-005	1.497336e-006	0.000000e+000	0.000000e+000	-2.356640e-006	4.402231e-005	4.817665e-010	6.673652e-012
3.800000e+000	4.919030e-002	3.966175e-002	2.077736e-004	1.000000e+000	4.487380e-005	1.497729e-006	0.000000e+000	0.000000e+000	-2.356663e-006	4.401486e-005	3.403532e-010	4.699514e-012
3.900000e+000	4.919231e-002	3.966375e-002	2.077830e-004	1.000000e+000	4.486808e-005	1.498042e-006	0.000000e+000	0.000000e+000	-2.356677e-006	4.400944e-005	2.383882e-010	3.281632e-012
4.000000e+000	4.919370e-002	3.966515e-002	2.077896e-004	1.000000e+000	4.486394e-005	1.498285e-006	0.000000e+000	0.000000e+000	-2.356686e-006	4.400554e-005	1.656363e-010	2.273643e-012
4.100000e+000	4.919466e-002	3.966612e-002	2.077941e-004	1.000000e+000	4.486099e-005	1.498470e-006	0.000000e+000	0.000000e+000	-2.356690e-006	4.400277e-005	1.142285e-010	1.563781e-012
4.200000e+000	4.919532e-002	3.966678e-002	2.077972e-004	1.000000e+000	4.485889e-005	1.498609e-006	0.000000e+000	0.000000e+000	-2.356692e-006	4.400081e-005	7.822649e-011	1.068213e-012
4.300000e+000	4.919576e-002	3.966724e-002	2.077993e-004	1.000000e+000	4.485743e-005	1.498711e-006	0.000000e+000	0.000000e+000	-2.356694e-006	4.399945e-005	5.322160e-011	7.250333e-013
4.400000e+000	4.919607e-002	3.966755e-002	2.078008e-004	1.000000e+000	4.485641e-005	1.498786e-006	0.000000e+000	0.000000e+000	-2.356694e-006	4.399850e-005	3.598779e-011	4.891585e-013
4.500000e+000	4.919627e-002	3.966775e-002	2.078017e-004	1.000000e+000	4.485570e-005	1.498839e-006	0.000000e+000	0.000000e+000	-2.356694e-006	4.399785e-005	2.419469e-011	3.281657e-013
4.600000e+000	4.919640e-002	3.966789e-002	2.078024e-004	1.000000e+000	4.485522e-005	1.498877e-006	0.000000e+000	0.000000e+000	-2.356694e-006	4.399740e-005	1.617832e-011	2.189960e-013
4.700000e+000	4.919649e-002	3.966799e-002	2.078028e-004	1.000000e+000	4.485489e-005	1.498904e-006	0.000000e+000	0.000000e+000	-2.356694e-006	4.399710e-005	1.076305e-011	1.454169e-013
4.800000e+000	4.919655e-002	3.966805e-002	2.078031e-004	1.000000e+000	4.485467e-005	1.498922e-006	0.000000e+000	0.000000e+000	-2.356694e-006	4.399690e-005	7.126146e-012	9.610698e-014
4.900000e+000	4.919659e-002	3.966809e-002	2.078033e-004	1.000000e+000	4.485452e-005	1.498935e-006	0.000000e+000	0.000000e+000	-2.356694e-006	4.399676e-005	4.696895e-012	6.323724e-014
5.000000e+000	4.919662e-002	3.966812e-002	2.078034e-004	1.000000e+000	4.485442e-005	1.498944e-006	0.000000e+000	0.000000e+000	-2.356694e-006	4.399667e-005	3.082582e-012	4.143592e-014
5.100000e+000	4.919664e-002	3.966813e-002	2.078035e-004	1.000000e+000	4.485435e-005	1.498950e-006	0.000000e+000	0.000000e+000	-2.356694e-006	4.399661e-005	2.014966e-012	2.704367e-014
5.200000e+000	4.919665e-002	3.966814e-002	2.078035e-004	1.000000e+000	4.485431e-005	1.498954e-006	0.000000e+000	0.000000e+000	-2.356694e-006	4.399657e-005	1.310657e-012	1.755032e-014
5.300000e+000	4.919665e-002	3.966815e-002	2.078036e-004	1.000000e+000	4.485427e-005	1.498952e-006	0.000000e+000	0.000000e+000	-2.356694e-006	4.399653e-005	7.617216e-013	9.364696e-015
5.400000e+000	4.919664e-002	3.966815e-002	2.078035e-004	1.000000e+000	4.485407e-005	1.498891e-006	0.000000e+000	0.000000e+000	-2.356692e-006	4.399627e-005	-1.273110e-012	-3.198954e-014
5.500000e+000	4.919651e-002	3.966811e-002	2.078032e-004	1.000000e+000	4.485256e-005	1.498441e-006	0.000000e+000	0.000000e+000	-2.356673e-006	4.399433e-005	-1.704107e-011	-3.539262e-013
5.600000e+000	4.919573e-002	3.966777e-002	2.078009e-004	1.000000e+000	4.484523e-005	1.496584e-006	0.000000e+000	0.000000e+000	-2.356571e-006	4.398524e-005	-9.659842e-011	-1.911306e-012
5.700000e+000	4.919268e-002	3.966632e-002	2.077913e-004	1.000000e+000	4.482112e-005	1.491394e-006	0.000000e+000	0.000000e+000	-2.356208e-006	4.395631e-005	-3.652339e-010	-6.959412e-012
5.800000e+000	4.918376e-002	3.966171e-002	2.077619e-004	1.000000e+000	4.476027e-005	1.480028e-006	0.000000e+000	0.000000e+000	-2.355230e-006	4.388507e-005	-1.049024e-009	-1.939504e-011
5.900000e+000	4.916217e-002	3.964984e-002	2.076880e-004	1.000000e+000	4.462847e-005	1.457657e-006	0.000000e+000	0.000000e+000	-2.353008e-006	4.373312e-005	-2.521747e-009	-4.564148e-011
6.000000e+000	4.911520e-002	3.962305e-002	2.075240e-004	1.000000e+000	4.436178e-005	1.414446e-006	0.000000e+000	0.000000e+000	-2.348379e-006	4.342785e-005	-5.471733e-009	-9.777351e-011
6.100000e+000	4.901882e-002	3.956691e-002	2.071834e-004	1.000000e+000	4.384000e-005	1.332584e-006	0.000000e+000	0.000000e+000	-2.339137e-006	4.283344e-005	-1.120698e-008	-1.986623e-010
6.200000e+000	4.883015e-002	3.945491e-002	2.065092e-004	1.000000e+000	4.286715e-005	1.188166e-006	0.000000e+000	0.000000e+000	-2.321495e-006	4.173382e-005	-2.187749e-008	-3.847226e-010
6.300000e+000	4.848200e-002	3.924315e-002	2.052462e-004	1.000000e+000	4.119052e-005	9.613728e-007	0.000000e+000	0.000000e+000	-2.290033e-006	3.986186e-005	-4.021132e-008	-6.995519e-010
6.400000e+000	4.788637e-002	3.886932e-002	2.030443e-004	1.000000e+000	3.857798e-005	6.520930e-007	0.000000e+000	0.000000e+000	-2.238676e-006	3.699140e-005	-6.851522e-008	-1.175636e-009
6.500000e+000	4.695133e-002	3.826082e-002	1.995131e-004	1.000000e+000	3.493662e-005	2.920488e-007	0.000000e+000	0.000000e+000	-2.162700e-006	3.306597e-005	-1.071865e-007	-1.810050e-009
6.600000e+000	4.560938e-002	3.735279e-002	1.943307e-004	1.000000e+000	3.041984e-005	-5.576911e-008	0.000000e+000	0.000000e+000	-2.061105e-006	2.830297e-005	-1.534560e-007	-2.546852e-009
6.700000e+000	4.384778e-002	3.611185e-002	1.873724e-004	1.000000e+000	2.546002e-005	-3.140420e-007	0.000000e+000	0.000000e+000	-1.938236e-006	2.320774e-005	-2.011780e-007	-3.278688e-009
6.800000e+000	4.172720e-002	3.455603e-002	1.788071e-004	1.000000e+000	2.068605e-005	-4.202024e-007	0.000000e+000	0.000000e+000	-1.803626e-006	1.846222e-005	-2.421355e-007	-3.873008e-009
6.900000e+000	3.937690e-002	3.276064e-002	1.691063e-004	1.000000e+000	1.673470e-005	-3.556514e-007	0.000000e+000	0.000000e+000	-1.669660e-006	1.470939e-005	-2.686470e-007	-4.216713e-009
7.000000e+000	3.696364e-002	3.084421e-002	1.589418e-004	1.000000e+000	1.402678e-005	-1.588597e-007	0.000000e+000	0.000000e+000	-1.547748e-006	1.232017e-005	-2.764705e-007	-4.260693e-009
7.100000e+000	3.464482e-002	2.893720e-002	1.490023e-004	1.000000e+000	1.261641e-005	8.815924e-008	0.000000e+000	0.000000e+000	-1.444665e-006	1.125990e-005	-2.665530e-007	-4.040823e-009
7.200000e+000	3.252544e-002	2.714585e-002	1.398009e-004	1.000000e+000	1.219194e-005	2.941516e-007	0.000000e+000	0.000000e+000	-1.360821e-006	1.112527e-005	-2.446272e-007	-3.662809e-009
7.300000e+000	3.063668e-002	2.552605e-002	1.315568e-004	1.000000e+000	1.222122e-005	3.943463e-007	0.000000e+000	0.000000e+000	-1.291110e-006	1.132445e-005	-2.188731e-007	-3.259397e-009
7.400000e+000	2.894181e-002	2.407682e-002	1.241889e-004	1.000000e+000	1.215962e-005	3.698123e-007	0.000000e+000	0.000000e+000	-1.227637e-006	1.130179e-005	-1.969017e-007	-2.942676e-009
7.500000e+000	2.736285e-002	2.275308e-002	1.174073e-004	1.000000e+000	1.162412e-005	2.448677e-007	0.000000e+000	0.000000e+000	-1.162848e-006	1.070614e-005	-1.834479e-007	-2.772496e-009
7.600000e+000	2.581395e-002	2.148955e-002	1.108502e-004	1.000000e+000	1.047250e-005	6.853009e-008	0.000000e+000	0.000000e+000	-1.091785e-006	9.449246e-006	-1.795599e-007	-2.750282e-009
7.700000e+000	2.422855e-002	2.022498e-002	1.042086e-004	1.000000e+000	8.783896e-006	-1.072432e-007	0.000000e+000	0.000000e+000	-1.012887e-006	7.663766e-006	-1.832209e-007	-2.833836e-009
7.800000e+000	2.257464e-002	1.891923e-002	9.730489e-005	1.000000e+000	6.790243e-006	-2.396511e-007	0.000000e+000	0.000000e+000	-9.276909e-007	5.622901e-006	-1.906214e-007	-2.958565e-009
7.900000e+000	2.086078e-002	1.756195e-002	9.012688e-005	1.000000e+000	4.818475e-006	-2.946717e-007	0.000000e+000	0.000000e+000	-8.403099e-007	3.683493e-006	-1.971704e-007	-3.051411e-009
8.000000e+000	1.913806e-002	1.617602e-002	8.284067e-005	1.000000e+000	3.257447e-006	-2.443442e-007	0.000000e+000	0.000000e+000	-7.571140e-007	2.255989e-006	-1.980037e-007	-3.036895e-009
8.100000e+000	1.749855e-002	1.481806e-002	7.578838e-005	1.000000e+000	2.521301e-006	-6.898718e-008	0.000000e+000	0.000000e+000	-6.862944e-007	1.766019e-006	-1.884319e-007	-2.844157e-009
8.200000e+000	1.607332e-002	1.357640e-002	6.947615e-005	1.000000e+000	3.073653e-006	2.671767e-007	0.000000e+000	0.000000e+000	-6.378483e-007	2.702981e-006	-1.638439e-007	-2.401166e-009
8.300000e+000	1.507298e-002	1.258377e-002	6.467277e-005	1.000000e+000	5.925452e-006	9.641076e-007	0.000000e+000	0.000000e+000	-6.298176e-007	6.259742e-006	-1.143777e-007	-1.524675e-009
8.400000e+000	1.498758e-002	1.210936e-002	6.303024e-005	1.000000e+000	1.421953e-005	2.691449e-006	0.000000e+000	0.000000e+000	-7.126854e-007	1.619829e-005	-6.541220e-009	4.190552e-010
8.500000e+000	1.704508e-002	1.282221e-002	6.871808e-005	1.000000e+000	3.557571e-005	6.786401e-006	0.000000e+000	0.000000e+000	-1.014119e-006	4.134800e-005	2.450382e-007	4.972667e-009
8.600000e+000	2.379940e-002	1.621743e-002	9.083917e-005	1.000000e+000	8.320438e-005	1.493725e-005	0.000000e+000	0.000000e+000	-1.777431e-006	9.636420e-005	7.903750e-007	1.469089e-008
8.700000e+000	3.944640e-002	2.498843e-002	1.452066e-004	1.000000e+000	1.736532e-004	2.833222e-005	0.000000e+000	0.000000e+000	-3.351520e-006	1.986338e-004	1.812884e-006	3.247008e-008
8.800000e+000	6.946905e-002	4.301890e-002	2.536915e-004	1.000000e+000	3.212444e-004	4.678832e-005	0.000000e+000	0.000000e+000	-6.114250e-006	3.619185e-004	3.455439e-006	6.026402e-008
8.900000e+000	1.195539e-001	7.480955e-002	4.404428e-004	1.000000e+000	5.317923e-004	6.845843e-005	0.000000e+000	0.000000e+000	-1.035613e-005	5.898946e-004	5.740489e-006	9.787665e-008
9.000000e+000	1.941361e-001	1.244601e-001	7.260360e-004	1.000000e+000	7.988194e-004	9.030790e-005	0.000000e+000	0.000000e+000	-1.617738e-005	8.729499e-004	8.528856e-006	1.425160e-007
9.100000e+000	2.951262e-001	1.945706e-001	1.121741e-003	1.000000e+000	1.104003e-003	1.090726e-004	0.000000e+000	0.000000e+000	-2.344227e-005	1.189633e-003	1.153872e-005	1.893284e-007
9.200000e+000	4.212612e-001	2.854627e-001	1.625978e-003	1.000000e+000	1.421376e-003	1.222121e-004	0.000000e+000	0.000000e+000	-3.180305e-005	1.511785e-003	1.441387e-005	2.326210e-007
9.300000e+000	5.682386e-001	3.949610e-001	2.223976e-003	1.000000e+000	1.723324e-003	1.284848e-004	0.000000e+000	0.000000e+000	-4.077616e-005	1.811033e-003	1.681023e-005	2.672328e-007
9.400000e+000	7.294969e-001	5.187485e-001	2.890385e-003	1.000000e+000	1.986174e-003	1.280316e-004	0.000000e+000	0.000000e+000	-4.983852e-005	2.064367e-003	1.846891e-005	2.895790e-007
9.500000e+000	8.973445e-001	6.511248e-001	3.593722e-003	1.000000e+000	2.193883e-003	1.220697e-004	0.000000e+000	0.000000e+000	-5.851416e-005	2.257439e-003	1.925658e-005	2.981323e-007
9.600000e+000	1.064111e+000	7.859182e-001	4.301289e-003	1.000000e+000	2.339336e-003	1.124018e-004	0.000000e+000	0.000000e+000	-6.643287e-005	2.385305e-003	1.916979e-005	2.933479e-007
9.700000e+000	1.223079e+000	9.173245e-001	4.983405e-003	1.000000e+000	2.423581e-003	1.009318e-004	0.000000e+000	0.000000e+000	-7.335590e-005	2.451157e-003	1.831155e-005	2.772043e-007
9.800000e+000	1.369069e+000	1.040523e+000	5.616298e-003	1.000000e+000	2.453789e-003	8.930539e-005	0.000000e+000	0.000000e+000	-7.917345e-005	2.463921e-003	1.685335e-005	2.525738e-007
9.900000e+000	1.498671e+000	1.152011e+000	6.183491e-003	1.000000e+000	2.440735e-003	7.871915e-005	0.000000e+000	0.000000e+000	-8.388344e-005	2.435570e-003	1.499517e-005	2.226084e-007
1.000000e+001	1.610188e+000	1.249688e+000	6.675862e-003	1.000000e+000	2.396473e-003	6.988184e-005	0.000000e+000	0.000000e+000	-8.756194e-005	2.378793e-003	1.293218e-005	1.902628e-007
1.010000e+001	1.703381e+000	1.332728e+000	7.090783e-003	1.000000e+000	2.332560e-003	6.307557e-005	0.000000e+000	0.000000e+000	-9.033300e-005	2.305302e-003	1.083242e-005	1.579946e-007
1.020000e+001	1.779125e+000	1.401351e+000	7.430745e-003	1.000000e+000	2.258913e-003	5.826137e-005	0.000000e+000	0.000000e+000	-9.234276e-005	2.224831e-003	8.825147e-006	1.276286e-007
1.030000e+001	1.839039e+000	1.456532e+000	7.701811e-003	1.000000e+000	2.183251e-003	5.519288e-005	0.000000e+000	0.000000e+000	-9.373948e-005	2.144704e-003	6.997996e-006	1.003445e-007
1.040000e+001	1.885154e+000	1.499724e+000	7.912157e-003	1.000000e+000	2.110996e-003	5.352113e-005	0.000000e+000	0.000000e+000	-9.466013e-005	2.069857e-003	5.400224e-006	7.675033e-008
1.050000e+001	1.919639e+000	1.532609e+000	8.070844e-003	1.000000e+000	2.045510e-003	5.288061e-005	0.000000e+000	0.000000e+000	-9.522322e-005	2.003167e-003	4.049860e-006	5.700523e-008
1.060000e+001	1.944615e+000	1.556912e+000	8.186918e-003	1.000000e+000	1.988521e-003	5.294828e-005	0.000000e+000	0.000000e+000	-9.552669e-005	1.945943e-003	2.942524e-006	4.096001e-008
1.070000e+001	1.962029e+000	1.574272e+000	8.268833e-003	1.000000e+000	1.940607e-003	5.347091e-005	0.000000e+000	0.000000e+000	-9.564919e-005	1.898429e-003	2.059936e-006	2.828499e-008
1.080000e+001	1.973605e+000	1.586176e+000	8.324139e-003	1.000000e+000	1.901601e-003	5.426397e-005	0.000000e+000	0.000000e+000	-9.565274e-005	1.860212e-003	1.376658e-006	1.856548e-008
1.090000e+001	1.980817e+000	1.593918e+000	8.359356e-003	1.000000e+000	1.870872e-003	5.519136e-005	0.000000e+000	0.000000e+000	-9.558515e-005	1.830478e-003	8.643879e-007	1.135778e-008
1.100000e+001	1.984886e+000	1.598592e+000	8.379936e-003	1.000000e+000	1.847472e-003	5.614108e-005	0.000000e+000	0.000000e+000	-9.548139e-005	1.808132e-003	4.940019e-007	6.212233e-009
1.110000e+001	1.986780e+000	1.601088e+000	8.390264e-003	1.000000e+000	1.830215e-003	5.701656e-005	0.000000e+000	0.000000e+000	-9.536446e-005	1.791867e-003	2.364710e-007	2.684173e-009
1.120000e+001	1.987228e+000	1.602097e+000	8.393690e-003	1.000000e+000	1.817811e-003	5.775326e-005	0.000000e+000	0.000000e+000	-9.524708e-005	1.780317e-003	6.427445e-008	3.588920e-010
1.130000e+001	1.986755e+000	1.602130e+000	8.392657e-003	1.000000e+000	1.809082e-003	5.834188e-005	0.000000e+000	0.000000e+000	-9.513543e-005	1.772288e-003	-4.606997e-008	-1.105543e-009
1.140000e+001	1.985737e+000	1.601556e+000	8.388913e-003	1.000000e+000	1.803164e-003	5.882572e-005	0.000000e+000	0.000000e+000	-9.503375e-005	1.766956e-003	-1.117048e-007	-1.945848e-009
1.150000e+001	1.984462e+000	1.600647e+000	8.383763e-003	1.000000e+000	1.799544e-003	5.926434e-005	0.000000e+000	0.000000e+000	-9.494716e-005	1.763861e-003	-1.433487e-007	-2.302317e-009
1.160000e+001	1.983163e+000	1.599616e+000	8.378248e-003	1.000000e+000	1.797922e-003	5.969219e-005	0.000000e+000	0.000000e+000	-9.488139e-005	1.762733e-003	-1.477052e-007	-2.264713e-009
1.170000e+001	1.982024e+000	1.598633e+000	8.373210e-003	1.000000e+000	1.798023e-003	6.010525e-005	0.000000e+000	0.000000e+000	-9.484073e-005	1.763287e-003	-1.304803e-007	-1.918837e-009
1.180000e+001	1.981177e+000	1.597827e+000	8.369266e-003	1.000000e+000	1.799497e-003	6.047888e-005	0.000000e+000	0.000000e+000	-9.482642e-005	1.765150e-003	-9.791955e-008	-1.363020e-009
1.190000e+001	1.980697e+000	1.597284e+000	8.366799e-003	1.000000e+000	1.801959e-003	6.079502e-005	0.000000e+000	0.000000e+000	-9.483693e-005	1.767917e-003	-5.639655e-008	-6.945721e-010
1.200000e+001	1.980615e+000	1.597047e+000	8.365984e-003	1.000000e+000	1.805071e-003	6.105648e-005	0.000000e+000	0.000000e+000	-9.486948e-005	1.771258e-003	-1.111309e-008	1.242879e-011
1.210000e+001	1.980932e+000	1.597130e+000	8.366857e-003	1.000000e+000	1.808618e-003	6.128267e-005	0.000000e+000	0.000000e+000	-9.492165e-005	1.774979e-003	3.476786e-008	7.178279e-010
1.220000e+001	1.981640e+000	1.597532e+000	8.369395e-003	1.000000e+000	1.812494e-003	6.149422e-005	0.000000e+000	0.000000e+000	-9.499202e-005	1.778996e-003	7.994134e-008	1.408321e-009
1.230000e+001	1.982730e+000	1.598245e+000	8.373555e-003	1.000000e+000	1.816634e-003	6.169544e-005	0.000000e+000	0.000000e+000	-9.507962e-005	1.783250e-003	1.238506e-007	2.077012e-009
1.240000e+001	1.984177e+000	1.599257e+000	8.379261e-003	1.000000e+000	1.820899e-003	6.186185e-005	0.000000e+000	0.000000e+000	-9.518224e-005	1.787578e-003	1.651062e-007	2.697784e-009
1.250000e+001	1.985931e+000	1.600539e+000	8.386331e-003	1.000000e+000	1.824968e-003	6.194149e-005	0.000000e+000	0.000000e+000	-9.529450e-005	1.791615e-003	2.001729e-007	3.207029e-009
1.260000e+001	1.987885e+000	1.602028e+000	8.394387e-003	1.000000e+000	1.828329e-003	6.187466e-005	0.000000e+000	0.000000e+000	-9.540670e-005	1.794796e-003	2.232314e-007	3.506940e-009
1.270000e+001	1.989875e+000	1.603616e+000	8.402803e-003	1.000000e+000	1.830372e-003	6.162424e-005	0.000000e+000	0.000000e+000	-9.550562e-005	1.796490e-003	2.276494e-007	3.494461e-009
1.280000e+001	1.991695e+000	1.605155e+000	8.410746e-003	1.000000e+000	1.830590e-003	6.120040e-005	0.000000e+000	0.000000e+000	-9.557738e-005	1.796213e-003	2.085435e-007	3.104079e-009
1.290000e+001	1.993129e+000	1.606475e+000	8.417308e-003	1.000000e+000	1.828770e-003	6.066655e-005	0.000000e+000	0.000000e+000	-9.561119e-005	1.793826e-003	1.652422e-007	2.344078e-009
1.300000e+001	1.994008e+000	1.607420e+000	8.421701e-003	1.000000e+000	1.825106e-003	6.012161e-005	0.000000e+000	0.000000e+000	-9.560259e-005	1.789625e-003	1.024078e-007	1.307429e-009
1.310000e+001	1.994240e+000	1.607882e+000	8.423445e-003	1.000000e+000	1.820156e-003	5.966552e-005	0.000000e+000	0.000000e+000	-9.555460e-005	1.784267e-003	2.911637e-008	1.493669e-010
1.320000e+001	1.993833e+000	1.607828e+000	8.422455e-003	1.000000e+000	1.814681e-003	5.936671e-005	0.000000e+000	0.000000e+000	-9.547635e-005	1.778571e-003	-4.372730e-008	-9.580369e-010
1.330000e+001	1.992880e+000	1.607295e+000	8.419033e-003	1.000000e+000	1.809442e-003	5.924993e-005	0.000000e+000	0.000000e+000	-9.538030e-005	1.773311e-003	-1.062712e-007	-1.869840e-009
1.340000e+001	1.991538e+000	1.606383e+000	8.413773e-003	1.000000e+000	1.805069e-003	5.930833e-005	0.000000e+000	0.000000e+000	-9.527960e-005	1.769098e-003	-1.514266e-007	-2.488861e-009
1.350000e+001	1.989997e+000	1.605229e+000	8.407443e-003	1.000000e+000	1.802039e-003	5.952428e-005	0.000000e+000	0.000000e+000	-9.518682e-005	1.766377e-003	-1.749458e-007	-2.760687e-009
1.360000e+001	1.988465e+000	1.603993e+000	8.400906e-003	1.000000e+000	1.800697e-003	5.987848e-005	0.000000e+000	0.000000e+000	-9.511359e-005	1.765462e-003	-1.747306e-007	-2.661183e-009
1.370000e+001	1.987151e+000	1.602842e+000	8.395047e-003	1.000000e+000	1.801247e-003	6.034247e-005	0.000000e+000	0.000000e+000	-9.507010e-005	1.766519e-003	-1.505881e-007	-2.195279e-009
1.380000e+001	1.986244e+000	1.601938e+000	8.390696e-003	1.000000e+000	1.803698e-003	6.086912e-005	0.000000e+000	0.000000e+000	-9.506366e-005	1.769503e-003	-1.047020e-007	-1.406619e-009
1.390000e+001	1.985890e+000	1.601418e+000	8.388528e-003	1.000000e+000	1.807824e-003	6.139562e-005	0.000000e+000	0.000000e+000	-9.509727e-005	1.774122e-003	-4.202991e-008	-3.824620e-010
1.400000e+001	1.986172e+000	1.601373e+000	8.388965e-003	1.000000e+000	1.813183e-003	6.185907e-005	0.000000e+000	0.000000e+000	-9.516896e-005	1.779873e-003	3.016457e-008	7.573449e-010
1.410000e+001	1.987097e+000	1.601842e+000	8.392129e-003	1.000000e+000	1.819213e-003	6.221435e-005	0.000000e+000	0.000000e+000	-9.527257e-005	1.786154e-003	1.036954e-007	1.884916e-009
1.420000e+001	1.988610e+000	1.602808e+000	8.397855e-003	1.000000e+000	1.825353e-003	6.244487e-005	0.000000e+000	0.000000e+000	-9.539947e-005	1.792398e-003	1.711892e-007	2.891747e-009
1.430000e+001	1.990610e+000	1.604209e+000	8.405765e-003	1.000000e+000	1.831158e-003	6.256229e-005	0.000000e+000	0.000000e+000	-9.554067e-005	1.798179e-003	2.274805e-007	3.708223e-009
1.440000e+001	1.992976e+000	1.605957e+000	8.415364e-003	1.000000e+000	1.836352e-003	6.259585e-005	0.000000e+000	0.000000e+000	-9.568845e-005	1.803259e-003	2.701711e-007	4.308585e-009
1.450000e+001	1.995589e+000	1.607954e+000	8.426143e-003	1.000000e+000	1.840817e-003	6.257629e-005	0.000000e+000	0.000000e+000	-9.583703e-005	1.807557e-003	2.992050e-007	4.700535e-009
1.460000e+001	1.998340e+000	1.610111e+000	8.437629e-003	1.000000e+000	1.844528e-003	6.252277e-005	0.000000e+000	0.000000e+000	-9.598219e-005	1.811069e-003	3.157674e-007	4.906137e-009
1.470000e+001	2.001134e+000	1.612343e+000	8.449404e-003	1.000000e+000	1.847476e-003	6.243925e-005	0.000000e+000	0.000000e+000	-9.612037e-005	1.813795e-003	3.211581e-007	4.945012e-009
1.480000e+001	2.003879e+000	1.614576e+000	8.461080e-003	1.000000e+000	1.849603e-003	6.230896e-005	0.000000e+000	0.000000e+000	-9.624764e-005	1.815664e-003	3.159238e-007	4.821536e-009
1.490000e+001	2.006462e+000	1.616729e+000	8.472220e-003	1.000000e+000	1.850529e-003	6.202388e-005	0.000000e+000	0.000000e+000	-9.635618e-005	1.816196e-003	2.971067e-007	4.470624e-009
1.500000e+001	2.008621e+000	1.618659e+000	8.481954e-003	1.000000e+000	1.848527e-003	6.115572e-005	0.000000e+000	0.000000e+000	-9.641902e-005	1.813263e-003	2.467760e-007	3.538919e-009
1.510000e+001	2.009603e+000	1.619976e+000	8.487809e-003	1.000000e+000	1.838409e-003	5.866290e-005	0.000000e+000	0.000000e+000	-9.635357e-005	1.800719e-003	1.072425e-007	9.541782e-010
1.520000e+001	2.007594e+000	1.619673e+000	8.483519e-003	1.000000e+000	1.809542e-003	5.292580e-005	0.000000e+000	0.000000e+000	-9.597514e-005	1.766493e-003	-2.427017e-007	-5.409832e-009
1.530000e+001	1.999209e+000	1.615681e+000	8.456697e-003	1.000000e+000	1.746356e-003	4.238401e-005	0.000000e+000	0.000000e+000	-9.497947e-005	1.693760e-003	-9.792811e-007	-1.844655e-008
1.540000e+001	1.979498e+000	1.604667e+000	8.388145e-003	1.000000e+000	1.632594e-003	2.649089e-005	0.000000e+000	0.000000e+000	-9.298915e-005	1.566095e-003	-2.276538e-006	-4.074763e-008
1.550000e+001	1.942718e+000	1.582328e+000	8.254220e-003	1.000000e+000	1.457738e-003	6.338292e-006	0.000000e+000	0.000000e+000	-8.965807e-005	1.374419e-003	-4.222469e-006	-7.324625e-008
1.560000e+001	1.883685e+000	1.544253e+000	8.031977e-003	1.000000e+000	1.222328e-003	-1.548108e-005	0.000000e+000	0.000000e+000	-8.478816e-005	1.122059e-003	-6.754812e-006	-1.143513e-007
1.570000e+001	1.799205e+000	1.487032e+000	7.705274e-003	1.000000e+000	9.394941e-004	-3.568466e-005	0.000000e+000	0.000000e+000	-7.840484e-005	8.254046e-004	-9.652213e-006	-1.600501e-007
1.580000e+001	1.689036e+000	1.409227e+000	7.269501e-003	1.000000e+000	6.322079e-004	-5.132993e-005	0.000000e+000	0.000000e+000	-7.076306e-005	5.101149e-004	-1.258417e-005	-2.048970e-007
1.590000e+001	1.556095e+000	1.311852e+000	6.733361e-003	1.000000e+000	3.277323e-004	-6.059471e-005	0.000000e+000	0.000000e+000	-6.228969e-005	2.048479e-004	-1.519469e-005	-2.434017e-007
1.600000e+001	1.405925e+000	1.198253e+000	6.117428e-003	1.000000e+000	5.158006e-005	-6.306840e-005	0.000000e+000	0.000000e+000	-5.349109e-005	-6.497943e-005	-1.718496e-005	-2.712674e-007
1.610000e+001	1.245669e+000	1.073488e+000	5.450311e-003	1.000000e+000	-1.770944e-004	-5.957915e-005	0.000000e+000	0.000000e+000	-4.485945e-005	-2.815329e-004	-1.836903e-005	-2.861207e-007
1.620000e+001	1.082901e+000	9.434606e-001	4.763796e-003	1.000000e+000	-3.477469e-004	-5.174283e-005	0.000000e+000	0.000000e+000	-3.680175e-005	-4.362915e-004	-1.869216e-005	-2.876455e-007
1.630000e+001	9.245982e-001	8.140301e-001	4.088275e-003	1.000000e+000	-4.583972e-004	-4.144917e-005	0.000000e+000	0.000000e+000	-2.960184e-005	-5.294482e-004	-1.821677e-005	-2.772449e-007
1.640000e+001	7.764191e-001	6.903066e-001	3.449321e-003	1.000000e+000	-5.139603e-004	-3.044230e-005	0.000000e+000	0.000000e+000	-2.341355e-005	-5.678161e-004	-1.708826e-005	-2.574492e-007
1.650000e+001	6.423521e-001	5.762121e-001	2.865773e-003	1.000000e+000	-5.238179e-004	-2.006674e-005	0.000000e+000	0.000000e+000	-1.827646e-005	-5.621611e-004	-1.549450e-005	-2.312789e-007
1.660000e+001	5.246788e-001	4.743158e-001	2.349228e-003	1.000000e+000	-4.993703e-004	-1.117763e-005	0.000000e+000	0.000000e+000	-1.414347e-005	-5.246914e-004	-1.362942e-005	-2.017091e-007
1.670000e+001	4.241681e-001	3.858902e-001	1.904628e-003	1.000000e+000	-4.520394e-004	-4.173207e-006	0.000000e+000	0.000000e+000	-1.091147e-005	-4.671241e-004	-1.166656e-005	-1.713061e-007
1.680000e+001	3.403963e-001	3.111132e-001	1.531482e-003	1.000000e+000	-3.919225e-004	9.046246e-007	0.000000e+000	0.000000e+000	-8.448794e-006	-3.994667e-004	-9.744030e-006	-1.420410e-007
1.690000e+001	2.721069e-001	2.493383e-001	1.225363e-003	1.000000e+000	-3.270883e-004	4.248107e-006	0.000000e+000	0.000000e+000	-6.616626e-006	-3.294568e-004	-7.959350e-006	-1.152485e-007
1.700000e+001	2.175477e-001	1.993749e-001	9.793704e-004	1.000000e+000	-2.633895e-004	6.171433e-006	0.000000e+000	0.000000e+000	-5.283405e-006	-2.625015e-004	-6.371568e-006	-9.168575e-008
1.710000e+001	1.747496e-001	1.597362e-001	7.853767e-004	1.000000e+000	-2.046241e-004	7.024202e-006	0.000000e+000	0.000000e+000	-4.333150e-006	-2.019330e-004	-5.007541e-006	-7.164293e-008
1.720000e+001	1.417345e-001	1.288371e-001	6.349943e-004	1.000000e+000	-1.528873e-004	7.134216e-006	0.000000e+000	0.000000e+000	-3.668959e-006	-1.494221e-004	-3.869923e-006	-5.507097e-008
1.730000e+001	1.166527e-001	1.051352e-001	5.202345e-004	1.000000e+000	-1.089944e-004	6.775479e-006	0.000000e+000	0.000000e+000	-3.213192e-006	-1.054321e-004	-2.945124e-006	-4.170263e-008
1.740000e+001	9.786048e-002	8.721914e-002	4.339019e-004	1.000000e+000	-7.289659e-005	6.154397e-006	0.000000e+000	0.000000e+000	-2.905539e-006	-6.964774e-005	-2.210283e-006	-3.115514e-008
1.750000e+001	8.394910e-002	7.385302e-002	3.697695e-004	1.000000e+000	-4.404655e-005	5.409252e-006	0.000000e+000	0.000000e+000	-2.699940e-006	-4.133724e-005	-1.638833e-006	-2.300965e-008
1.760000e+001	7.374067e-002	6.398788e-002	3.225970e-004	1.000000e+000	-2.167588e-005	4.621242e-006	0.000000e+000	0.000000e+000	-2.561255e-006	-1.961590e-005	-1.204379e-006	-1.686397e-008
1.770000e+001	6.626653e-002	5.675198e-002	2.880551e-004	1.000000e+000	-4.965346e-006	3.833675e-006	0.000000e+000	0.000000e+000	-2.462525e-006	-3.594196e-006	-8.828078e-007	-1.235791e-008
1.780000e+001	6.074080e-002	5.143199e-002	2.626178e-004	1.000000e+000	6.879443e-006	3.070180e-006	0.000000e+000	0.000000e+000	-2.383183e-006	7.566439e-006	-6.529394e-007	-9.177972e-009
1.790000e+001	5.653527e-002	4.745250e-002	2.434533e-004	1.000000e+000	1.460100e-005	2.344713e-006	0.000000e+000	0.000000e+000	-2.307905e-006	1.463781e-005	-4.964591e-007	-7.054173e-009
1.800000e+001	5.315675e-002	4.435680e-002	2.283263e-004	1.000000e+000	1.888261e-005	1.667084e-006	0.000000e+000	0.000000e+000	-2.225728e-006	1.832397e-005	-3.976638e-007	-5.755488e-009
1.810000e+001	5.022860e-002	4.179012e-002	2.155134e-004	1.000000e+000	2.036527e-005	1.049899e-006	0.000000e+000	0.000000e+000	-2.129554e-006	1.928561e-005	-3.429811e-007	-5.081408e-009
1.820000e+001	4.747831e-002	3.948717e-002	2.037444e-004	1.000000e+000	1.968243e-005	5.128566e-007	0.000000e+000	0.000000e+000	-2.016105e-006	1.817918e-005	-3.202869e-007	-4.850967e-009
1.830000e+001	4.472888e-002	3.726361e-002	1.921624e-004	1.000000e+000	1.747341e-005	7.724652e-008	0.000000e+000	0.000000e+000	-1.885823e-006	1.566484e-005	-3.185197e-007	-4.898542e-009
1.840000e+001	4.188729e-002	3.500801e-002	1.802803e-004	1.000000e+000	1.434693e-005	-2.458838e-007	0.000000e+000	0.000000e+000	-1.742059e-006	1.235899e-005	-3.279948e-007	-5.081525e-009
1.850000e+001	3.892620e-002	3.266975e-002	1.679117e-004	1.000000e+000	1.081843e-005	-4.620934e-007	0.000000e+000	0.000000e+000	-1.589637e-006	8.766700e-006	-3.411098e-007	-5.292068e-009
1.860000e+001	3.586231e-002	3.024284e-002	1.550810e-004	1.000000e+000	7.273433e-006	-5.880566e-007	0.000000e+000	0.000000e+000	-1.433527e-006	5.251849e-006	-3.526906e-007	-5.460358e-009
1.870000e+001	3.273847e-002	2.774996e-002	1.419422e-004	1.000000e+000	3.983835e-006	-6.398585e-007	0.000000e+000	0.000000e+000	-1.278326e-006	2.065651e-006	-3.595843e-007	-5.545375e-009
1.880000e+001	2.961346e-002	2.523117e-002	1.287264e-004	1.000000e+000	1.152733e-006	-6.265822e-007	0.000000e+000	0.000000e+000	-1.128418e-006	-6.022673e-007	-3.598424e-007	-5.521348e-009
1.890000e+001	2.655652e-002	2.273761e-002	1.157155e-004	1.000000e+000	-1.061473e-006	-5.548488e-007	0.000000e+000	0.000000e+000	-9.881329e-007	-2.604455e-006	-3.522129e-007	-5.371743e-009
1.900000e+001	2.364050e-002	2.032648e-002	1.032153e-004	1.000000e+000	-2.564800e-006	-4.384705e-007	0.000000e+000	0.000000e+000	-8.612870e-007	-3.864558e-006	-3.362879e-007	-5.094096e-009
1.910000e+001	2.093035e-002	1.805350e-002	9.151296e-005	1.000000e+000	-3.366367e-006	-3.025860e-007	0.000000e+000	0.000000e+000	-7.502734e-007	-4.419227e-006	-3.129589e-007	-4.707639e-009
1.920000e+001	1.847038e-002	1.596309e-002	8.082261e-005	1.000000e+000	-3.591958e-006	-1.778510e-007	0.000000e+000	0.000000e+000	-6.553519e-007	-4.425161e-006	-2.845363e-007	-4.253324e-009
1.930000e+001	1.627621e-002	1.407991e-002	7.124460e-005	1.000000e+000	-3.451103e-006	-8.934899e-008	0.000000e+000	0.000000e+000	-5.746827e-007	-4.115135e-006	-2.542289e-007	-3.783279e-009
1.940000e+001	1.433524e-002	1.240574e-002	6.275719e-005	1.000000e+000	-3.172234e-006	-4.807698e-008	0.000000e+000	0.000000e+000	-5.051024e-007	-3.725414e-006	-2.252114e-007	-3.345245e-009
1.950000e+001	1.261490e-002	1.092289e-002	5.524315e-005	1.000000e+000	-2.938521e-006	-4.947397e-008	0.000000e+000	0.000000e+000	-4.432127e-007	-3.431208e-006	-1.997633e-007	-2.970068e-009
1.960000e+001	1.107461e-002	9.602265e-003	4.853730e-005	1.000000e+000	-2.850583e-006	-7.825863e-008	0.000000e+000	0.000000e+000	-3.862948e-007	-3.315137e-006	-1.788461e-007	-2.667127e-009
1.970000e+001	9.676778e-003	8.412521e-003	4.247499e-005	1.000000e+000	-2.923616e-006	-1.158558e-007	0.000000e+000	0.000000e+000	-3.327663e-007	-3.372238e-006	-1.621881e-007	-2.427603e-009
1.980000e+001	8.393760e-003	7.327330e-003	3.692678e-005	1.000000e+000	-3.110292e-006	-1.467442e-007	0.000000e+000	0.000000e+000	-2.821696e-007	-3.539206e-006	-1.487150e-007	-2.232251e-009
1.990000e+001	7.210057e-003	6.329127e-003	3.181311e-005	1.000000e+000	-3.334070e-006	-1.618176e-007	0.000000e+000	0.000000e+000	-2.348496e-007	-3.730737e-006	-1.370786e-007	-2.059709e-009
2.000000e+001	6.120689e-003	5.409417e-003	2.710150e-005	1.000000e+000	-3.519386e-006	-1.587129e-007	0.000000e+000	0.000000e+000	-1.915274e-007	-3.869626e-006	-1.260883e-007	-1.892620e-009
2.010000e+001	5.127485e-003	4.566709e-003	2.279282e-005	1.000000e+000	-3.611257e-006	-1.401463e-007	0.000000e+000	0.000000e+000	-1.529269e-007	-3.904330e-006	-1.149552e-007	-1.720589e-009
2.020000e+001	4.234978e-003	3.803413e-003	1.890406e-005	1.000000e+000	-3.582904e-006	-1.115255e-007	0.000000e+000	0.000000e+000	-1.195324e-007	-3.813962e-006	-1.033481e-007	-1.540335e-009
2.030000e+001	3.447040e-003	3.122845e-003	1.545304e-005	1.000000e+000	-3.433983e-006	-7.879329e-008	0.000000e+000	0.000000e+000	-9.148727e-008	-3.604263e-006	-9.131926e-008	-1.354086e-009
2.040000e+001	2.764764e-003	2.527012e-003	1.244796e-005	1.000000e+000	-3.183452e-006	-4.697326e-008	0.000000e+000	0.000000e+000	-6.860325e-008	-3.299028e-006	-7.916701e-008	-1.167283e-009
2.050000e+001	2.185627e-003	2.015391e-003	9.882445e-006	1.000000e+000	-2.860838e-006	-1.948968e-008	0.000000e+000	0.000000e+000	-5.043455e-008	-2.930762e-006	-6.729418e-008	-9.864147e-010
2.060000e+001	1.703623e-003	1.584623e-003	7.735043e-006	1.000000e+000	-2.498431e-006	1.905437e-009	0.000000e+000	0.000000e+000	-3.637608e-008	-2.532902e-006	-5.609451e-008	-8.174132e-010
2.070000e+001	1.310025e-003	1.228847e-003	5.971817e-006	1.000000e+000	-2.125685e-006	1.683986e-008	0.000000e+000	0.000000e+000	-2.575720e-008	-2.134602e-006	-4.588116e-008	-6.647232e-010
2.080000e+001	9.943892e-004	9.403989e-004	4.550387e-006	1.000000e+000	-1.766037e-006	2.588321e-008	0.000000e+000	0.000000e+000	-1.791562e-008	-1.758070e-006	-3.685504e-008	-5.309697e-010
2.090000e+001	7.455611e-004	7.106116e-004	3.424226e-006	1.000000e+000	-1.435805e-006	3.011585e-008	0.000000e+000	0.000000e+000	-1.224670e-008	-1.417936e-006	-2.910333e-008	-4.170457e-010
2.100000e+001	5.525163e-004	5.305607e-004	2.546428e-006	1.000000e+000	-1.144509e-006	3.078537e-008	0.000000e+000	0.000000e+000	-8.229942e-009	-1.121953e-006	-2.261660e-008	-3.224396e-010
2.110000e+001	4.049717e-004	3.916517e-004	1.872571e-006	1.000000e+000	-8.960198e-007	2.907616e-008	0.000000e+000	0.000000e+000	-5.437722e-009	-8.723814e-007	-1.731427e-008	-2.456527e-010
2.120000e+001	2.937631e-004	2.860245e-004	1.362575e-006	1.000000e+000	-6.900138e-007	2.598320e-008	0.000000e+000	0.000000e+000	-3.532056e-009	-6.675626e-007	-1.307109e-008	-1.846040e-010
2.130000e+001	2.110220e-004	2.067818e-004	9.816681e-007	1.000000e+000	-5.234017e-007	2.226559e-008	0.000000e+000	0.000000e+000	-2.254460e-009	-5.033906e-007	-9.740152e-009	-1.369684e-010
2.140000e+001	1.501994e-004	1.480758e-004	7.006588e-007	1.000000e+000	-3.915456e-007	1.845202e-008	0.000000e+000	0.000000e+000	-1.412863e-009	-3.745064e-007	-7.170610e-009	-1.004256e-010
2.150000e+001	1.059880e-004	1.050904e-004	4.957105e-007	1.000000e+000	-2.891854e-007	1.487452e-008	0.000000e+000	0.000000e+000	-8.681519e-010	-2.751790e-007	-5.219703e-009	-7.282346e-011
2.160000e+001	7.418538e-005	7.395712e-005	3.478224e-007	1.000000e+000	-2.110792e-007	1.171277e-008	0.000000e+000	0.000000e+000	-5.218833e-010	-1.998883e-007	-3.759853e-009	-5.226745e-011
2.170000e+001	5.153038e-005	5.163599e-005	2.421638e-007	1.000000e+000	-1.523966e-007	9.038151e-009	0.000000e+000	0.000000e+000	-3.058701e-010	-1.436643e-007	-2.681894e-009	-3.715600e-011
2.180000e+001	3.553768e-005	3.578363e-005	1.673724e-007	1.000000e+000	-1.089215e-007	6.851558e-009	0.000000e+000	0.000000e+000	-1.738214e-010	-1.022438e-007	-1.895589e-009	-2.617849e-011
2.190000e+001	2.434330e-005	2.462446e-005	1.148866e-007	1.000000e+000	-7.712147e-008	5.112859e-009	0.000000e+000	0.000000e+000	-9.490733e-011	-7.210352e-008	-1.328440e-009	-1.829095e-011
2.200000e+001	1.656940e-005	1.683364e-005	7.835040e-008	1.000000e+000	-5.413096e-008	3.762037e-009	0.000000e+000	0.000000e+000	-4.897465e-011	-5.041789e-008	-9.235864e-010	-1.268063e-011
2.210000e+001	1.121066e-005	1.143629e-005	5.310834e-008	1.000000e+000	-3.768637e-008	2.733192e-009	0.000000e+000	0.000000e+000	-2.309106e-011	-3.497627e-008	-6.373443e-010	-8.727246e-012
2.220000e+001	7.542274e-006	7.724025e-006	3.579206e-008	1.000000e+000	-2.603920e-008	1.962987e-009	0.000000e+000	0.000000e+000	-9.113215e-012	-2.408532e-008	-4.367546e-010	-5.965489e-012
2.230000e+001	5.047305e-006	5.187984e-006	2.399138e-008	1.000000e+000	-1.786453e-008	1.395102e-009	0.000000e+000	0.000000e+000	-2.013775e-012	-1.647144e-008	-2.973427e-010	-4.051658e-012
2.240000e+001	3.360725e-006	3.466455e-006	1.599931e-008	1.000000e+000	-1.217514e-008	9.820165e-010	0.000000e+000	0.000000e+000	1.244999e-012	-1.119188e-008	-2.011911e-010	-2.735321e-012
2.250000e+001	2.227121e-006	2.304788e-006	1.061814e-008	1.000000e+000	-8.246240e-009	6.851599e-010	0.000000e+000	0.000000e+000	2.454745e-012	-7.558625e-009	-1.353485e-010	-1.836245e-012
2.260000e+001	1.469282e-006	1.525291e-006	7.014747e-009	1.000000e+000	-5.552701e-009	4.741569e-010	0.000000e+000	0.000000e+000	2.642278e-012	-5.075902e-009	-9.056088e-011	-1.226156e-012
2.270000e+001	9.652119e-007	1.004988e-006	4.614240e-009	1.000000e+000	-3.718539e-009	3.256666e-010	0.000000e+000	0.000000e+000	2.375241e-012	-3.390497e-009	-6.028496e-011	-8.146825e-013
2.280000e+001	6.315317e-007	6.594149e-007	3.022829e-009	1.000000e+000	-2.477431e-009	2.221168e-010	0.000000e+000	0.000000e+000	1.952430e-012	-2.253362e-009	-3.993802e-011	-5.387460e-013
2.290000e+001	4.116374e-007	4.309652e-007	1.972632e-009	1.000000e+000	-1.642565e-009	1.505076e-010	0.000000e+000	0.000000e+000	1.519887e-012	-1.490537e-009	-2.633858e-011	-3.546899e-013
2.300000e+001	2.673425e-007	2.806088e-007	1.282585e-009	1.000000e+000	-1.084067e-009	1.013670e-010	0.000000e+000	0.000000e+000	1.140126e-012	-9.815603e-010	-1.729564e-011	-2.325362e-013
2.310000e+001	1.730355e-007	1.820623e-007	8.310280e-010	1.000000e+000	-7.123851e-010	6.788416e-011	0.000000e+000	0.000000e+000	8.323434e-013	-6.436686e-010	-1.131156e-011	-1.518481e-013
2.320000e+001	1.116330e-007	1.177274e-007	5.366760e-010	1.000000e+000	-4.662321e-010	4.522023e-011	0.000000e+000	0.000000e+000	5.950612e-013	-4.204168e-010	-7.369619e-012	-9.878674e-014
2.330000e+001	7.179769e-008	7.588361e-008	3.454998e-010	1.000000e+000	-3.039589e-010	2.997323e-011	0.000000e+000	0.000000e+000	4.183549e-013	-2.735674e-010	-4.784026e-012	-6.403913e-014
2.340000e+001	4.604217e-008	4.876409e-008	2.217637e-010	1.000000e+000	-1.974436e-010	1.977438e-011	0.000000e+000	0.000000e+000	2.900922e-013	-1.773791e-010	-3.094932e-012	-4.137432e-014
2.350000e+001	2.944359e-008	3.124635e-008	1.419396e-010	1.000000e+000	-1.278116e-010	1.298858e-011	0.000000e+000	0.000000e+000	1.988296e-013	-1.146242e-010	-1.995700e-012	-2.664592e-014
2.360000e+001	1.877907e-008	1.996671e-008	9.060399e-011	1.000000e+000	-8.246600e-011	8.496137e-012	0.000000e+000	0.000000e+000	1.349271e-013	-7.383494e-011	-1.282916e-012	-1.710865e-014
2.370000e+001	1.194706e-008	1.272563e-008	5.768694e-011	1.000000e+000	-5.304322e-011	5.535864e-012	0.000000e+000	0.000000e+000	9.077236e-014	-4.741659e-011	-8.222962e-013	-1.095348e-014
2.380000e+001	7.582340e-009	8.090431e-009	3.663930e-011	1.000000e+000	-3.401759e-011	3.593754e-012	0.000000e+000	0.000000e+000	6.060296e-014	-3.036323e-011	-5.255919e-013	-6.993626e-015
2.390000e+001	4.801200e-009	5.131382e-009	2.321700e-011	1.000000e+000	-2.175503e-011	2.324869e-012	0.000000e+000	0.000000e+000	4.018709e-014	-1.938997e-011	-3.350572e-013	-4.453734e-015
2.400000e+001	3.033518e-009	3.247247e-009	1.467916e-011	1.000000e+000	-1.387580e-011	1.499054e-012	0.000000e+000	0.000000e+000	2.648715e-014	-1.235026e-011	-2.130566e-013	-2.829257e-015
2.410000e+001	1.912657e-009	2.050499e-009	9.261392e-012	1.000000e+000	-8.827857e-012	9.635642e-013	0.000000e+000	0.000000e+000	1.736180e-014	-7.846931e-012	-1.351541e-013	-1.793075e-015
2.420000e+001	1.203544e-009	1.292141e-009	5.831407e-012	1.000000e+000	-5.602782e-012	6.175320e-013	0.000000e+000	0.000000e+000	1.132354e-014	-4.973927e-012	-8.554038e-014	-1.133836e-015
2.430000e+001	7.558927e-010	8.126549e-010	3.664643e-012	1.000000e+000	-3.547751e-012	3.946567e-013	0.000000e+000	0.000000e+000	7.351640e-015	-3.145742e-012	-5.402154e-014	-7.154400e-016
2.440000e+001	4.738797e-010	5.101367e-010	2.298733e-012	1.000000e+000	-2.241558e-012	2.515488e-013	0.000000e+000	0.000000e+000	4.752938e-015	-1.985256e-012	-3.404555e-014	-4.505160e-016
2.450000e+001	2.965652e-010	3.196590e-010	1.439391e-012	1.000000e+000	-1.413313e-012	1.599283e-013	0.000000e+000	0.000000e+000	3.060960e-015	-1.250323e-012	-2.141374e-014	-2.831402e-016
2.460000e+001	1.852888e-010	1.999590e-010	8.997788e-013	1.000000e+000	-8.893226e-013	1.014337e-013	0.000000e+000	0.000000e+000	1.964245e-015	-7.859246e-013	-1.344318e-014	-1.776172e-016
2.470000e+001	1.155809e-010	1.248766e-010	5.615533e-013	1.000000e+000	-5.585372e-013	6.418653e-014	0.000000e+000	0.000000e+000	1.256281e-015	-4.930944e-013	-8.424149e-015	-1.112235e-016
2.480000e+001	7.198797e-011	7.786414e-011	3.499243e-013	1.000000e+000	-3.501495e-013	4.052820e-014	0.000000e+000	0.000000e+000	8.009957e-016	-3.088203e-013	-5.269855e-015	-6.952967e-017
2.490000e+001	4.477119e-011	4.847736e-011	2.177275e-013	1.000000e+000	-2.191282e-013	2.553683e-014	0.000000e+000	0.000000e+000	5.092305e-016	-1.930821e-013	-3.291188e-015	-4.339479e-017
2.500000e+001	2.780535e-011	3.013789e-011	1.352806e-013	1.000000e+000	-1.369049e-013	1.605886e-014	0.000000e+000	0.000000e+000	3.228641e-016	-1.205232e-013	-2.052198e-015	-2.704141e-017
2.510000e+001	1.724544e-011	1.871048e-011	8.393944e-014	1.000000e+000	-8.539793e-014	1.007952e-014	0.000000e+000	0.000000e+000	2.041826e-016	-7.511423e-014	-1.277695e-015	-1.682573e-017
2.520000e+001	1.068218e-011	1.160059e-011	5.201504e-014	1.000000e+000	-5.318782e-014	6.315088e-015	0.000000e+000	0.000000e+000	1.288182e-016	-4.674392e-014	-7.943367e-016	-1.045438e-017
2.530000e+001	6.608574e-012	7.183252e-012	3.219193e-014	1.000000e+000	-3.307818e-014	3.949739e-015	0.000000e+000	0.000000e+000	8.108790e-017	-2.904736e-014	-4.931484e-016	-6.486772e-018
2.540000e+001	4.083564e-012	4.442532e-012	1.989950e-014	1.000000e+000	-2.054291e-014	2.466265e-015	0.000000e+000	0.000000e+000	5.093427e-017	-1.802571e-014	-3.057533e-016	-4.019657e-018
2.550000e+001	2.520432e-012	2.744287e-012	1.228669e-014	1.000000e+000	-1.274085e-014	1.537534e-015	0.000000e+000	0.000000e+000	3.192937e-017	-1.117139e-014	-1.893253e-016	-2.487727e-018
2.560000e+001	1.553939e-012	1.693316e-012	7.577831e-015	1.000000e+000	-7.891774e-015	9.570893e-016	0.000000e+000	0.000000e+000	1.997761e-017	-6.914707e-015	-1.170881e-016	-1.537771e-018
2.570000e+001	9.570505e-013	1.043698e-012	4.668647e-015	1.000000e+000	-4.882173e-015	5.949098e-016	0.000000e+000	0.000000e+000	1.247708e-017	-4.274786e-015	-7.232773e-017	-9.494606e-019
2.580000e+001	5.888371e-013	6.426266e-013	2.873367e-015	1.000000e+000	-3.016723e-015	3.692725e-016	0.000000e+000	0.000000e+000	7.779265e-018	-2.639671e-015	-4.462775e-017	-5.855691e-019
2.590000e+001	3.619358e-013	3.952815e-013	1.766697e-015	1.000000e+000	-1.861924e-015	2.289101e-016	0.000000e+000	0.000000e+000	4.842369e-018	-1.628171e-015	-2.750632e-017	-3.607567e-019
2.600000e+001	2.222593e-013	2.429041e-013	1.085225e-015	1.000000e+000	-1.147921e-015	1.417193e-016	0.000000e+000	0.000000e+000	3.009577e-018	-1.003192e-015	-1.693580e-017	-2.220258e-019
2.610000e+001	1.363628e-013	1.491281e-013	6.660094e-016	1.000000e+000	-7.069750e-016	8.763169e-017	0.000000e+000	0.000000e+000	1.867727e-018	-6.174756e-016	-1.041699e-017	-1.365094e-019
2.620000e+001	8.358981e-014	9.147354e-014	4.083740e-016	1.000000e+000	-4.349664e-016	5.412316e-017	0.000000e+000	0.000000e+000	1.157476e-018	-3.796858e-016	-6.401157e-018	-8.385100e-020
2.630000e+001	5.119725e-014	5.606051e-014	2.501884e-016	1.000000e+000	-2.673522e-016	3.338989e-017	0.000000e+000	0.000000e+000	7.163574e-019	-2.332460e-016	-3.929800e-018	-5.145834e-020
2.640000e+001	3.133205e-014	3.432875e-014	1.531514e-016	1.000000e+000	-1.641739e-016	2.057672e-017	0.000000e+000	0.000000e+000	4.427848e-019	-1.431544e-016	-2.410422e-018	-3.155150e-020
2.650000e+001	1.915987e-014	2.100445e-014	9.367685e-017	1.000000e+000	-1.007238e-016	1.266732e-017	0.000000e+000	0.000000e+000	2.733542e-019	-8.778309e-017	-1.477206e-018	-1.932926e-020
2.660000e+001	1.170766e-014	1.284190e-014	5.725501e-017	1.000000e+000	-6.174216e-017	7.790376e-018	0.000000e+000	0.000000e+000	1.685592e-019	-5.378323e-017	-9.045403e-019	-1.183191e-020
2.670000e+001	7.148792e-015	7.845568e-015	3.496844e-017	1.000000e+000	-3.781531e-017	4.786452e-018	0.000000e+000	0.000000e+000	1.038232e-019	-3.292504e-017	-5.534354e-019	-7.236887e-021
2.680000e+001	4.362060e-015	4.789692e-015	2.134184e-017	1.000000e+000	-2.314209e-017	2.938098e-018	0.000000e+000	0.000000e+000	6.388112e-020	-2.014011e-017	-3.383534e-019	-4.423015e-021
2.690000e+001	2.659852e-015	2.922066e-015	1.301641e-017	1.000000e+000	-1.415140e-017	1.801903e-018	0.000000e+000	0.000000e+000	3.926506e-020	-1.231023e-017	-2.067050e-019	-2.701261e-021
2.700000e+001	1.620841e-015	1.781485e-015	7.933488e-018	1.000000e+000	-8.647093e-018	1.104138e-018	0.000000e+000	0.000000e+000	2.411093e-020	-7.518843e-018	-1.261884e-019	-1.648570e-021
2.710000e+001	9.870752e-016	1.085410e-015	4.832378e-018	1.000000e+000	-5.279907e-018	6.760147e-019	0.000000e+000	0.000000e+000	1.479153e-020	-4.589101e-018	-7.698161e-020	-1.005430e-021
2.720000e+001	6.007531e-016	6.608986e-016	2.941649e-018	1.000000e+000	-3.221654e-018	4.135638e-019	0.000000e+000	0.000000e+000	9.066097e-021	-2.799025e-018	-4.693148e-020	-6.127876e-022
2.730000e+001	3.654154e-016	4.021744e-016	1.789629e-018	1.000000e+000	-1.964440e-018	2.528105e-019	0.000000e+000	0.000000e+000	5.552020e-021	-1.706078e-018	-2.859310e-020	-3.732432e-022
2.740000e+001	2.221423e-016	2.445914e-016	1.088143e-018	1.000000e+000	-1.197060e-018	1.544280e-019	0.000000e+000	0.000000e+000	3.397192e-021	-1.039235e-018	-1.740955e-020	-2.271993e-022
2.750000e+001	1.349701e-016	1.486702e-016	6.612535e-019	1.000000e+000	-7.289872e-019	9.426411e-020	0.000000e+000	0.000000e+000	2.077024e-021	-6.326461e-019	-1.059381e-020	-1.382179e-022
2.760000e+001	8.196215e-017	9.031717e-017	4.016218e-019	1.000000e+000	-4.436702e-019	5.749994e-020	0.000000e+000	0.000000e+000	1.268904e-021	-3.849014e-019	-6.442649e-021	-8.403744e-023
2.770000e+001	4.974695e-017	5.483887e-017	2.438044e-019	1.000000e+000	-2.698645e-019	3.505092e-020	0.000000e+000	0.000000e+000	7.746299e-022	-2.340390e-019	-3.915909e-021	-5.106702e-023
2.780000e+001	3.017895e-017	3.328020e-017	1.479271e-019	1.000000e+000	-1.640534e-019	2.135269e-020	0.000000e+000	0.000000e+000	4.725528e-022	-1.422281e-019	-2.378838e-021	-3.101527e-023
2.790000e+001	1.829925e-017	2.018690e-017	8.971055e-020	1.000000e+000	-9.967504e-020	1.299979e-020	0.000000e+000	0.000000e+000	2.880769e-022	-8.638718e-020	-1.444338e-021	-1.882720e-023
2.800000e+001	1.109074e-017	1.223902e-017	5.437951e-020	1.000000e+000	-6.052818e-020	7.909697e-021	0.000000e+000	0.000000e+000	1.755009e-022	-5.244298e-020	-8.765006e-022	-1.142295e-023
2.810000e+001	6.718814e-018	7.416921e-018	3.294804e-020	1.000000e+000	-3.673721e-020	4.809856e-021	0.000000e+000	0.000000e+000	1.068498e-022	-3.182050e-020	-5.316455e-022	-6.927237e-024
2.820000e+001	4.068511e-018	4.492695e-018	1.995413e-020	1.000000e+000	-2.228637e-020	2.923219e-021	0.000000e+000	0.000000e+000	6.501314e-023	-1.929814e-020	-3.223187e-022	-4.198926e-024
2.830000e+001	2.462608e-018	2.720211e-018	1.207956e-020	1.000000e+000	-1.351339e-020	1.775644e-021	0.000000e+000	0.000000e+000	3.953407e-023	-1.169821e-020	-1.953211e-022	-2.544012e-024
2.840000e+001	1.489970e-018	1.646329e-018	7.309539e-021	1.000000e+000	-8.190069e-021	1.078012e-021	0.000000e+000	0.000000e+000	2.402667e-023	-7.088031e-021	-1.183094e-022	-1.540669e-024
2.850000e+001	9.011308e-019	9.959893e-019	4.421354e-021	1.000000e+000	-4.961530e-021	6.541411e-022	0.000000e+000	0.000000e+000	1.459407e-023	-4.292795e-021	-7.163112e-023	-9.326411e-025
2.860000e+001	5.447931e-019	6.023130e-019	2.673328e-021	1.000000e+000	-3.004379e-021	3.967409e-022	0.000000e+000	0.000000e+000	8.859878e-024	-2.598778e-021	-4.335138e-023	-5.643399e-025
2.870000e+001	3.292410e-019	3.641032e-019	1.615795e-021	1.000000e+000	-1.818489e-021	2.405122e-022	0.000000e+000	0.000000e+000	5.375959e-024	-1.572601e-021	-2.622578e-023	-3.413450e-025
2.880000e+001	1.989023e-019	2.200223e-019	9.762521e-022	1.000000e+000	-1.100245e-021	1.457365e-022	0.000000e+000	0.000000e+000	3.260381e-024	-9.512482e-022	-1.585928e-023	-2.063850e-025
2.890000e+001	1.201196e-019	1.329087e-019	5.896367e-022	1.000000e+000	-6.654208e-022	8.826872e-023	0.000000e+000	0.000000e+000	1.976389e-024	-5.751757e-022	-9.586802e-024	-1.247384e-025
2.900000e+001	7.251712e-020	8.025828e-020	3.560069e-022	1.000000e+000	-4.022878e-022	5.343909e-023	0.000000e+000	0.000000e+000	1.197498e-024	-3.476512e-022	-5.793006e-024	-7.536401e-026
2.910000e+001	4.376476e-020	4.844847e-020	2.148761e-022	1.000000e+000	-2.431174e-022	3.233931e-023	0.000000e+000	0.000000e+000	7.252415e-025	-2.100528e-022	-3.499283e-024	-4.551714e-026
2.920000e+001	2.640402e-020	2.923672e-020	1.296516e-022	1.000000e+000	-1.468719e-022	1.956264e-023	0.000000e+000	0.000000e+000	4.390378e-025	-1.268702e-022	-2.113021e-024	-2.748131e-026
2.930000e+001	1.592506e-020	1.763761e-020	7.820454e-023	1.000000e+000	-8.869716e-023	1.182918e-023	0.000000e+000	0.000000e+000	2.656678e-025	-7.660231e-023	-1.275507e-024	-1.658654e-026
2.940000e+001	9.602004e-021	1.063696e-020	4.715789e-023	1.000000e+000	-5.354682e-023	7.150194e-024	0.000000e+000	0.000000e+000	1.606940e-025	-4.623593e-023	-7.696981e-025	-1.000771e-026
2.950000e+001	5.787833e-021	6.413068e-021	2.842817e-023	1.000000e+000	-3.231580e-023	4.320378e-024	0.000000e+000	0.000000e+000	9.716044e-026	-2.789826e-023	-4.643236e-025	-6.036402e-027
2.960000e+001	3.487764e-021	3.865348e-021	1.713245e-023	1.000000e+000	-1.949655e-023	2.609585e-024	0.000000e+000	0.000000e+000	5.872379e-026	-1.682824e-023	-2.800193e-025	-3.639905e-027
2.970000e+001	2.101159e-021	2.329106e-021	1.032213e-023	1.000000e+000	-1.175889e-023	1.575692e-024	0.000000e+000	0.000000e+000	3.547959e-026	-1.014772e-023	-1.688208e-025	-2.194191e-027
2.980000e+001	1.265479e-021	1.403045e-021	6.217308e-024	1.000000e+000	-7.089971e-024	9.511003e-025	0.000000e+000	0.000000e+000	2.142832e-026	-6.117443e-024	-1.017509e-025	-1.322314e-027
2.990000e+001	7.619704e-022	8.449648e-022	3.743878e-024	1.000000e+000	-4.273622e-024	5.739056e-025	0.000000e+000	0.000000e+000	1.293741e-026	-3.686779e-024	-6.130969e-026	-7.966634e-028
3.000000e+001	4.586824e-022	5.087379e-022	2.253879e-024	1.000000e+000	-2.575283e-024	3.461928e-025	0.000000e+000	0.000000e+000	7.808380e-027	-2.221282e-024	-3.693190e-026	-4.798419e-028
3.010000e+001	2.760449e-022	3.062252e-022	1.356539e-024	1.000000e+000	-1.551438e-024	2.087676e-025	0.000000e+000	0.000000e+000	4.711221e-027	-1.337959e-024	-2.224125e-026	-2.889403e-028
3.020000e+001	1.660903e-022	1.842817e-022	8.162625e-025	1.000000e+000	-9.343900e-025	1.258577e-025	0.000000e+000	0.000000e+000	2.841641e-027	-8.056907e-025	-1.339076e-026	-1.739433e-028
3.030000e+001	9.990984e-023	1.108718e-022	4.910504e-025	1.000000e+000	-5.626125e-025	7.585275e-026	0.000000e+000	0.000000e+000	1.713453e-027	-4.850463e-025	-8.060149e-027	-1.046888e-028
3.040000e+001	6.008621e-023	6.668996e-023	2.953410e-025	1.000000e+000	-3.386735e-025	4.570269e-026	0.000000e+000	0.000000e+000	1.032872e-027	-2.919380e-025	-4.850377e-027	-6.299253e-029
3.050000e+001	3.612821e-023	4.010540e-023	1.775930e-025	1.000000e+000	-2.038201e-025	2.752926e-026	0.000000e+000	0.000000e+000	6.224380e-028	-1.756684e-025	-2.918137e-027	-3.789454e-029
3.060000e+001	2.171831e-023	2.411299e-023	1.067665e-025	1.000000e+000	-1.226336e-025	1.657804e-026	0.000000e+000	0.000000e+000	3.749942e-028	-1.056806e-025	-1.755240e-027	-2.279113e-029
3.070000e+001	1.305317e-023	1.449465e-023	6.417317e-026	1.000000e+000	-7.376862e-026	9.980689e-027	0.000000e+000	0.000000e+000	2.258579e-028	-6.356208e-026	-1.055530e-027	-1.370439e-029
3.080000e+001	7.843655e-024	8.711150e-024	3.856418e-026	1.000000e+000	-4.436458e-026	6.007312e-027	0.000000e+000	0.000000e+000	1.359979e-028	-3.822128e-026	-6.346153e-028	-8.238737e-030
3.090000e+001	4.712337e-024	5.234276e-024	2.317016e-026	1.000000e+000	-2.667512e-026	3.614889e-027	0.000000e+000	0.000000e+000	8.186874e-029	-2.297836e-026	-3.814690e-028	-4.951893e-030
3.100000e+001	2.830555e-024	3.144514e-024	1.391845e-026	1.000000e+000	-1.603556e-026	2.174743e-027	0.000000e+000	0.000000e+000	4.927158e-029	-1.381155e-026	-2.292552e-028	-2.975734e-030
3.110000e+001	1.699913e-024	1.888724e-024	8.359332e-027	1.000000e+000	-9.637678e-027	1.308043e-027	0.000000e+000	0.000000e+000	2.964630e-029	-8.299988e-027	-1.377503e-028	-1.787852e-030
3.120000e+001	1.020713e-024	1.134237e-024	5.019651e-027	1.000000e+000	-5.791265e-027	7.865746e-028	0.000000e+000	0.000000e+000	1.783376e-029	-4.986857e-027	-8.275267e-029	-1.073955e-030
3.130000e+001	6.127799e-025	6.810223e-025	3.013692e-027	1.000000e+000	-3.479283e-027	4.728944e-028	0.000000e+000	0.000000e+000	1.072548e-029	-2.995663e-027	-4.970381e-029	-6.449996e-031
3.140000e+001	3.678167e-025	4.088307e-025	1.809045e-027	1.000000e+000	-2.089891e-027	2.842481e-028	0.000000e+000	0.000000e+000	6.449040e-030	-1.799194e-027	-2.984817e-029	-3.873061e-031
3.150000e+001	2.207427e-025	2.453873e-025	1.085744e-027	1.000000e+000	-1.255097e-027	1.708215e-028	0.000000e+000	0.000000e+000	3.876860e-030	-1.080398e-027	-1.792125e-029	-2.325266e-031
3.160000e+001	1.324559e-025	1.472615e-025	6.515305e-028	1.000000e+000	-7.536205e-028	1.026364e-028	0.000000e+000	0.000000e+000	2.330101e-030	-6.486540e-028	-1.075830e-029	-1.395779e-031
3.170000e+001	7.946717e-026	8.836022e-026	3.909067e-028	1.000000e+000	-4.524309e-028	6.165619e-029	0.000000e+000	0.000000e+000	1.400172e-030	-3.893745e-028	-6.457223e-030	-8.376990e-032
3.180000e+001	4.766919e-026	5.300984e-026	2.345009e-028	1.000000e+000	-2.715676e-028	3.703144e-029	0.000000e+000	0.000000e+000	8.412063e-031	-2.336949e-028	-3.875042e-030	-5.026768e-032
3.190000e+001	2.859059e-026	3.179730e-026	1.406535e-028	1.000000e+000	-1.629789e-028	2.223746e-029	0.000000e+000	0.000000e+000	5.052897e-031	-1.402362e-028	-2.325078e-030	-3.015928e-032
3.200000e+001	1.714531e-026	1.907039e-026	8.435157e-029	1.000000e+000	-9.779464e-029	1.335128e-029	0.000000e+000	0.000000e+000	3.034573e-031	-8.413991e-029	-1.394861e-030	-1.809198e-032
