TIME          	MC CONC       	STS CONC      	HTS CONC      	SED CONC      	ADV dm/dt     	DISP dm/dt    	DECAY dm/dt   	SORPTION dm/dt	STORAGE dm/dt 	MC dm/dt      	STS dm/dt     	HTS dm/dt     
(hr)          	mg/L          	mg/L          	mg/L          	mg/L          	(mg/L)·(m²/s)  	(mg/L)·(m²/s)  	(mg/L)·(m²/s)  	(mg/L)·(m²/s)  	(mg/L)·(m²/s)  	(mg/L)·(m²/s)  	(mg/L)·(m²/s)  	(mg/L)·(m²/s)  
0.000000e+000	4.792725e-002	3.864462e-002	1.950276e-003	0.000000e+000	4.349677e-005	1.448379e-006	0.000000e+000	0.000000e+000	-2.284689e-006	4.266046e-005	-3.489776e-022	0.000000e+000
1.000000e-001	4.792725e-002	3.864462e-002	1.950276e-003	1.000000e+000	4.349677e-005	1.448379e-006	0.000000e+000	0.000000e+000	-2.284689e-006	4.266046e-005	8.026484e-021	8.313628e-022
2.000000e-001	4.792725e-002	3.864462e-002	1.950276e-003	1.000000e+000	4.349677e-005	1.448379e-006	0.000000e+000	0.000000e+000	-2.284689e-006	4.266046e-005	2.058968e-020	2.046432e-021
3.000000e-001	4.792725e-002	3.864462e-002	1.950276e-003	1.000000e+000	4.349677e-005	1.448379e-006	0.000000e+000	0.000000e+000	-2.284689e-006	4.266046e-005	1.709990e-020	2.238285e-021
4.000000e-001	4.792725e-002	3.864462e-002	1.950276e-003	1.000000e+000	4.349677e-005	1.448379e-006	0.000000e+000	0.000000e+000	-2.284689e-006	4.266046e-005	4.528333e-018	1.650575e-019
5.000000e-001	4.792725e-002	3.864462e-002	1.950276e-003	1.000000e+000	4.349677e-005	1.448379e-006	0.000000e+000	0.000000e+000	-2.284689e-006	4.266046e-005	1.092645e-015	4.185989e-017
6.000000e-001	4.792726e-002	3.864462e-002	1.950276e-003	1.000000e+000	4.349678e-005	1.448382e-006	0.000000e+000	0.000000e+000	-2.284690e-006	4.266047e-005	5.682984e-014	2.327236e-015
7.000000e-001	4.792726e-002	3.864462e-002	1.950276e-003	1.000000e+000	4.349688e-005	1.448418e-006	0.000000e+000	0.000000e+000	-2.284691e-006	4.266061e-005	1.069186e-012	4.702078e-014
8.000000e-001	4.792734e-002	3.864465e-002	1.950277e-003	1.000000e+000	4.349774e-005	1.448676e-006	0.000000e+000	0.000000e+000	-2.284702e-006	4.266171e-005	9.953555e-012	4.716360e-013
9.000000e-001	4.792779e-002	3.864484e-002	1.950280e-003	1.000000e+000	4.350199e-005	1.449765e-006	0.000000e+000	0.000000e+000	-2.284760e-006	4.266699e-005	5.592309e-011	2.861062e-012
1.000000e+000	4.792960e-002	3.864569e-002	1.950296e-003	1.000000e+000	4.351640e-005	1.452916e-006	0.000000e+000	0.000000e+000	-2.284976e-006	4.268434e-005	2.161817e-010	1.195590e-011
1.100000e+000	4.793494e-002	3.864845e-002	1.950350e-003	1.000000e+000	4.355301e-005	1.459708e-006	0.000000e+000	0.000000e+000	-2.285564e-006	4.272715e-005	6.288120e-010	3.761332e-011
1.200000e+000	4.794756e-002	3.865547e-002	1.950500e-003	1.000000e+000	4.362714e-005	1.471292e-006	0.000000e+000	0.000000e+000	-2.286843e-006	4.281159e-005	1.465568e-009	9.482360e-011
1.300000e+000	4.797241e-002	3.867026e-002	1.950841e-003	1.000000e+000	4.375235e-005	1.487567e-006	0.000000e+000	0.000000e+000	-2.289160e-006	4.295076e-005	2.864000e-009	2.003902e-010
1.400000e+000	4.801474e-002	3.869690e-002	1.951505e-003	1.000000e+000	4.393450e-005	1.506888e-006	0.000000e+000	0.000000e+000	-2.292787e-006	4.314860e-005	4.852562e-009	3.670219e-010
1.500000e+000	4.807867e-002	3.873921e-002	1.952642e-003	1.000000e+000	4.416823e-005	1.526494e-006	0.000000e+000	0.000000e+000	-2.297827e-006	4.339690e-005	7.311025e-009	5.974450e-010
1.600000e+000	4.816608e-002	3.879963e-002	1.954396e-003	1.000000e+000	4.443728e-005	1.543404e-006	0.000000e+000	0.000000e+000	-2.304163e-006	4.367652e-005	9.987123e-009	8.812942e-010
1.700000e+000	4.827601e-002	3.887859e-002	1.956869e-003	1.000000e+000	4.471835e-005	1.555306e-006	0.000000e+000	0.000000e+000	-2.311490e-006	4.396217e-005	1.255944e-008	1.196107e-009
1.800000e+000	4.840471e-002	3.897424e-002	1.960100e-003	1.000000e+000	4.498666e-005	1.561083e-006	0.000000e+000	0.000000e+000	-2.319378e-006	4.422837e-005	1.471729e-008	1.511858e-009
1.900000e+000	4.854641e-002	3.908283e-002	1.964054e-003	1.000000e+000	4.522105e-005	1.560883e-006	0.000000e+000	0.000000e+000	-2.327363e-006	4.445457e-005	1.622769e-008	1.797218e-009
2.000000e+000	4.869436e-002	3.919932e-002	1.968624e-003	1.000000e+000	4.540730e-005	1.555823e-006	0.000000e+000	0.000000e+000	-2.335024e-006	4.462810e-005	1.697165e-008	2.025456e-009
2.100000e+000	4.884180e-002	3.931830e-002	1.973651e-003	1.000000e+000	4.553921e-005	1.547536e-006	0.000000e+000	0.000000e+000	-2.342039e-006	4.474471e-005	1.694712e-008	2.178524e-009
2.200000e+000	4.898286e-002	3.943467e-002	1.978945e-003	1.000000e+000	4.561789e-005	1.537721e-006	0.000000e+000	0.000000e+000	-2.348202e-006	4.480741e-005	1.624674e-008	2.248707e-009
2.300000e+000	4.911301e-002	3.954421e-002	1.984309e-003	1.000000e+000	4.564977e-005	1.527827e-006	0.000000e+000	0.000000e+000	-2.353419e-006	4.482417e-005	1.502285e-008	2.238065e-009
2.400000e+000	4.922930e-002	3.964389e-002	1.989560e-003	1.000000e+000	4.564438e-005	1.518887e-006	0.000000e+000	0.000000e+000	-2.357692e-006	4.480558e-005	1.345148e-008	2.156341e-009
2.500000e+000	4.933025e-002	3.973186e-002	1.994546e-003	1.000000e+000	4.561226e-005	1.511494e-006	0.000000e+000	0.000000e+000	-2.361088e-006	4.476266e-005	1.170279e-008	2.018165e-009
2.600000e+000	4.941565e-002	3.980743e-002	1.999152e-003	1.000000e+000	4.556336e-005	1.505860e-006	0.000000e+000	0.000000e+000	-2.363716e-006	4.470550e-005	9.921525e-009	1.840254e-009
2.700000e+000	4.948625e-002	3.987075e-002	2.003302e-003	1.000000e+000	4.550611e-005	1.501920e-006	0.000000e+000	0.000000e+000	-2.365699e-006	4.464233e-005	8.217481e-009	1.639082e-009
2.800000e+000	4.954338e-002	3.992266e-002	2.006960e-003	1.000000e+000	4.544699e-005	1.499443e-006	0.000000e+000	0.000000e+000	-2.367161e-006	4.457927e-005	6.663963e-009	1.429240e-009
2.900000e+000	4.958875e-002	3.996437e-002	2.010120e-003	1.000000e+000	4.539049e-005	1.498123e-006	0.000000e+000	0.000000e+000	-2.368217e-006	4.452040e-005	5.301582e-009	1.222511e-009
3.000000e+000	4.962415e-002	3.999726e-002	2.012799e-003	1.000000e+000	4.533939e-005	1.497649e-006	0.000000e+000	0.000000e+000	-2.368964e-006	4.446808e-005	4.144805e-009	1.027555e-009
3.100000e+000	4.965134e-002	4.002279e-002	2.015033e-003	1.000000e+000	4.529507e-005	1.497739e-006	0.000000e+000	0.000000e+000	-2.369483e-006	4.442333e-005	3.189268e-009	8.500399e-010
3.200000e+000	4.967193e-002	4.004228e-002	2.016869e-003	1.000000e+000	4.525789e-005	1.498168e-006	0.000000e+000	0.000000e+000	-2.369836e-006	4.438622e-005	2.418561e-009	6.930400e-010
3.300000e+000	4.968731e-002	4.005698e-002	2.018355e-003	1.000000e+000	4.522755e-005	1.498767e-006	0.000000e+000	0.000000e+000	-2.370073e-006	4.435625e-005	1.809802e-009	5.575741e-010
3.400000e+000	4.969867e-002	4.006791e-002	2.019544e-003	1.000000e+000	4.520338e-005	1.499418e-006	0.000000e+000	0.000000e+000	-2.370229e-006	4.433257e-005	1.337794e-009	4.431571e-010
3.500000e+000	4.970695e-002	4.007594e-002	2.020484e-003	1.000000e+000	4.518452e-005	1.500047e-006	0.000000e+000	0.000000e+000	-2.370330e-006	4.431423e-005	9.778241e-010	3.483064e-010
3.600000e+000	4.971294e-002	4.008178e-002	2.021219e-003	1.000000e+000	4.517005e-005	1.500612e-006	0.000000e+000	0.000000e+000	-2.370394e-006	4.430027e-005	7.073518e-010	2.709629e-010
3.700000e+000	4.971722e-002	4.008599e-002	2.021788e-003	1.000000e+000	4.515913e-005	1.501097e-006	0.000000e+000	0.000000e+000	-2.370434e-006	4.428979e-005	5.068367e-010	2.088153e-010
3.800000e+000	4.972026e-002	4.008900e-002	2.022225e-003	1.000000e+000	4.515100e-005	1.501496e-006	0.000000e+000	0.000000e+000	-2.370459e-006	4.428204e-005	3.599835e-010	1.595313e-010
3.900000e+000	4.972240e-002	4.009112e-002	2.022557e-003	1.000000e+000	4.514503e-005	1.501815e-006	0.000000e+000	0.000000e+000	-2.370473e-006	4.427637e-005	2.536161e-010	1.209089e-010
4.000000e+000	4.972389e-002	4.009261e-002	2.022808e-003	1.000000e+000	4.514070e-005	1.502065e-006	0.000000e+000	0.000000e+000	-2.370482e-006	4.427228e-005	1.773474e-010	9.096462e-011
4.100000e+000	4.972493e-002	4.009365e-002	2.022996e-003	1.000000e+000	4.513758e-005	1.502256e-006	0.000000e+000	0.000000e+000	-2.370487e-006	4.426935e-005	1.231630e-010	6.797323e-011
4.200000e+000	4.972564e-002	4.009437e-002	2.023137e-003	1.000000e+000	4.513536e-005	1.502400e-006	0.000000e+000	0.000000e+000	-2.370489e-006	4.426727e-005	8.499217e-011	5.047586e-011
4.300000e+000	4.972613e-002	4.009487e-002	2.023240e-003	1.000000e+000	4.513379e-005	1.502506e-006	0.000000e+000	0.000000e+000	-2.370490e-006	4.426581e-005	5.830972e-011	3.726667e-011
4.400000e+000	4.972647e-002	4.009520e-002	2.023317e-003	1.000000e+000	4.513270e-005	1.502584e-006	0.000000e+000	0.000000e+000	-2.370491e-006	4.426479e-005	3.978988e-011	2.736797e-011
4.500000e+000	4.972669e-002	4.009544e-002	2.023373e-003	1.000000e+000	4.513193e-005	1.502640e-006	0.000000e+000	0.000000e+000	-2.370491e-006	4.426408e-005	2.701894e-011	1.999993e-011
4.600000e+000	4.972685e-002	4.009559e-002	2.023414e-003	1.000000e+000	4.513141e-005	1.502680e-006	0.000000e+000	0.000000e+000	-2.370491e-006	4.426359e-005	1.826465e-011	1.454935e-011
4.700000e+000	4.972695e-002	4.009570e-002	2.023443e-003	1.000000e+000	4.513104e-005	1.502709e-006	0.000000e+000	0.000000e+000	-2.370491e-006	4.426326e-005	1.229637e-011	1.054001e-011
4.800000e+000	4.972702e-002	4.009577e-002	2.023465e-003	1.000000e+000	4.513080e-005	1.502729e-006	0.000000e+000	0.000000e+000	-2.370491e-006	4.426303e-005	8.247666e-012	7.606086e-012
4.900000e+000	4.972707e-002	4.009582e-002	2.023480e-003	1.000000e+000	4.513063e-005	1.502743e-006	0.000000e+000	0.000000e+000	-2.370491e-006	4.426288e-005	5.513579e-012	5.469350e-012
5.000000e+000	4.972710e-002	4.009585e-002	2.023491e-003	1.000000e+000	4.513051e-005	1.502752e-006	0.000000e+000	0.000000e+000	-2.370491e-006	4.426278e-005	3.674838e-012	3.919994e-012
5.100000e+000	4.972712e-002	4.009587e-002	2.023499e-003	1.000000e+000	4.513044e-005	1.502759e-006	0.000000e+000	0.000000e+000	-2.370491e-006	4.426271e-005	2.442825e-012	2.801062e-012
5.200000e+000	4.972713e-002	4.009588e-002	2.023505e-003	1.000000e+000	4.513039e-005	1.502764e-006	0.000000e+000	0.000000e+000	-2.370491e-006	4.426266e-005	1.618652e-012	1.995904e-012
5.300000e+000	4.972714e-002	4.009589e-002	2.023509e-003	1.000000e+000	4.513034e-005	1.502762e-006	0.000000e+000	0.000000e+000	-2.370491e-006	4.426261e-005	9.826860e-013	1.414990e-012
5.400000e+000	4.972713e-002	4.009589e-002	2.023512e-003	1.000000e+000	4.513014e-005	1.502701e-006	0.000000e+000	0.000000e+000	-2.370489e-006	4.426235e-005	-1.115503e-012	9.261800e-013
5.500000e+000	4.972700e-002	4.009585e-002	2.023513e-003	1.000000e+000	4.512862e-005	1.502251e-006	0.000000e+000	0.000000e+000	-2.370470e-006	4.426040e-005	-1.693517e-011	-1.108547e-013
5.600000e+000	4.972621e-002	4.009551e-002	2.023509e-003	1.000000e+000	4.512129e-005	1.500393e-006	0.000000e+000	0.000000e+000	-2.370368e-006	4.425131e-005	-9.657508e-011	-4.463877e-012
5.700000e+000	4.972316e-002	4.009406e-002	2.023483e-003	1.000000e+000	4.509716e-005	1.495198e-006	0.000000e+000	0.000000e+000	-2.370005e-006	4.422235e-005	-3.654812e-010	-1.998092e-011
5.800000e+000	4.971424e-002	4.008944e-002	2.023392e-003	1.000000e+000	4.503623e-005	1.483816e-006	0.000000e+000	0.000000e+000	-2.369026e-006	4.415102e-005	-1.050155e-009	-6.279869e-011
5.900000e+000	4.969262e-002	4.007756e-002	2.023140e-003	1.000000e+000	4.490423e-005	1.461409e-006	0.000000e+000	0.000000e+000	-2.366802e-006	4.399884e-005	-2.525266e-009	-1.615525e-010
6.000000e+000	4.964557e-002	4.005073e-002	2.022537e-003	1.000000e+000	4.463707e-005	1.418121e-006	0.000000e+000	0.000000e+000	-2.362167e-006	4.369303e-005	-5.480790e-009	-3.680997e-010
6.100000e+000	4.954901e-002	3.999449e-002	2.021223e-003	1.000000e+000	4.411431e-005	1.336107e-006	0.000000e+000	0.000000e+000	-2.352914e-006	4.309750e-005	-1.122775e-008	-7.797500e-010
6.200000e+000	4.935996e-002	3.988227e-002	2.018524e-003	1.000000e+000	4.313949e-005	1.191398e-006	0.000000e+000	0.000000e+000	-2.335247e-006	4.199564e-005	-2.192175e-008	-1.565708e-009
6.300000e+000	4.901104e-002	3.967006e-002	2.013265e-003	1.000000e+000	4.145910e-005	9.640790e-007	0.000000e+000	0.000000e+000	-2.303738e-006	4.011944e-005	-4.030041e-008	-2.972773e-009
6.400000e+000	4.841395e-002	3.929536e-002	2.003630e-003	1.000000e+000	3.883983e-005	6.539294e-007	0.000000e+000	0.000000e+000	-2.252294e-006	3.724147e-005	-6.868464e-008	-5.280769e-009
6.500000e+000	4.747629e-002	3.868524e-002	1.987195e-003	1.000000e+000	3.518735e-005	2.925951e-007	0.000000e+000	0.000000e+000	-2.176168e-006	3.330377e-005	-1.074886e-007	-8.699736e-009
6.600000e+000	4.612998e-002	3.777445e-002	1.961248e-003	1.000000e+000	3.065377e-005	-5.691528e-008	0.000000e+000	0.000000e+000	-2.074336e-006	2.852252e-005	-1.539577e-007	-1.323896e-008
6.700000e+000	4.436163e-002	3.652909e-002	1.923400e-003	1.000000e+000	2.567085e-005	-3.171263e-007	0.000000e+000	0.000000e+000	-1.951122e-006	2.340260e-005	-2.019516e-007	-1.860811e-008
6.800000e+000	4.223138e-002	3.496672e-002	1.872328e-003	1.000000e+000	2.086805e-005	-4.251795e-007	0.000000e+000	0.000000e+000	-1.816051e-006	1.862682e-005	-2.432427e-007	-2.421370e-008
6.900000e+000	3.986819e-002	3.316232e-002	1.808372e-003	1.000000e+000	1.688408e-005	-3.621194e-007	0.000000e+000	0.000000e+000	-1.681520e-006	1.484044e-005	-2.701206e-007	-2.928341e-008
7.000000e+000	3.743892e-002	3.123432e-002	1.733710e-003	1.000000e+000	1.414278e-005	-1.661119e-007	0.000000e+000	0.000000e+000	-1.558966e-006	1.241771e-005	-2.783007e-007	-3.309121e-008
7.100000e+000	3.510147e-002	2.931342e-002	1.651954e-003	1.000000e+000	1.270168e-005	8.096448e-008	0.000000e+000	0.000000e+000	-1.455207e-006	1.132744e-005	-2.686847e-007	-3.519427e-008
7.200000e+000	3.296164e-002	2.750638e-002	1.567280e-003	1.000000e+000	1.225191e-005	2.877602e-007	0.000000e+000	0.000000e+000	-1.370696e-006	1.116897e-005	-2.469697e-007	-3.557216e-008
7.300000e+000	3.105154e-002	2.586977e-002	1.483415e-003	1.000000e+000	1.226273e-005	3.892102e-007	0.000000e+000	0.000000e+000	-1.300362e-006	1.135158e-005	-2.213210e-007	-3.460585e-008
7.400000e+000	2.933531e-002	2.440334e-002	1.402848e-003	1.000000e+000	1.218925e-005	3.659987e-007	0.000000e+000	0.000000e+000	-1.236326e-006	1.131892e-005	-1.993589e-007	-3.291700e-008
7.500000e+000	2.773554e-002	2.306260e-002	1.326518e-003	1.000000e+000	1.164683e-005	2.421014e-007	0.000000e+000	0.000000e+000	-1.171033e-006	1.071790e-005	-1.858462e-007	-3.114910e-008
7.600000e+000	2.616666e-002	2.178262e-002	1.253996e-003	1.000000e+000	1.049088e-005	6.633392e-008	0.000000e+000	0.000000e+000	-1.099508e-006	9.457710e-006	-1.818672e-007	-2.978275e-008
7.700000e+000	2.456207e-002	2.050224e-002	1.184002e-003	1.000000e+000	8.798283e-006	-1.093750e-007	0.000000e+000	0.000000e+000	-1.020168e-006	7.668741e-006	-1.854389e-007	-2.904308e-008
7.800000e+000	2.288954e-002	1.918124e-002	1.115032e-003	1.000000e+000	6.799341e-006	-2.421088e-007	0.000000e+000	0.000000e+000	-9.345300e-007	5.622702e-006	-1.927739e-007	-2.889975e-008
7.900000e+000	2.115734e-002	1.780904e-002	1.045912e-003	1.000000e+000	4.820316e-006	-2.976426e-007	0.000000e+000	0.000000e+000	-8.466939e-007	3.675979e-006	-1.992894e-007	-2.911501e-008
8.000000e+000	1.941634e-002	1.640834e-002	9.762286e-004	1.000000e+000	3.250397e-006	-2.477764e-007	0.000000e+000	0.000000e+000	-7.630275e-007	2.239593e-006	-2.001148e-007	-2.929791e-008
8.100000e+000	1.775853e-002	1.503562e-002	9.066265e-004	1.000000e+000	2.504981e-006	-7.258784e-008	0.000000e+000	0.000000e+000	-6.917315e-007	1.740662e-006	-1.905428e-007	-2.896078e-008
8.200000e+000	1.631515e-002	1.377925e-002	8.389807e-004	1.000000e+000	3.049699e-006	2.639199e-007	0.000000e+000	0.000000e+000	-6.428247e-007	2.670795e-006	-1.659347e-007	-2.755813e-008
8.300000e+000	1.529730e-002	1.277223e-002	7.766913e-004	1.000000e+000	5.898253e-006	9.619603e-007	0.000000e+000	0.000000e+000	-6.343831e-007	6.225830e-006	-1.163940e-007	-2.427299e-008
8.400000e+000	1.519596e-002	1.228427e-002	7.263305e-004	1.000000e+000	1.419815e-005	2.691829e-006	0.000000e+000	0.000000e+000	-7.169472e-007	1.617304e-005	-8.373778e-009	-1.699500e-008
8.500000e+000	1.724110e-002	1.298559e-002	7.030517e-004	1.000000e+000	3.558024e-005	6.792656e-006	0.000000e+000	0.000000e+000	-1.018313e-006	4.135458e-005	2.436256e-007	-2.312736e-010
8.600000e+000	2.399126e-002	1.637384e-002	7.413415e-004	1.000000e+000	8.328059e-005	1.495694e-005	0.000000e+000	0.000000e+000	-1.782096e-006	9.645543e-005	7.899230e-007	3.697782e-008
8.700000e+000	3.965212e-002	2.514812e-002	9.085796e-004	1.000000e+000	1.738961e-004	2.837952e-005	0.000000e+000	0.000000e+000	-3.357818e-006	1.989178e-004	1.814530e-006	1.109646e-007
8.800000e+000	6.972452e-002	4.320309e-002	1.314167e-003	1.000000e+000	3.218243e-004	4.688468e-005	0.000000e+000	0.000000e+000	-6.124376e-006	3.625846e-004	3.461235e-006	2.397428e-007
8.900000e+000	1.199225e-001	7.505760e-002	2.106197e-003	1.000000e+000	5.329692e-004	6.863011e-005	0.000000e+000	0.000000e+000	-1.037368e-005	5.912256e-004	5.753572e-006	4.366013e-007
9.000000e+000	1.947173e-001	1.248367e-001	3.452328e-003	1.000000e+000	8.009356e-004	9.058034e-005	0.000000e+000	0.000000e+000	-1.620749e-005	8.753085e-004	8.553306e-006	7.037888e-007
9.100000e+000	2.960589e-001	1.951711e-001	5.508715e-003	1.000000e+000	1.107448e-003	1.094636e-004	0.000000e+000	0.000000e+000	-2.349139e-005	1.193420e-003	1.157905e-005	1.029216e-006
9.200000e+000	4.227214e-001	2.864130e-001	8.386275e-003	1.000000e+000	1.426531e-003	1.227260e-004	0.000000e+000	0.000000e+000	-3.187841e-005	1.517378e-003	1.447425e-005	1.387572e-006
9.300000e+000	5.704279e-001	3.964126e-001	1.212445e-002	1.000000e+000	1.730496e-003	1.291100e-004	0.000000e+000	0.000000e+000	-4.088493e-005	1.818721e-003	1.689364e-005	1.745253e-006
9.400000e+000	7.326269e-001	5.208676e-001	1.667943e-002	1.000000e+000	1.995548e-003	1.287420e-004	0.000000e+000	0.000000e+000	-4.998699e-005	2.074303e-003	1.857652e-005	2.067193e-006
9.500000e+000	9.016176e-001	6.540784e-001	2.192866e-002	1.000000e+000	2.205488e-003	1.228288e-004	0.000000e+000	0.000000e+000	-5.870700e-005	2.269610e-003	1.938738e-005	2.323355e-006
9.600000e+000	1.069702e+000	7.898587e-001	2.768877e-002	1.000000e+000	2.353041e-003	1.131694e-004	0.000000e+000	0.000000e+000	-6.667272e-005	2.399538e-003	1.932069e-005	2.493300e-006
9.700000e+000	1.230120e+000	9.223766e-001	3.374126e-002	1.000000e+000	2.439119e-003	1.016699e-004	0.000000e+000	0.000000e+000	-7.364323e-005	2.467145e-003	1.847779e-005	2.568115e-006
9.800000e+000	1.377641e+000	1.046773e+000	3.985984e-002	1.000000e+000	2.470790e-003	8.998281e-005	0.000000e+000	0.000000e+000	-7.950669e-005	2.481266e-003	1.702911e-005	2.549918e-006
9.900000e+000	1.508801e+000	1.159506e+000	4.583432e-002	1.000000e+000	2.458778e-003	7.931453e-005	0.000000e+000	0.000000e+000	-8.425941e-005	2.453833e-003	1.517425e-005	2.449612e-006
1.000000e+001	1.621851e+000	1.258429e+000	5.148793e-002	1.000000e+000	2.415130e-003	7.038428e-005	0.000000e+000	0.000000e+000	-8.797625e-005	2.397538e-003	1.310867e-005	2.283813e-006
1.010000e+001	1.716508e+000	1.342678e+000	5.668719e-002	1.000000e+000	2.351431e-003	6.348374e-005	0.000000e+000	0.000000e+000	-9.078058e-005	2.324134e-003	1.100116e-005	2.071718e-006
1.020000e+001	1.793611e+000	1.412441e+000	6.134476e-002	1.000000e+000	2.277657e-003	5.858153e-005	0.000000e+000	0.000000e+000	-9.281832e-005	2.243421e-003	8.982091e-006	1.832452e-006
1.030000e+001	1.854755e+000	1.468670e+000	6.541680e-002	1.000000e+000	2.201600e-003	5.543645e-005	0.000000e+000	0.000000e+000	-9.423785e-005	2.162798e-003	7.140289e-006	1.583135e-006
1.040000e+001	1.901958e+000	1.512800e+000	6.889669e-002	1.000000e+000	2.128757e-003	5.370228e-005	0.000000e+000	0.000000e+000	-9.517655e-005	2.087283e-003	5.526216e-006	1.337725e-006
1.050000e+001	1.937384e+000	1.546507e+000	7.180679e-002	1.000000e+000	2.062563e-003	5.301424e-005	0.000000e+000	0.000000e+000	-9.575348e-005	2.019824e-003	4.158970e-006	1.106571e-006
1.060000e+001	1.963156e+000	1.571514e+000	7.418993e-002	1.000000e+000	2.004811e-003	5.304848e-005	0.000000e+000	0.000000e+000	-9.606721e-005	1.961792e-003	3.035045e-006	8.965239e-007
1.070000e+001	1.981230e+000	1.589466e+000	7.610151e-002	1.000000e+000	1.956127e-003	5.355003e-005	0.000000e+000	0.000000e+000	-9.619704e-005	1.913480e-003	2.136816e-006	7.114035e-007
1.080000e+001	1.993344e+000	1.601856e+000	7.760307e-002	1.000000e+000	1.916384e-003	5.433213e-005	0.000000e+000	0.000000e+000	-9.620558e-005	1.874511e-003	1.439285e-006	5.526373e-007
1.090000e+001	2.000984e+000	1.609991e+000	7.875733e-002	1.000000e+000	1.884977e-003	5.525644e-005	0.000000e+000	0.000000e+000	-9.614117e-005	1.844093e-003	9.144041e-007	4.198881e-007
1.100000e+001	2.005387e+000	1.614975e+000	7.962465e-002	1.000000e+000	1.860974e-003	5.620882e-005	0.000000e+000	0.000000e+000	-9.603927e-005	1.821143e-003	5.331531e-007	3.115736e-007
1.110000e+001	2.007538e+000	1.617712e+000	8.026050e-002	1.000000e+000	1.843195e-003	5.709081e-005	0.000000e+000	0.000000e+000	-9.592324e-005	1.804362e-003	2.664886e-007	2.252591e-007
1.120000e+001	2.008177e+000	1.618903e+000	8.071389e-002	1.000000e+000	1.830351e-003	5.783628e-005	0.000000e+000	0.000000e+000	-9.580611e-005	1.792381e-003	8.679033e-008	1.579911e-007
1.130000e+001	2.007844e+000	1.619072e+000	8.102650e-002	1.000000e+000	1.821260e-003	5.843461e-005	0.000000e+000	0.000000e+000	-9.569430e-005	1.784000e-003	-2.958213e-008	1.066496e-007
1.140000e+001	2.006926e+000	1.618597e+000	8.123275e-002	1.000000e+000	1.815051e-003	5.892815e-005	0.000000e+000	0.000000e+000	-9.559221e-005	1.778387e-003	-9.996175e-008	6.830405e-008
1.150000e+001	2.005719e+000	1.617756e+000	8.136053e-002	1.000000e+000	1.811201e-003	5.937589e-005	0.000000e+000	0.000000e+000	-9.550509e-005	1.775072e-003	-1.352642e-007	4.046011e-008
1.160000e+001	2.004464e+000	1.616771e+000	8.143242e-002	1.000000e+000	1.809403e-003	5.981207e-005	0.000000e+000	0.000000e+000	-9.543875e-005	1.773776e-003	-1.423770e-007	2.110763e-008
1.170000e+001	2.003353e+000	1.615818e+000	8.146663e-002	1.000000e+000	1.809371e-003	6.023262e-005	0.000000e+000	0.000000e+000	-9.539753e-005	1.774206e-003	-1.271667e-007	8.604857e-009
1.180000e+001	2.002522e+000	1.615031e+000	8.147776e-002	1.000000e+000	1.810750e-003	6.061296e-005	0.000000e+000	0.000000e+000	-9.538273e-005	1.775980e-003	-9.601552e-008	1.527977e-009
1.190000e+001	2.002050e+000	1.614498e+000	8.147720e-002	1.000000e+000	1.813148e-003	6.093501e-005	0.000000e+000	0.000000e+000	-9.539286e-005	1.778690e-003	-5.541527e-008	-1.405664e-009
1.200000e+001	2.001971e+000	1.614265e+000	8.147345e-002	1.000000e+000	1.816222e-003	6.120159e-005	0.000000e+000	0.000000e+000	-9.542516e-005	1.781998e-003	-1.067171e-008	-1.323146e-009
1.210000e+001	2.002289e+000	1.614350e+000	8.147256e-002	1.000000e+000	1.819750e-003	6.143212e-005	0.000000e+000	0.000000e+000	-9.547721e-005	1.785705e-003	3.496121e-008	8.559010e-010
1.220000e+001	2.002999e+000	1.614753e+000	8.147865e-002	1.000000e+000	1.823623e-003	6.164728e-005	0.000000e+000	0.000000e+000	-9.554760e-005	1.789723e-003	8.010179e-008	4.443811e-009
1.230000e+001	2.004090e+000	1.615468e+000	8.149447e-002	1.000000e+000	1.827773e-003	6.185150e-005	0.000000e+000	0.000000e+000	-9.563533e-005	1.793989e-003	1.241319e-007	8.946367e-009
1.240000e+001	2.005543e+000	1.616483e+000	8.152172e-002	1.000000e+000	1.832055e-003	6.202038e-005	0.000000e+000	0.000000e+000	-9.573821e-005	1.798337e-003	1.656147e-007	1.395980e-008
1.250000e+001	2.007303e+000	1.617769e+000	8.156109e-002	1.000000e+000	1.836149e-003	6.210202e-005	0.000000e+000	0.000000e+000	-9.585084e-005	1.802400e-003	2.009767e-007	1.903707e-008
1.260000e+001	2.009267e+000	1.619265e+000	8.161208e-002	1.000000e+000	1.839537e-003	6.203664e-005	0.000000e+000	0.000000e+000	-9.596350e-005	1.805610e-003	2.243623e-007	2.359054e-008
1.270000e+001	2.011270e+000	1.620862e+000	8.167258e-002	1.000000e+000	1.841609e-003	6.178693e-005	0.000000e+000	0.000000e+000	-9.606295e-005	1.807333e-003	2.290987e-007	2.689814e-008
1.280000e+001	2.013105e+000	1.622412e+000	8.173876e-002	1.000000e+000	1.841853e-003	6.136286e-005	0.000000e+000	0.000000e+000	-9.613526e-005	1.807081e-003	2.102554e-007	2.823256e-008
1.290000e+001	2.014556e+000	1.623744e+000	8.180520e-002	1.000000e+000	1.840053e-003	6.082773e-005	0.000000e+000	0.000000e+000	-9.616960e-005	1.804711e-003	1.671125e-007	2.706811e-008
1.300000e+001	2.015451e+000	1.624702e+000	8.186572e-002	1.000000e+000	1.836397e-003	6.028051e-005	0.000000e+000	0.000000e+000	-9.616145e-005	1.800516e-003	1.042919e-007	2.327427e-008
1.310000e+001	2.015698e+000	1.625178e+000	8.191435e-002	1.000000e+000	1.831444e-003	5.982141e-005	0.000000e+000	0.000000e+000	-9.611376e-005	1.795152e-003	3.084880e-008	1.720070e-008
1.320000e+001	2.015303e+000	1.625134e+000	8.194652e-002	1.000000e+000	1.825953e-003	5.951931e-005	0.000000e+000	0.000000e+000	-9.603564e-005	1.789437e-003	-4.230567e-008	9.608118e-009
1.330000e+001	2.014359e+000	1.624610e+000	8.195974e-002	1.000000e+000	1.820688e-003	5.939947e-005	0.000000e+000	0.000000e+000	-9.593953e-005	1.784148e-003	-1.052864e-007	1.481281e-009
1.340000e+001	2.013021e+000	1.623703e+000	8.195396e-002	1.000000e+000	1.816281e-003	5.945546e-005	0.000000e+000	0.000000e+000	-9.583861e-005	1.779898e-003	-1.509518e-007	-6.178721e-009
1.350000e+001	2.011479e+000	1.622550e+000	8.193135e-002	1.000000e+000	1.813215e-003	5.966994e-005	0.000000e+000	0.000000e+000	-9.574549e-005	1.777139e-003	-1.749924e-007	-1.249526e-008
1.360000e+001	2.009942e+000	1.621312e+000	8.189600e-002	1.000000e+000	1.811837e-003	6.002376e-005	0.000000e+000	0.000000e+000	-9.567184e-005	1.776189e-003	-1.752489e-007	-1.677485e-008
1.370000e+001	2.008620e+000	1.620156e+000	8.185338e-002	1.000000e+000	1.812357e-003	6.048850e-005	0.000000e+000	0.000000e+000	-9.562791e-005	1.777217e-003	-1.514749e-007	-1.853509e-008
1.380000e+001	2.007703e+000	1.619246e+000	8.180982e-002	1.000000e+000	1.814787e-003	6.101693e-005	0.000000e+000	0.000000e+000	-9.562107e-005	1.780183e-003	-1.058120e-007	-1.754940e-008
1.390000e+001	2.007340e+000	1.618717e+000	8.177183e-002	1.000000e+000	1.818904e-003	6.154608e-005	0.000000e+000	0.000000e+000	-9.565437e-005	1.784796e-003	-4.319159e-008	-1.389921e-008
1.400000e+001	2.007612e+000	1.618664e+000	8.174535e-002	1.000000e+000	1.824268e-003	6.201275e-005	0.000000e+000	0.000000e+000	-9.572591e-005	1.790555e-003	2.913031e-008	-7.986901e-009
1.410000e+001	2.008531e+000	1.619128e+000	8.173502e-002	1.000000e+000	1.830316e-003	6.237145e-005	0.000000e+000	0.000000e+000	-9.582954e-005	1.796857e-003	1.029543e-007	-4.768137e-010
1.420000e+001	2.010041e+000	1.620090e+000	8.174371e-002	1.000000e+000	1.836485e-003	6.260522e-005	0.000000e+000	0.000000e+000	-9.595663e-005	1.803133e-003	1.708748e-007	7.829095e-009
1.430000e+001	2.012043e+000	1.621490e+000	8.177235e-002	1.000000e+000	1.842327e-003	6.272541e-005	0.000000e+000	0.000000e+000	-9.609820e-005	1.808954e-003	2.276808e-007	1.614236e-008
1.440000e+001	2.014416e+000	1.623241e+000	8.182017e-002	1.000000e+000	1.847563e-003	6.276106e-005	0.000000e+000	0.000000e+000	-9.624650e-005	1.814078e-003	2.709242e-007	2.381653e-008
1.450000e+001	2.017040e+000	1.625246e+000	8.188505e-002	1.000000e+000	1.852073e-003	6.274284e-005	0.000000e+000	0.000000e+000	-9.639573e-005	1.818420e-003	3.005023e-007	3.041285e-008
1.460000e+001	2.019807e+000	1.627413e+000	8.196413e-002	1.000000e+000	1.855828e-003	6.268999e-005	0.000000e+000	0.000000e+000	-9.654161e-005	1.821976e-003	3.175629e-007	3.569076e-008
1.470000e+001	2.022621e+000	1.629660e+000	8.205410e-002	1.000000e+000	1.858816e-003	6.260655e-005	0.000000e+000	0.000000e+000	-9.668056e-005	1.824742e-003	3.233801e-007	3.954727e-008
1.480000e+001	2.025388e+000	1.631909e+000	8.215153e-002	1.000000e+000	1.860978e-003	6.247586e-005	0.000000e+000	0.000000e+000	-9.680864e-005	1.826645e-003	3.184848e-007	4.193695e-008
1.490000e+001	2.027995e+000	1.634081e+000	8.225279e-002	1.000000e+000	1.861934e-003	6.218995e-005	0.000000e+000	0.000000e+000	-9.691796e-005	1.827206e-003	2.999094e-007	4.269699e-008
1.500000e+001	2.030180e+000	1.636032e+000	8.235314e-002	1.000000e+000	1.859954e-003	6.132027e-005	0.000000e+000	0.000000e+000	-9.698155e-005	1.824293e-003	2.497078e-007	4.089349e-008
1.510000e+001	2.031187e+000	1.637369e+000	8.244320e-002	1.000000e+000	1.849846e-003	5.882412e-005	0.000000e+000	0.000000e+000	-9.691674e-005	1.811753e-003	1.101333e-007	3.317351e-008
1.520000e+001	2.029200e+000	1.637084e+000	8.250034e-002	1.000000e+000	1.820958e-003	5.307880e-005	0.000000e+000	0.000000e+000	-9.653864e-005	1.777499e-003	-2.402071e-007	1.144995e-008
1.530000e+001	2.020827e+000	1.633107e+000	8.247561e-002	1.000000e+000	1.757686e-003	4.251827e-005	0.000000e+000	0.000000e+000	-9.554257e-005	1.704662e-003	-9.779722e-007	-3.829234e-008
1.540000e+001	2.001104e+000	1.622093e+000	8.228114e-002	1.000000e+000	1.643710e-003	2.658850e-005	0.000000e+000	0.000000e+000	-9.355027e-005	1.576749e-003	-2.277969e-006	-1.340105e-007
1.550000e+001	1.964265e+000	1.599728e+000	8.178673e-002	1.000000e+000	1.468428e-003	6.374860e-006	0.000000e+000	0.000000e+000	-9.021442e-005	1.384588e-003	-4.229229e-006	-2.921445e-007
1.560000e+001	1.905096e+000	1.561577e+000	8.083165e-002	1.000000e+000	1.232288e-003	-1.553212e-005	0.000000e+000	0.000000e+000	-8.533543e-005	1.131421e-003	-6.770546e-006	-5.207993e-007
1.570000e+001	1.820363e+000	1.504201e+000	7.925111e-002	1.000000e+000	9.483553e-004	-3.584542e-005	0.000000e+000	0.000000e+000	-7.893726e-005	8.335726e-004	-9.681281e-006	-8.147467e-007
1.580000e+001	1.709785e+000	1.426134e+000	7.691001e-002	1.000000e+000	6.395822e-004	-5.161151e-005	0.000000e+000	0.000000e+000	-7.127380e-005	5.166969e-004	-1.263098e-005	-1.154519e-006
1.590000e+001	1.576249e+000	1.328359e+000	7.373361e-002	1.000000e+000	3.332739e-004	-6.099308e-005	0.000000e+000	0.000000e+000	-6.277156e-005	2.095093e-004	-1.526284e-005	-1.509862e-006
1.600000e+001	1.425278e+000	1.214202e+000	6.972599e-002	1.000000e+000	5.504422e-005	-6.356400e-005	0.000000e+000	0.000000e+000	-5.393742e-005	-6.245720e-005	-1.727654e-005	-1.846041e-006
1.610000e+001	1.264016e+000	1.088714e+000	6.497248e-002	1.000000e+000	-1.758104e-004	-6.014021e-005	0.000000e+000	0.000000e+000	-4.526484e-005	-2.812155e-004	-1.848406e-005	-2.130730e-006
1.620000e+001	1.100057e+000	9.578064e-001	5.962692e-002	1.000000e+000	-3.485885e-004	-5.233103e-005	0.000000e+000	0.000000e+000	-3.716263e-005	-4.380822e-004	-1.882855e-005	-2.339504e-006
1.630000e+001	9.404108e-001	8.273587e-001	5.388870e-002	1.000000e+000	-4.611634e-004	-4.202588e-005	0.000000e+000	0.000000e+000	-2.991673e-005	-5.331060e-004	-1.837060e-005	-2.458842e-006
1.640000e+001	7.907844e-001	7.025139e-001	4.797583e-002	1.000000e+000	-5.183355e-004	-3.097403e-005	0.000000e+000	0.000000e+000	-2.368302e-005	-5.729926e-004	-1.725429e-005	-2.486514e-006
1.650000e+001	6.552170e-001	5.872334e-001	4.209971e-002	1.000000e+000	-5.294158e-004	-2.052867e-005	0.000000e+000	0.000000e+000	-1.850283e-005	-5.684473e-004	-1.566683e-005	-2.429917e-006
1.660000e+001	5.360417e-001	4.841276e-001	3.644534e-002	1.000000e+000	-5.057794e-004	-1.155512e-005	0.000000e+000	0.000000e+000	-1.433040e-005	-5.316649e-004	-1.380218e-005	-2.303232e-006
1.670000e+001	4.340735e-001	3.945085e-001	3.115903e-002	1.000000e+000	-4.588633e-004	-4.461371e-006	0.000000e+000	0.000000e+000	-1.106348e-005	-4.743881e-004	-1.183446e-005	-2.124265e-006
1.680000e+001	3.489264e-001	3.185879e-001	2.634316e-002	1.000000e+000	-3.988105e-004	7.024971e-007	0.000000e+000	0.000000e+000	-8.570789e-006	-4.066787e-004	-9.902696e-006	-1.911607e-006
1.690000e+001	2.793718e-001	2.557460e-001	2.205711e-002	1.000000e+000	-3.337541e-004	4.122881e-006	0.000000e+000	0.000000e+000	-6.713520e-006	-3.363447e-004	-8.105549e-006	-1.682472e-006
1.700000e+001	2.236748e-001	2.048105e-001	1.832228e-002	1.000000e+000	-2.696192e-004	6.110517e-006	0.000000e+000	0.000000e+000	-5.359835e-006	-2.688685e-004	-6.503231e-006	-1.451339e-006
1.710000e+001	1.798747e-001	1.643054e-001	1.512947e-002	1.000000e+000	-2.102747e-004	7.013671e-006	0.000000e+000	0.000000e+000	-4.393286e-006	-2.076543e-004	-5.123670e-006	-1.229324e-006
1.720000e+001	1.459936e-001	1.326494e-001	1.244714e-002	1.000000e+000	-1.578796e-004	7.160456e-006	0.000000e+000	0.000000e+000	-3.716407e-006	-1.544356e-004	-3.970427e-006	-1.024125e-006
1.730000e+001	1.201763e-001	1.082979e-001	1.022910e-002	1.000000e+000	-1.133015e-004	6.826282e-006	0.000000e+000	0.000000e+000	-3.250967e-006	-1.097262e-004	-3.030609e-006	-8.403608e-007
1.740000e+001	1.007692e-001	8.983364e-002	8.421351e-003	1.000000e+000	-7.653212e-005	6.219564e-006	0.000000e+000	0.000000e+000	-2.936089e-006	-7.324865e-005	-2.281850e-006	-6.801176e-007
1.750000e+001	8.635109e-002	7.601187e-002	6.967258e-003	1.000000e+000	-4.705215e-005	5.480781e-006	0.000000e+000	0.000000e+000	-2.725198e-006	-4.429657e-005	-1.697883e-006	-5.435867e-007
1.760000e+001	7.573060e-002	6.577321e-002	5.811397e-003	1.000000e+000	-2.411107e-005	4.693221e-006	0.000000e+000	0.000000e+000	-2.582710e-006	-2.200056e-005	-1.252457e-006	-4.296745e-007
1.770000e+001	6.792537e-002	5.823499e-002	4.901954e-003	1.000000e+000	-6.899044e-006	3.902006e-006	0.000000e+000	0.000000e+000	-2.481294e-006	-5.478332e-006	-9.214860e-007	-3.365175e-007
1.780000e+001	6.213635e-002	5.267305e-002	4.192087e-003	1.000000e+000	5.375225e-006	3.132226e-006	0.000000e+000	0.000000e+000	-2.400077e-006	6.107374e-006	-6.837298e-007	-2.618605e-007
1.790000e+001	5.772322e-002	4.850177e-002	3.640533e-003	1.000000e+000	1.345556e-005	2.398956e-006	0.000000e+000	0.000000e+000	-2.323489e-006	1.353102e-005	-5.207623e-007	-2.033100e-007
1.800000e+001	5.418192e-002	4.525514e-002	3.211733e-003	1.000000e+000	1.802944e-005	1.712831e-006	0.000000e+000	0.000000e+000	-2.240375e-006	1.750189e-005	-4.167386e-007	-1.584975e-007
1.810000e+001	5.112626e-002	4.257014e-002	2.875650e-003	1.000000e+000	1.974377e-005	1.087043e-006	0.000000e+000	0.000000e+000	-2.143486e-006	1.868732e-005	-3.579310e-007	-1.251683e-007
1.820000e+001	4.827559e-002	4.017429e-002	2.607450e-003	1.000000e+000	1.923890e-005	5.417088e-007	0.000000e+000	0.000000e+000	-2.029431e-006	1.775117e-005	-3.320584e-007	-1.012115e-007
1.830000e+001	4.544609e-002	3.787720e-002	2.387163e-003	1.000000e+000	1.716147e-005	9.842679e-008	0.000000e+000	0.000000e+000	-1.898571e-006	1.536133e-005	-3.279060e-007	-8.466063e-008
1.840000e+001	4.253918e-002	3.556240e-002	2.199318e-003	1.000000e+000	1.412773e-005	-2.315218e-007	0.000000e+000	0.000000e+000	-1.754205e-006	1.214200e-005	-3.356433e-007	-7.371220e-008
1.850000e+001	3.952314e-002	3.317523e-002	2.032505e-003	1.000000e+000	1.066056e-005	-4.535332e-007	0.000000e+000	0.000000e+000	-1.601127e-006	8.605901e-006	-3.475316e-007	-6.677321e-008
1.860000e+001	3.641136e-002	3.070654e-002	1.878806e-003	1.000000e+000	7.152567e-006	-5.842029e-007	0.000000e+000	0.000000e+000	-1.444301e-006	5.124063e-006	-3.582738e-007	-6.251182e-008
1.870000e+001	3.324431e-002	2.817672e-002	1.733152e-003	1.000000e+000	3.882052e-006	-6.396228e-007	0.000000e+000	0.000000e+000	-1.288327e-006	1.954102e-006	-3.646094e-007	-5.987072e-008
1.880000e+001	3.007914e-002	2.562418e-002	1.592694e-003	1.000000e+000	1.057674e-006	-6.289448e-007	0.000000e+000	0.000000e+000	-1.137606e-006	-7.088768e-007	-3.645006e-007	-5.803541e-008
1.890000e+001	2.698412e-002	2.309898e-002	1.456282e-003	1.000000e+000	-1.157500e-006	-5.588891e-007	0.000000e+000	0.000000e+000	-9.964851e-007	-2.712875e-006	-3.566232e-007	-5.638774e-008
1.900000e+001	2.403156e-002	2.065769e-002	1.324035e-003	1.000000e+000	-2.665658e-006	-4.433786e-007	0.000000e+000	0.000000e+000	-8.688049e-007	-3.977841e-006	-3.405125e-007	-5.448297e-008
1.910000e+001	2.128629e-002	1.835576e-002	1.196915e-003	1.000000e+000	-3.472901e-006	-3.076793e-007	0.000000e+000	0.000000e+000	-7.569813e-007	-4.537562e-006	-3.170169e-007	-5.205777e-008
1.920000e+001	1.879271e-002	1.623759e-002	1.076287e-003	1.000000e+000	-3.702853e-006	-1.826048e-007	0.000000e+000	0.000000e+000	-6.612954e-007	-4.546754e-006	-2.884177e-007	-4.904206e-008
1.930000e+001	1.656669e-002	1.432797e-002	9.634618e-004	1.000000e+000	-3.563802e-006	-9.342881e-008	0.000000e+000	0.000000e+000	-5.799240e-007	-4.237155e-006	-2.579082e-007	-4.554093e-008
1.940000e+001	1.459588e-002	1.262887e-002	8.593485e-004	1.000000e+000	-3.283825e-006	-5.134802e-008	0.000000e+000	0.000000e+000	-5.097119e-007	-3.844885e-006	-2.286600e-007	-4.177641e-008
1.950000e+001	1.284789e-002	1.112278e-002	7.642665e-004	1.000000e+000	-3.046466e-006	-5.197561e-008	0.000000e+000	0.000000e+000	-4.472615e-007	-3.545703e-006	-2.029600e-007	-3.800619e-008
1.960000e+001	1.128224e-002	9.780721e-003	6.779553e-004	1.000000e+000	-2.953162e-006	-8.014713e-008	0.000000e+000	0.000000e+000	-3.898476e-007	-3.423157e-006	-1.817821e-007	-3.444870e-008
1.970000e+001	9.861262e-003	8.571354e-003	5.997298e-004	1.000000e+000	-3.020045e-006	-1.173338e-007	0.000000e+000	0.000000e+000	-3.358784e-007	-3.473257e-006	-1.648683e-007	-3.123724e-008
1.980000e+001	8.557183e-003	7.468278e-003	5.287018e-004	1.000000e+000	-3.200579e-006	-1.479982e-007	0.000000e+000	0.000000e+000	-2.848853e-007	-3.633463e-006	-1.511551e-007	-2.840994e-008
1.990000e+001	7.354311e-003	6.453796e-003	4.639889e-004	1.000000e+000	-3.418723e-006	-1.629780e-007	0.000000e+000	0.000000e+000	-2.372044e-007	-3.818906e-006	-1.393000e-007	-2.592843e-008
2.000000e+001	6.247464e-003	5.519256e-003	4.048594e-004	1.000000e+000	-3.599087e-006	-1.598406e-007	0.000000e+000	0.000000e+000	-1.935510e-007	-3.952479e-006	-1.281137e-007	-2.371071e-008
2.010000e+001	5.238299e-003	4.663015e-003	3.507951e-004	1.000000e+000	-3.686599e-006	-1.412411e-007	0.000000e+000	0.000000e+000	-1.546462e-007	-3.982487e-006	-1.168045e-007	-2.166462e-008
2.020000e+001	4.331215e-003	3.887361e-003	3.014837e-004	1.000000e+000	-3.654243e-006	-1.125475e-007	0.000000e+000	0.000000e+000	-1.209735e-007	-3.887764e-006	-1.050368e-007	-1.971280e-008
2.030000e+001	3.529994e-003	3.195519e-003	2.567654e-004	1.000000e+000	-3.501390e-006	-7.968670e-008	0.000000e+000	0.000000e+000	-9.267724e-008	-3.673753e-006	-9.285766e-008	-1.780588e-008
2.040000e+001	2.835678e-003	2.589437e-003	2.165615e-004	1.000000e+000	-3.246763e-006	-4.768696e-008	0.000000e+000	0.000000e+000	-6.957017e-008	-3.364020e-006	-8.056179e-008	-1.592483e-008
2.050000e+001	2.245706e-003	2.068555e-003	1.808074e-004	1.000000e+000	-2.919744e-006	-1.999009e-008	0.000000e+000	0.000000e+000	-5.120716e-008	-2.990941e-006	-6.854953e-008	-1.407582e-008
2.060000e+001	1.754046e-003	1.629489e-003	1.494016e-004	1.000000e+000	-2.552586e-006	1.629149e-009	0.000000e+000	0.000000e+000	-3.698292e-008	-2.587940e-006	-5.721385e-008	-1.228158e-008
2.070000e+001	1.351935e-003	1.266353e-003	1.221787e-004	1.000000e+000	-2.174792e-006	1.677676e-008	0.000000e+000	0.000000e+000	-2.622561e-008	-2.184241e-006	-4.686843e-008	-1.057214e-008
2.080000e+001	1.028886e-003	9.714503e-004	9.890018e-005	1.000000e+000	-1.809920e-006	2.600552e-008	0.000000e+000	0.000000e+000	-1.827088e-008	-1.802186e-006	-3.771555e-008	-8.977185e-009
2.090000e+001	7.736805e-004	7.360708e-004	7.926303e-005	1.000000e+000	-1.474434e-006	3.038545e-008	0.000000e+000	0.000000e+000	-1.251141e-008	-1.456560e-006	-2.984412e-008	-7.520835e-009
2.100000e+001	5.752194e-004	5.512350e-004	6.291612e-005	1.000000e+000	-1.178009e-006	3.116021e-008	0.000000e+000	0.000000e+000	-8.423653e-009	-1.155272e-006	-2.324636e-008	-6.218929e-009
2.110000e+001	4.231319e-004	4.082831e-004	4.948127e-005	1.000000e+000	-9.246504e-007	2.951549e-008	0.000000e+000	0.000000e+000	-5.576887e-009	-9.007118e-007	-1.784300e-008	-5.078364e-009
2.120000e+001	3.081593e-004	2.992816e-004	3.857384e-005	1.000000e+000	-7.141414e-007	2.645120e-008	0.000000e+000	0.000000e+000	-3.630132e-009	-6.913203e-007	-1.350962e-008	-4.097900e-009
2.130000e+001	2.223359e-004	2.172562e-004	2.982028e-005	1.000000e+000	-5.434638e-007	2.273327e-008	0.000000e+000	0.000000e+000	-2.322183e-009	-5.230528e-007	-1.009961e-008	-3.269762e-009
2.140000e+001	1.590176e-004	1.562818e-004	2.287150e-005	1.000000e+000	-4.080168e-007	1.889789e-008	0.000000e+000	0.000000e+000	-1.458597e-009	-3.905776e-007	-7.461960e-009	-2.581554e-009
2.150000e+001	1.128071e-004	1.114674e-004	1.741158e-005	1.000000e+000	-3.025476e-007	1.528419e-008	0.000000e+000	0.000000e+000	-8.982678e-010	-2.881617e-007	-5.453329e-009	-2.018120e-009
2.160000e+001	7.941916e-005	7.887464e-005	1.316239e-005	1.000000e+000	-2.217982e-007	1.207801e-008	0.000000e+000	0.000000e+000	-5.411327e-010	-2.102613e-007	-3.945299e-009	-1.563133e-009
2.170000e+001	5.551900e-005	5.540040e-005	9.884904e-006	1.000000e+000	-1.609050e-007	9.355649e-009	0.000000e+000	0.000000e+000	-3.177229e-010	-1.518671e-007	-2.827693e-009	-1.200325e-009
2.180000e+001	3.855704e-005	3.864542e-005	7.377888e-006	1.000000e+000	-1.156090e-007	7.121638e-009	0.000000e+000	0.000000e+000	-1.807597e-010	-1.086681e-007	-2.009188e-009	-9.143524e-010
2.190000e+001	2.661453e-005	2.678585e-005	5.475037e-006	1.000000e+000	-8.232949e-008	5.338309e-009	0.000000e+000	0.000000e+000	-9.867004e-011	-7.708985e-008	-1.416204e-009	-6.913279e-010
2.200000e+001	1.826770e-005	1.845600e-005	4.041130e-006	1.000000e+000	-5.815207e-008	3.947129e-009	0.000000e+000	0.000000e+000	-5.075349e-011	-5.425570e-008	-9.908544e-010	-5.190866e-010
2.210000e+001	1.247346e-005	1.264697e-005	2.967814e-006	1.000000e+000	-4.076625e-008	2.882922e-009	0.000000e+000	0.000000e+000	-2.368393e-011	-3.790701e-008	-6.885207e-010	-3.872544e-010
2.220000e+001	8.476308e-006	8.622561e-006	2.169390e-006	1.000000e+000	-2.838055e-008	2.082518e-009	0.000000e+000	0.000000e+000	-9.040370e-012	-2.630707e-008	-4.754186e-010	-2.871809e-010
2.230000e+001	5.734757e-006	5.851433e-006	1.578871e-006	1.000000e+000	-1.963205e-008	1.489393e-009	0.000000e+000	0.000000e+000	-1.604055e-012	-1.814426e-008	-3.263640e-010	-2.117903e-010
2.240000e+001	3.864349e-006	3.953963e-006	1.144450e-006	1.000000e+000	-1.350080e-008	1.055598e-009	0.000000e+000	0.000000e+000	1.791742e-012	-1.244341e-008	-2.228423e-010	-1.553904e-010
2.250000e+001	2.594472e-006	2.661394e-006	8.264429e-007	1.000000e+000	-9.234482e-009	7.420198e-010	0.000000e+000	0.000000e+000	3.023396e-012	-8.489439e-009	-1.514098e-010	-1.134683e-010
2.260000e+001	1.736145e-006	1.785039e-006	5.947205e-007	1.000000e+000	-6.285245e-009	5.177032e-010	0.000000e+000	0.000000e+000	3.171799e-012	-5.764370e-009	-1.024124e-010	-8.249175e-011
2.270000e+001	1.158338e-006	1.193435e-006	4.265870e-007	1.000000e+000	-4.258685e-009	3.587443e-010	0.000000e+000	0.000000e+000	2.837892e-012	-3.897103e-009	-6.898682e-011	-5.972763e-011
2.280000e+001	7.707979e-007	7.956258e-007	3.050709e-007	1.000000e+000	-2.873757e-009	2.470544e-010	0.000000e+000	0.000000e+000	2.340035e-012	-2.624362e-009	-4.629784e-011	-4.308262e-011
2.290000e+001	5.117308e-007	5.290778e-007	2.175653e-007	1.000000e+000	-1.932035e-009	1.691791e-010	0.000000e+000	0.000000e+000	1.835003e-012	-1.761021e-009	-3.096670e-011	-3.096817e-011
2.300000e+001	3.390585e-007	3.510501e-007	1.547624e-007	1.000000e+000	-1.294591e-009	1.152581e-010	0.000000e+000	0.000000e+000	1.390544e-012	-1.177942e-009	-2.065008e-011	-2.218867e-011
2.310000e+001	2.242708e-007	2.324836e-007	1.098281e-007	1.000000e+000	-8.648854e-010	7.815859e-011	0.000000e+000	0.000000e+000	1.027809e-012	-7.856990e-010	-1.373374e-011	-1.585101e-011
2.320000e+001	1.481376e-007	1.537167e-007	7.777023e-008	1.000000e+000	-5.762932e-010	5.277863e-011	0.000000e+000	0.000000e+000	7.454265e-013	-5.227692e-010	-9.112552e-012	-1.129259e-011
2.330000e+001	9.774161e-008	1.015040e-007	5.495910e-008	1.000000e+000	-3.831182e-010	3.550591e-011	0.000000e+000	0.000000e+000	5.326352e-013	-3.470797e-010	-6.034124e-012	-8.024794e-012
2.340000e+001	6.443745e-008	6.695839e-008	3.876695e-008	1.000000e+000	-2.541953e-010	2.380563e-011	0.000000e+000	0.000000e+000	3.760634e-013	-2.300136e-010	-3.988845e-012	-5.689385e-012
2.350000e+001	4.245824e-008	4.413752e-008	2.729883e-008	1.000000e+000	-1.683776e-010	1.591336e-011	0.000000e+000	0.000000e+000	2.629396e-013	-1.522013e-010	-2.633121e-012	-4.025024e-012
2.360000e+001	2.796833e-008	2.908111e-008	1.919318e-008	1.000000e+000	-1.113824e-010	1.060981e-011	0.000000e+000	0.000000e+000	1.823729e-013	-1.005902e-010	-1.736256e-012	-2.841964e-012
2.370000e+001	1.842316e-008	1.915705e-008	1.347493e-008	1.000000e+000	-7.360257e-011	7.057801e-012	0.000000e+000	0.000000e+000	1.256527e-013	-6.641911e-011	-1.143935e-012	-2.003020e-012
2.380000e+001	1.213842e-008	1.262036e-008	9.447886e-009	1.000000e+000	-4.860032e-011	4.685929e-012	0.000000e+000	0.000000e+000	8.609580e-014	-4.382829e-011	-7.532778e-013	-1.409397e-012
2.390000e+001	8.001335e-009	8.316602e-009	6.616364e-009	1.000000e+000	-3.207569e-011	3.106195e-012	0.000000e+000	0.000000e+000	5.872233e-014	-2.891077e-011	-4.958983e-013	-9.902000e-013
2.400000e+001	5.277904e-009	5.483417e-009	4.628342e-009	1.000000e+000	-2.116510e-011	2.056394e-012	0.000000e+000	0.000000e+000	3.990143e-014	-1.906881e-011	-3.264580e-013	-6.947190e-013
2.410000e+001	3.484566e-009	3.618111e-009	3.234402e-009	1.000000e+000	-1.396639e-011	1.360070e-012	0.000000e+000	0.000000e+000	2.702982e-014	-1.257929e-011	-2.149649e-013	-4.867924e-013
2.420000e+001	2.303066e-009	2.389600e-009	2.258205e-009	1.000000e+000	-9.218783e-012	8.989209e-013	0.000000e+000	0.000000e+000	1.826567e-014	-8.301596e-012	-1.416174e-013	-3.407016e-013
2.430000e+001	1.524084e-009	1.580015e-009	1.575319e-009	1.000000e+000	-6.088210e-012	5.938958e-013	0.000000e+000	0.000000e+000	1.231978e-014	-5.481994e-012	-9.336237e-014	-2.382013e-013
2.440000e+001	1.010001e-009	1.046071e-009	1.098100e-009	1.000000e+000	-4.023705e-012	3.923245e-013	0.000000e+000	0.000000e+000	8.297676e-015	-3.623082e-012	-6.160606e-014	-1.663774e-013
2.450000e+001	6.703519e-010	6.935679e-010	7.649155e-010	1.000000e+000	-2.661766e-012	2.592024e-013	0.000000e+000	0.000000e+000	5.583217e-015	-2.396981e-012	-4.069627e-014	-1.161079e-013
2.460000e+001	4.456552e-010	4.605729e-010	5.324888e-010	1.000000e+000	-1.762789e-012	1.713158e-013	0.000000e+000	0.000000e+000	3.754530e-015	-1.587718e-012	-2.691785e-014	-8.096199e-014
2.470000e+001	2.967896e-010	3.063615e-010	3.704742e-010	1.000000e+000	-1.168928e-012	1.132973e-013	0.000000e+000	0.000000e+000	2.524176e-015	-1.053106e-012	-1.782983e-014	-5.641357e-014
2.480000e+001	1.980070e-010	2.041417e-010	2.576197e-010	1.000000e+000	-7.762363e-013	7.498902e-014	0.000000e+000	0.000000e+000	1.697110e-015	-6.995501e-013	-1.182858e-014	-3.928241e-014
2.490000e+001	1.323470e-010	1.362753e-010	1.790584e-010	1.000000e+000	-5.162640e-013	4.968393e-014	0.000000e+000	0.000000e+000	1.141415e-015	-4.654386e-013	-7.860396e-015	-2.733702e-014
2.500000e+001	8.862574e-011	9.113954e-011	1.244011e-010	1.000000e+000	-3.439255e-013	3.295717e-014	0.000000e+000	0.000000e+000	7.681083e-016	-3.102003e-013	-5.232646e-015	-1.901372e-014
2.510000e+001	5.945927e-011	6.106732e-011	8.639433e-011	1.000000e+000	-2.295120e-013	2.189104e-014	0.000000e+000	0.000000e+000	5.172901e-016	-2.071037e-013	-3.489733e-015	-1.321807e-014
2.520000e+001	3.996570e-011	4.099423e-011	5.997820e-011	1.000000e+000	-1.534331e-013	1.456206e-014	0.000000e+000	0.000000e+000	3.487003e-016	-1.385224e-013	-2.331719e-015	-9.184892e-015
2.530000e+001	2.691227e-011	2.757022e-011	4.162588e-011	1.000000e+000	-1.027592e-013	9.702132e-015	0.000000e+000	0.000000e+000	2.353084e-016	-9.282176e-014	-1.560931e-015	-6.379751e-015
2.540000e+001	1.815471e-011	1.857577e-011	2.888074e-011	1.000000e+000	-6.894718e-014	6.474966e-015	0.000000e+000	0.000000e+000	1.589781e-016	-6.231324e-014	-1.046928e-015	-4.429695e-015
2.550000e+001	1.226816e-011	1.253780e-011	2.003274e-011	1.000000e+000	-4.634521e-014	4.328749e-015	0.000000e+000	0.000000e+000	1.075445e-016	-4.190892e-014	-7.035076e-016	-3.074677e-015
2.560000e+001	8.304087e-012	8.476918e-012	1.389216e-011	1.000000e+000	-3.120878e-014	2.899086e-015	0.000000e+000	0.000000e+000	7.284766e-017	-2.823685e-014	-4.736162e-016	-2.133510e-015
2.570000e+001	5.629814e-012	5.740723e-012	9.631793e-012	1.000000e+000	-2.105313e-014	1.945109e-015	0.000000e+000	0.000000e+000	4.941224e-017	-1.905860e-014	-3.194260e-016	-1.480034e-015
2.580000e+001	3.822528e-012	3.893801e-012	6.676682e-012	1.000000e+000	-1.422665e-014	1.307413e-015	0.000000e+000	0.000000e+000	3.356229e-017	-1.288568e-014	-2.158116e-016	-1.026460e-015
2.590000e+001	2.599110e-012	2.644988e-012	4.627417e-012	1.000000e+000	-9.629620e-015	8.803621e-016	0.000000e+000	0.000000e+000	2.282786e-017	-8.726430e-015	-1.460530e-016	-7.117317e-016
2.600000e+001	1.769612e-012	1.799198e-012	3.206625e-012	1.000000e+000	-6.528382e-015	5.938503e-016	0.000000e+000	0.000000e+000	1.554772e-017	-5.918984e-015	-9.900207e-017	-4.934047e-016
2.610000e+001	1.206346e-012	1.225467e-012	2.221753e-012	1.000000e+000	-4.432602e-015	4.012736e-016	0.000000e+000	0.000000e+000	1.060332e-017	-4.020725e-015	-6.721097e-017	-3.419885e-016
2.620000e+001	8.233191e-013	8.357043e-013	1.539172e-012	1.000000e+000	-3.013932e-015	2.715989e-016	0.000000e+000	0.000000e+000	7.240551e-018	-2.735092e-015	-4.569414e-017	-2.370001e-016
2.630000e+001	5.625085e-013	5.705507e-013	1.066172e-012	1.000000e+000	-2.052072e-015	1.841241e-016	0.000000e+000	0.000000e+000	4.950314e-018	-1.862998e-015	-3.110761e-017	-1.642181e-016
2.640000e+001	3.846962e-013	3.899321e-013	7.384509e-013	1.000000e+000	-1.398939e-015	1.250134e-016	0.000000e+000	0.000000e+000	3.388437e-018	-1.270538e-015	-2.120407e-017	-1.137720e-016
2.650000e+001	2.633294e-013	2.667476e-013	5.114153e-013	1.000000e+000	-9.548047e-016	8.500250e-017	0.000000e+000	0.000000e+000	2.321900e-018	-8.674803e-016	-1.447036e-017	-7.881275e-017
2.660000e+001	1.804014e-013	1.826393e-013	3.541502e-013	1.000000e+000	-6.523825e-016	5.787615e-017	0.000000e+000	0.000000e+000	1.592706e-018	-5.929137e-016	-9.885734e-018	-5.458958e-017
2.670000e+001	1.236823e-013	1.251517e-013	2.452259e-013	1.000000e+000	-4.461961e-016	3.945693e-017	0.000000e+000	0.000000e+000	1.093568e-018	-4.056456e-016	-6.760372e-018	-3.780763e-017
2.680000e+001	8.485398e-014	8.582175e-014	1.697905e-013	1.000000e+000	-3.054568e-016	2.693180e-017	0.000000e+000	0.000000e+000	7.515253e-019	-2.777735e-016	-4.627310e-018	-2.618240e-017
2.690000e+001	5.825137e-014	5.889063e-014	1.175523e-013	1.000000e+000	-2.092862e-016	1.840300e-017	0.000000e+000	0.000000e+000	5.168912e-019	-1.903663e-016	-3.169924e-018	-1.813023e-017
2.700000e+001	4.001135e-014	4.043487e-014	8.138079e-014	1.000000e+000	-1.435047e-016	1.258799e-017	0.000000e+000	0.000000e+000	3.557815e-019	-1.305610e-016	-2.173198e-018	-1.255348e-017
2.710000e+001	2.749663e-014	2.777803e-014	5.633627e-014	1.000000e+000	-9.846828e-017	8.618539e-018	0.000000e+000	0.000000e+000	2.450574e-019	-8.960468e-017	-1.490902e-018	-8.691500e-018
2.720000e+001	1.890482e-014	1.909234e-014	3.899702e-014	1.000000e+000	-6.760871e-017	5.905898e-018	0.000000e+000	0.000000e+000	1.688985e-019	-6.153392e-017	-1.023459e-018	-6.017244e-018
2.730000e+001	1.300297e-014	1.312827e-014	2.699316e-014	1.000000e+000	-4.644712e-017	4.050242e-018	0.000000e+000	0.000000e+000	1.164747e-019	-4.228040e-017	-7.029706e-019	-4.165577e-018
2.740000e+001	8.946855e-015	9.030807e-015	1.868342e-014	1.000000e+000	-3.192569e-017	2.779636e-018	0.000000e+000	0.000000e+000	8.036401e-020	-2.906569e-017	-4.830859e-019	-2.883561e-018
2.750000e+001	6.158000e-015	6.214391e-015	1.293126e-014	1.000000e+000	-2.195455e-017	1.908878e-018	0.000000e+000	0.000000e+000	5.547442e-020	-1.999019e-017	-3.321315e-019	-1.996004e-018
2.760000e+001	4.239698e-015	4.277668e-015	8.949694e-015	1.000000e+000	-1.510396e-017	1.311671e-018	0.000000e+000	0.000000e+000	3.830933e-020	-1.375398e-017	-2.284408e-019	-1.381572e-018
2.770000e+001	2.919727e-015	2.945353e-015	6.193834e-015	1.000000e+000	-1.039489e-017	9.017843e-019	0.000000e+000	0.000000e+000	2.646536e-020	-9.466642e-018	-1.571797e-019	-9.562403e-019
2.780000e+001	2.011173e-015	2.028503e-015	4.286433e-015	1.000000e+000	-7.156407e-018	6.202815e-019	0.000000e+000	0.000000e+000	1.828919e-020	-6.517836e-018	-1.081836e-019	-6.618248e-019
2.790000e+001	1.385622e-015	1.397366e-015	2.966322e-015	1.000000e+000	-4.928334e-018	4.268369e-019	0.000000e+000	0.000000e+000	1.264266e-020	-4.488854e-018	-7.448233e-020	-4.580393e-019
2.800000e+001	9.548134e-016	9.627866e-016	2.052708e-015	1.000000e+000	-3.394854e-018	2.938344e-019	0.000000e+000	0.000000e+000	8.741686e-021	-3.092277e-018	-5.129297e-020	-3.169911e-019
2.810000e+001	6.580539e-016	6.634761e-016	1.420441e-015	1.000000e+000	-2.339079e-018	2.023453e-019	0.000000e+000	0.000000e+000	6.045762e-021	-2.130688e-018	-3.533154e-020	-2.193698e-019
2.820000e+001	4.535922e-016	4.572853e-016	9.828950e-016	1.000000e+000	-1.611982e-018	1.393854e-019	0.000000e+000	0.000000e+000	4.182094e-021	-1.468414e-018	-2.434200e-020	-1.518074e-019
2.830000e+001	3.126969e-016	3.152159e-016	6.801105e-016	1.000000e+000	-1.111108e-018	9.604187e-020	0.000000e+000	0.000000e+000	2.893428e-021	-1.012173e-018	-1.677369e-020	-1.050500e-019
2.840000e+001	2.155902e-016	2.173106e-016	4.705878e-016	1.000000e+000	-7.659915e-019	6.619264e-020	0.000000e+000	0.000000e+000	2.002154e-021	-6.977967e-019	-1.156034e-020	-7.269207e-020
2.850000e+001	1.486539e-016	1.498302e-016	3.256051e-016	1.000000e+000	-5.281470e-019	4.563023e-020	0.000000e+000	0.000000e+000	1.385606e-021	-4.811312e-019	-7.968451e-021	-5.029978e-020
2.860000e+001	1.025085e-016	1.033137e-016	2.252845e-016	1.000000e+000	-3.642013e-019	3.146145e-020	0.000000e+000	0.000000e+000	9.590278e-022	-3.317808e-019	-5.493276e-021	-3.480437e-020
2.870000e+001	7.069289e-017	7.124451e-017	1.558697e-016	1.000000e+000	-2.511754e-019	2.169594e-020	0.000000e+000	0.000000e+000	6.638422e-022	-2.288156e-019	-3.787360e-021	-2.408190e-020
2.880000e+001	4.875504e-017	4.913329e-017	1.078406e-016	1.000000e+000	-1.732430e-019	1.496383e-020	0.000000e+000	0.000000e+000	4.595517e-022	-1.578196e-019	-2.611462e-021	-1.666238e-020
2.890000e+001	3.362697e-017	3.388654e-017	7.460937e-017	1.000000e+000	-1.195012e-019	1.032202e-020	0.000000e+000	0.000000e+000	3.181516e-022	-1.088610e-019	-1.800808e-021	-1.152852e-020
2.900000e+001	2.319409e-017	2.337233e-017	5.161732e-017	1.000000e+000	-8.243689e-020	7.120925e-021	0.000000e+000	0.000000e+000	2.202719e-022	-7.509569e-020	-1.241891e-021	-7.976271e-021
2.910000e+001	1.599872e-017	1.612120e-017	3.570989e-017	1.000000e+000	-5.687218e-020	4.913064e-021	0.000000e+000	0.000000e+000	1.525123e-022	-5.180661e-020	-8.565001e-022	-5.518448e-021
2.920000e+001	1.103594e-017	1.112014e-017	2.470432e-017	1.000000e+000	-3.923768e-020	3.390057e-021	0.000000e+000	0.000000e+000	1.056009e-022	-3.574203e-020	-5.907394e-022	-3.817902e-021
2.930000e+001	7.612851e-018	7.670764e-018	1.709027e-017	1.000000e+000	-2.707252e-020	2.339351e-021	0.000000e+000	0.000000e+000	7.312126e-023	-2.466005e-020	-4.074609e-022	-2.641335e-021
2.940000e+001	5.251667e-018	5.291517e-018	1.182269e-017	1.000000e+000	-1.867984e-020	1.614408e-021	0.000000e+000	0.000000e+000	5.063258e-023	-1.701480e-020	-2.810570e-022	-1.827315e-021
2.950000e+001	3.622908e-018	3.650339e-018	8.178540e-018	1.000000e+000	-1.288943e-020	1.114183e-021	0.000000e+000	0.000000e+000	3.506099e-023	-1.174019e-020	-1.938737e-022	-1.264139e-021
2.960000e+001	2.499345e-018	2.518233e-018	5.657533e-018	1.000000e+000	-8.894236e-021	7.689931e-022	0.000000e+000	0.000000e+000	2.427860e-023	-8.100964e-021	-1.337388e-022	-8.745163e-022
2.970000e+001	1.724259e-018	1.737269e-018	3.913546e-018	1.000000e+000	-6.137559e-021	5.307713e-022	0.000000e+000	0.000000e+000	1.681226e-023	-5.589975e-021	-9.225880e-023	-6.049683e-022
2.980000e+001	1.189556e-018	1.198520e-018	2.707111e-018	1.000000e+000	-4.235387e-021	3.663608e-022	0.000000e+000	0.000000e+000	1.164207e-023	-3.857384e-021	-6.364562e-023	-4.184940e-022
2.990000e+001	8.206782e-019	8.268553e-019	1.872552e-018	1.000000e+000	-2.922801e-021	2.528860e-022	0.000000e+000	0.000000e+000	8.061838e-024	-2.661853e-021	-4.390742e-023	-2.894928e-022
3.000000e+001	5.661938e-019	5.704515e-019	1.295252e-018	1.000000e+000	-2.017033e-021	1.745632e-022	0.000000e+000	0.000000e+000	5.582599e-024	-1.836887e-021	-3.029109e-023	-2.002528e-022
3.010000e+001	3.906259e-019	3.935610e-019	8.959153e-019	1.000000e+000	-1.391980e-021	1.205011e-022	0.000000e+000	0.000000e+000	3.865770e-024	-1.267613e-021	-2.089768e-023	-1.385197e-022
3.020000e+001	2.695006e-019	2.715243e-019	6.196870e-019	1.000000e+000	-9.606344e-022	8.318372e-023	0.000000e+000	0.000000e+000	2.676898e-024	-8.747738e-022	-1.441739e-023	-9.581574e-023
3.030000e+001	1.859349e-019	1.873304e-019	4.286180e-019	1.000000e+000	-6.629605e-022	5.742393e-023	0.000000e+000	0.000000e+000	1.853629e-024	-6.036829e-022	-9.946711e-024	-6.627576e-023
3.040000e+001	1.282814e-019	1.292439e-019	2.964567e-019	1.000000e+000	-4.575311e-022	3.964182e-023	0.000000e+000	0.000000e+000	1.283537e-024	-4.166057e-022	-6.862400e-024	-4.584216e-023
3.050000e+001	8.850506e-020	8.916886e-020	2.050430e-019	1.000000e+000	-3.157594e-022	2.736650e-023	0.000000e+000	0.000000e+000	8.887671e-025	-2.875042e-022	-4.734514e-024	-3.170794e-023
3.060000e+001	6.106232e-020	6.152020e-020	1.418148e-019	1.000000e+000	-2.179186e-022	1.889249e-023	0.000000e+000	0.000000e+000	6.154045e-025	-1.984107e-022	-3.266459e-024	-2.193127e-023
3.070000e+001	4.212880e-020	4.244466e-020	9.808240e-020	1.000000e+000	-1.503951e-022	1.304254e-023	0.000000e+000	0.000000e+000	4.261144e-025	-1.369265e-022	-2.253621e-024	-1.516884e-023
3.080000e+001	2.906600e-020	2.928390e-020	6.783498e-020	1.000000e+000	-1.037945e-022	9.004049e-024	0.000000e+000	0.000000e+000	2.950422e-025	-9.449541e-023	-1.554840e-024	-1.049140e-023
3.090000e+001	2.005355e-020	2.020389e-020	4.691475e-020	1.000000e+000	-7.163342e-023	6.216062e-024	0.000000e+000	0.000000e+000	2.042838e-025	-6.521307e-023	-1.072733e-024	-7.256179e-024
3.100000e+001	1.383558e-020	1.393930e-020	3.244579e-020	1.000000e+000	-4.943759e-023	4.291352e-024	0.000000e+000	0.000000e+000	1.414411e-025	-4.500480e-023	-7.401131e-025	-5.018516e-024
3.110000e+001	9.545590e-021	9.617160e-021	2.243884e-020	1.000000e+000	-3.411922e-023	2.962606e-024	0.000000e+000	0.000000e+000	9.792839e-026	-3.105868e-023	-5.106283e-025	-3.470849e-024
3.120000e+001	6.585787e-021	6.635171e-021	1.551800e-020	1.000000e+000	-2.354727e-023	2.045285e-024	0.000000e+000	0.000000e+000	6.780050e-026	-2.143418e-023	-3.522992e-025	-2.400431e-024
3.130000e+001	4.543723e-021	4.577800e-021	1.073160e-020	1.000000e+000	-1.625105e-023	1.411998e-024	0.000000e+000	0.000000e+000	4.694056e-026	-1.479211e-023	-2.430626e-025	-1.660107e-024
3.140000e+001	3.134839e-021	3.158353e-021	7.421415e-021	1.000000e+000	-1.121558e-023	9.747962e-025	0.000000e+000	0.000000e+000	3.249784e-026	-1.020829e-023	-1.676966e-025	-1.148090e-024
3.150000e+001	2.162806e-021	2.179032e-021	5.132185e-021	1.000000e+000	-7.740360e-024	6.729660e-025	0.000000e+000	0.000000e+000	2.249840e-026	-7.044895e-024	-1.156991e-025	-7.939794e-025
3.160000e+001	1.492172e-021	1.503369e-021	3.549044e-021	1.000000e+000	-5.341946e-024	4.645918e-025	0.000000e+000	0.000000e+000	1.557541e-026	-4.861779e-024	-7.982424e-026	-5.490803e-025
3.170000e+001	1.029482e-021	1.037209e-021	2.454223e-021	1.000000e+000	-3.686690e-024	3.207369e-025	0.000000e+000	0.000000e+000	1.078247e-026	-3.355171e-024	-5.507300e-026	-3.797134e-025
3.180000e+001	7.102604e-022	7.155930e-022	1.697111e-021	1.000000e+000	-2.544325e-024	2.214242e-025	0.000000e+000	0.000000e+000	7.464271e-027	-2.315436e-024	-3.799633e-026	-2.625847e-025
3.190000e+001	4.900215e-022	4.937015e-022	1.173546e-021	1.000000e+000	-1.755929e-024	1.528621e-025	0.000000e+000	0.000000e+000	5.167105e-027	-1.597900e-024	-2.621462e-026	-1.815835e-025
3.200000e+001	3.380736e-022	3.406132e-022	8.114908e-022	1.000000e+000	-1.211825e-024	1.055293e-025	0.000000e+000	0.000000e+000	3.576825e-027	-1.102719e-024	-1.808607e-026	-1.255674e-025
