TIME          	MC CONC       	STS CONC      	HTS CONC      	SED CONC      	ADV dm/dt     	DISP dm/dt    	DECAY dm/dt   	SORPTION dm/dt	STORAGE dm/dt 	MC dm/dt      	STS dm/dt     	HTS dm/dt     
(hr)          	mg/L          	mg/L          	mg/L          	mg/L          	(mg/L)·(m²/s)  	(mg/L)·(m²/s)  	(mg/L)·(m²/s)  	(mg/L)·(m²/s)  	(mg/L)·(m²/s)  	(mg/L)·(m²/s)  	(mg/L)·(m²/s)  	(mg/L)·(m²/s)  
0.000000e+000	6.366144e-002	5.133138e-002	6.366144e-002	0.000000e+000	5.074334e-005	1.528721e-006	0.000000e+000	0.000000e+000	-2.643566e-006	4.962849e-005	-3.489776e-022	0.000000e+000
1.000000e-001	6.366144e-002	5.133138e-002	6.366144e-002	1.000000e+000	5.074334e-005	1.528721e-006	0.000000e+000	0.000000e+000	-2.643566e-006	4.962849e-005	1.081830e-020	3.111150e-021
2.000000e-001	6.366144e-002	5.133138e-002	6.366144e-002	1.000000e+000	5.074334e-005	1.528721e-006	0.000000e+000	0.000000e+000	-2.643566e-006	4.962849e-005	1.570399e-020	5.688960e-021
3.000000e-001	6.366144e-002	5.133138e-002	6.366144e-002	1.000000e+000	5.074334e-005	1.528721e-006	0.000000e+000	0.000000e+000	-2.643566e-006	4.962849e-005	1.709990e-020	8.889001e-021
4.000000e-001	6.366144e-002	5.133138e-002	6.366144e-002	1.000000e+000	5.074334e-005	1.528721e-006	0.000000e+000	0.000000e+000	-2.643566e-006	4.962849e-005	4.537057e-018	1.818690e-019
5.000000e-001	6.366144e-002	5.133138e-002	6.366144e-002	1.000000e+000	5.074334e-005	1.528721e-006	0.000000e+000	0.000000e+000	-2.643566e-006	4.962849e-005	1.096202e-015	4.504546e-017
6.000000e-001	6.366145e-002	5.133138e-002	6.366144e-002	1.000000e+000	5.074334e-005	1.528723e-006	0.000000e+000	0.000000e+000	-2.643566e-006	4.962850e-005	5.701636e-014	2.560424e-015
7.000000e-001	6.366145e-002	5.133138e-002	6.366144e-002	1.000000e+000	5.074345e-005	1.528760e-006	0.000000e+000	0.000000e+000	-2.643567e-006	4.962864e-005	1.072726e-012	5.308476e-014
8.000000e-001	6.366153e-002	5.133141e-002	6.366145e-002	1.000000e+000	5.074431e-005	1.529018e-006	0.000000e+000	0.000000e+000	-2.643578e-006	4.962975e-005	9.986963e-012	5.483138e-013
9.000000e-001	6.366199e-002	5.133160e-002	6.366145e-002	1.000000e+000	5.074857e-005	1.530111e-006	0.000000e+000	0.000000e+000	-2.643637e-006	4.963505e-005	5.611473e-011	3.437557e-012
1.000000e+000	6.366379e-002	5.133246e-002	6.366147e-002	1.000000e+000	5.076304e-005	1.533273e-006	0.000000e+000	0.000000e+000	-2.643853e-006	4.965246e-005	2.169452e-010	1.490069e-011
1.100000e+000	6.366916e-002	5.133523e-002	6.366154e-002	1.000000e+000	5.079978e-005	1.540091e-006	0.000000e+000	0.000000e+000	-2.644444e-006	4.969543e-005	6.311272e-010	4.881285e-011
1.200000e+000	6.368182e-002	5.134228e-002	6.366174e-002	1.000000e+000	5.087422e-005	1.551725e-006	0.000000e+000	0.000000e+000	-2.645727e-006	4.978021e-005	1.471274e-009	1.286569e-010
1.300000e+000	6.370678e-002	5.135712e-002	6.366221e-002	1.000000e+000	5.099997e-005	1.568079e-006	0.000000e+000	0.000000e+000	-2.648053e-006	4.992000e-005	2.875988e-009	2.854870e-010
1.400000e+000	6.374930e-002	5.138388e-002	6.366319e-002	1.000000e+000	5.118303e-005	1.587511e-006	0.000000e+000	0.000000e+000	-2.651696e-006	5.011885e-005	4.874805e-009	5.515693e-010
1.500000e+000	6.381355e-002	5.142639e-002	6.366495e-002	1.000000e+000	5.141812e-005	1.607262e-006	0.000000e+000	0.000000e+000	-2.656759e-006	5.036862e-005	7.348460e-009	9.518432e-010
1.600000e+000	6.390148e-002	5.148715e-002	6.366784e-002	1.000000e+000	5.168905e-005	1.624349e-006	0.000000e+000	0.000000e+000	-2.663130e-006	5.065027e-005	1.004543e-008	1.496523e-009
1.700000e+000	6.401215e-002	5.156660e-002	6.367219e-002	1.000000e+000	5.197260e-005	1.636453e-006	0.000000e+000	0.000000e+000	-2.670502e-006	5.093855e-005	1.264475e-008	2.177479e-009
1.800000e+000	6.414188e-002	5.166297e-002	6.367831e-002	1.000000e+000	5.224401e-005	1.642451e-006	0.000000e+000	0.000000e+000	-2.678448e-006	5.120801e-005	1.483586e-008	2.969258e-009
1.900000e+000	6.428497e-002	5.177251e-002	6.368641e-002	1.000000e+000	5.248211e-005	1.642482e-006	0.000000e+000	0.000000e+000	-2.686504e-006	5.143809e-005	1.638553e-008	3.833865e-009
2.000000e+000	6.443468e-002	5.189026e-002	6.369661e-002	1.000000e+000	5.267266e-005	1.637657e-006	0.000000e+000	0.000000e+000	-2.694250e-006	5.161607e-005	1.717415e-008	4.727448e-009
2.100000e+000	6.458432e-002	5.201083e-002	6.370894e-002	1.000000e+000	5.280941e-005	1.629597e-006	0.000000e+000	0.000000e+000	-2.701363e-006	5.173764e-005	1.719865e-008	5.606960e-009
2.200000e+000	6.472802e-002	5.212914e-002	6.372331e-002	1.000000e+000	5.289335e-005	1.619993e-006	0.000000e+000	0.000000e+000	-2.707636e-006	5.180571e-005	1.655033e-008	6.435379e-009
2.300000e+000	6.486128e-002	5.224099e-002	6.373956e-002	1.000000e+000	5.293084e-005	1.610287e-006	0.000000e+000	0.000000e+000	-2.712976e-006	5.182815e-005	1.538004e-008	7.184854e-009
2.400000e+000	6.498115e-002	5.234335e-002	6.375749e-002	1.000000e+000	5.293127e-005	1.601510e-006	0.000000e+000	0.000000e+000	-2.717382e-006	5.181540e-005	1.386216e-008	7.837774e-009
2.500000e+000	6.508613e-002	5.243438e-002	6.377685e-002	1.000000e+000	5.290506e-005	1.594251e-006	0.000000e+000	0.000000e+000	-2.720922e-006	5.177839e-005	1.216532e-008	8.386182e-009
2.600000e+000	6.517599e-002	5.251335e-002	6.379739e-002	1.000000e+000	5.286205e-005	1.588721e-006	0.000000e+000	0.000000e+000	-2.723700e-006	5.172708e-005	1.043291e-008	8.830157e-009
2.700000e+000	6.525142e-002	5.258041e-002	6.381888e-002	1.000000e+000	5.281059e-005	1.584859e-006	0.000000e+000	0.000000e+000	-2.725840e-006	5.166961e-005	8.773610e-009	9.175712e-009
2.800000e+000	6.531374e-002	5.263635e-002	6.384108e-002	1.000000e+000	5.275707e-005	1.582436e-006	0.000000e+000	0.000000e+000	-2.727465e-006	5.161204e-005	7.259963e-009	9.432681e-009
2.900000e+000	6.536458e-002	5.268234e-002	6.386379e-002	1.000000e+000	5.270593e-005	1.581152e-006	0.000000e+000	0.000000e+000	-2.728686e-006	5.155840e-005	5.932122e-009	9.612866e-009
3.000000e+000	6.540572e-002	5.271975e-002	6.388686e-002	1.000000e+000	5.265991e-005	1.580697e-006	0.000000e+000	0.000000e+000	-2.729600e-006	5.151101e-005	4.804400e-009	9.728592e-009
3.100000e+000	6.543885e-002	5.274997e-002	6.391014e-002	1.000000e+000	5.262038e-005	1.580796e-006	0.000000e+000	0.000000e+000	-2.730288e-006	5.147088e-005	3.872528e-009	9.791686e-009
3.200000e+000	6.546553e-002	5.277431e-002	6.393352e-002	1.000000e+000	5.258769e-005	1.581227e-006	0.000000e+000	0.000000e+000	-2.730810e-006	5.143811e-005	3.120389e-009	9.812856e-009
3.300000e+000	6.548712e-002	5.279396e-002	6.395690e-002	1.000000e+000	5.256157e-005	1.581822e-006	0.000000e+000	0.000000e+000	-2.731216e-006	5.141218e-005	2.525529e-009	9.801374e-009
3.400000e+000	6.550477e-002	5.280993e-002	6.398023e-002	1.000000e+000	5.254135e-005	1.582469e-006	0.000000e+000	0.000000e+000	-2.731540e-006	5.139228e-005	2.063257e-009	9.764992e-009
3.500000e+000	6.551941e-002	5.282306e-002	6.400345e-002	1.000000e+000	5.252619e-005	1.583093e-006	0.000000e+000	0.000000e+000	-2.731807e-006	5.137748e-005	1.709405e-009	9.710001e-009
3.600000e+000	6.553176e-002	5.283403e-002	6.402652e-002	1.000000e+000	5.251522e-005	1.583656e-006	0.000000e+000	0.000000e+000	-2.732036e-006	5.136684e-005	1.441969e-009	9.641387e-009
3.700000e+000	6.554242e-002	5.284337e-002	6.404941e-002	1.000000e+000	5.250760e-005	1.584138e-006	0.000000e+000	0.000000e+000	-2.732239e-006	5.135950e-005	1.241921e-009	9.563013e-009
3.800000e+000	6.555182e-002	5.285151e-002	6.407211e-002	1.000000e+000	5.250261e-005	1.584538e-006	0.000000e+000	0.000000e+000	-2.732424e-006	5.135473e-005	1.093431e-009	9.477821e-009
3.900000e+000	6.556029e-002	5.285875e-002	6.409460e-002	1.000000e+000	5.249964e-005	1.584860e-006	0.000000e+000	0.000000e+000	-2.732597e-006	5.135190e-005	9.837357e-010	9.388010e-009
4.000000e+000	6.556807e-002	5.286533e-002	6.411687e-002	1.000000e+000	5.249818e-005	1.585115e-006	0.000000e+000	0.000000e+000	-2.732763e-006	5.135053e-005	9.028017e-010	9.295202e-009
4.100000e+000	6.557535e-002	5.287142e-002	6.413892e-002	1.000000e+000	5.249782e-005	1.585313e-006	0.000000e+000	0.000000e+000	-2.732922e-006	5.135021e-005	8.429141e-010	9.200577e-009
4.200000e+000	6.558224e-002	5.287715e-002	6.416074e-002	1.000000e+000	5.249828e-005	1.585465e-006	0.000000e+000	0.000000e+000	-2.733077e-006	5.135067e-005	7.982496e-010	9.104980e-009
4.300000e+000	6.558885e-002	5.288261e-002	6.418234e-002	1.000000e+000	5.249931e-005	1.585582e-006	0.000000e+000	0.000000e+000	-2.733228e-006	5.135166e-005	7.644843e-010	9.009011e-009
4.400000e+000	6.559524e-002	5.288786e-002	6.420370e-002	1.000000e+000	5.250073e-005	1.585670e-006	0.000000e+000	0.000000e+000	-2.733376e-006	5.135303e-005	7.384534e-010	8.913091e-009
4.500000e+000	6.560145e-002	5.289294e-002	6.422484e-002	1.000000e+000	5.250243e-005	1.585738e-006	0.000000e+000	0.000000e+000	-2.733522e-006	5.135465e-005	7.178709e-010	8.817511e-009
4.600000e+000	6.560752e-002	5.289790e-002	6.424575e-002	1.000000e+000	5.250432e-005	1.585791e-006	0.000000e+000	0.000000e+000	-2.733666e-006	5.135644e-005	7.011040e-010	8.722470e-009
4.700000e+000	6.561347e-002	5.290275e-002	6.426643e-002	1.000000e+000	5.250631e-005	1.585832e-006	0.000000e+000	0.000000e+000	-2.733807e-006	5.135834e-005	6.869989e-010	8.628102e-009
4.800000e+000	6.561932e-002	5.290751e-002	6.428689e-002	1.000000e+000	5.250838e-005	1.585865e-006	0.000000e+000	0.000000e+000	-2.733946e-006	5.136030e-005	6.747476e-010	8.534496e-009
4.900000e+000	6.562507e-002	5.291219e-002	6.430712e-002	1.000000e+000	5.251048e-005	1.585893e-006	0.000000e+000	0.000000e+000	-2.734083e-006	5.136229e-005	6.637897e-010	8.441709e-009
5.000000e+000	6.563073e-002	5.291679e-002	6.432714e-002	1.000000e+000	5.251260e-005	1.585915e-006	0.000000e+000	0.000000e+000	-2.734218e-006	5.136430e-005	6.537389e-010	8.349779e-009
5.100000e+000	6.563632e-002	5.292133e-002	6.434694e-002	1.000000e+000	5.251472e-005	1.585935e-006	0.000000e+000	0.000000e+000	-2.734352e-006	5.136630e-005	6.443310e-010	8.258725e-009
5.200000e+000	6.564182e-002	5.292580e-002	6.436652e-002	1.000000e+000	5.251682e-005	1.585953e-006	0.000000e+000	0.000000e+000	-2.734483e-006	5.136829e-005	6.353852e-010	8.168560e-009
5.300000e+000	6.564725e-002	5.293021e-002	6.438589e-002	1.000000e+000	5.251890e-005	1.585965e-006	0.000000e+000	0.000000e+000	-2.734612e-006	5.137025e-005	6.266946e-010	8.079285e-009
5.400000e+000	6.565260e-002	5.293456e-002	6.440504e-002	1.000000e+000	5.252079e-005	1.585916e-006	0.000000e+000	0.000000e+000	-2.734737e-006	5.137197e-005	6.166179e-010	7.990822e-009
5.500000e+000	6.565775e-002	5.293881e-002	6.442399e-002	1.000000e+000	5.252133e-005	1.585478e-006	0.000000e+000	0.000000e+000	-2.734844e-006	5.137196e-005	5.929007e-010	7.902474e-009
5.600000e+000	6.566218e-002	5.294271e-002	6.444272e-002	1.000000e+000	5.251602e-005	1.583632e-006	0.000000e+000	0.000000e+000	-2.734866e-006	5.136478e-005	5.054365e-010	7.810877e-009
5.700000e+000	6.566428e-002	5.294544e-002	6.446122e-002	1.000000e+000	5.249387e-005	1.578447e-006	0.000000e+000	0.000000e+000	-2.734625e-006	5.133770e-005	2.287233e-010	7.705793e-009
5.800000e+000	6.566043e-002	5.294495e-002	6.447944e-002	1.000000e+000	5.243488e-005	1.567070e-006	0.000000e+000	0.000000e+000	-2.733765e-006	5.126818e-005	-4.639356e-010	7.564527e-009
5.900000e+000	6.564382e-002	5.293713e-002	6.449723e-002	1.000000e+000	5.230472e-005	1.544655e-006	0.000000e+000	0.000000e+000	-2.731659e-006	5.111771e-005	-1.947709e-009	7.344134e-009
6.000000e+000	6.560168e-002	5.291431e-002	6.451433e-002	1.000000e+000	5.203922e-005	1.501334e-006	0.000000e+000	0.000000e+000	-2.727138e-006	5.081341e-005	-4.913641e-009	6.964699e-009
6.100000e+000	6.550992e-002	5.286198e-002	6.453020e-002	1.000000e+000	5.151775e-005	1.419233e-006	0.000000e+000	0.000000e+000	-2.717993e-006	5.021899e-005	-1.067487e-008	6.275310e-009
6.200000e+000	6.532547e-002	5.275356e-002	6.454380e-002	1.000000e+000	5.054352e-005	1.274338e-006	0.000000e+000	0.000000e+000	-2.700424e-006	4.911744e-005	-2.139102e-008	5.006763e-009
6.300000e+000	6.498083e-002	5.254493e-002	6.455328e-002	1.000000e+000	4.886241e-005	1.046651e-006	0.000000e+000	0.000000e+000	-2.668995e-006	4.724007e-005	-3.980713e-008	2.738576e-009
6.400000e+000	6.438745e-002	5.217347e-002	6.455562e-002	1.000000e+000	4.624005e-005	7.358244e-007	0.000000e+000	0.000000e+000	-2.617600e-006	4.435827e-005	-6.825666e-008	-1.077154e-009
6.500000e+000	6.345254e-002	5.156599e-002	6.454645e-002	1.000000e+000	4.258052e-005	3.733467e-007	0.000000e+000	0.000000e+000	-2.541469e-006	4.041240e-005	-1.071728e-007	-7.006755e-009
6.600000e+000	6.210737e-002	5.065681e-002	6.452020e-002	1.000000e+000	3.803382e-005	2.206669e-008	0.000000e+000	0.000000e+000	-2.439545e-006	3.561634e-005	-1.538258e-007	-1.545467e-008
6.700000e+000	6.033769e-002	4.941145e-002	6.447071e-002	1.000000e+000	3.302931e-005	-2.406484e-007	0.000000e+000	0.000000e+000	-2.316114e-006	3.047255e-005	-2.021032e-007	-2.647276e-008
6.800000e+000	5.820255e-002	4.784667e-002	6.439225e-002	1.000000e+000	2.819419e-005	-3.519415e-007	0.000000e+000	0.000000e+000	-2.180655e-006	2.566159e-005	-2.438022e-007	-3.964621e-008
6.900000e+000	5.582970e-002	4.603653e-002	6.428062e-002	1.000000e+000	2.416557e-005	-2.927187e-007	0.000000e+000	0.000000e+000	-2.045525e-006	2.182732e-005	-2.712270e-007	-5.412983e-008
7.000000e+000	5.338477e-002	4.409848e-002	6.413396e-002	1.000000e+000	2.136687e-005	-1.008791e-007	0.000000e+000	0.000000e+000	-1.922130e-006	1.934387e-005	-2.800914e-007	-6.885067e-008
7.100000e+000	5.102465e-002	4.216232e-002	6.395294e-002	1.000000e+000	1.985654e-005	1.420339e-007	0.000000e+000	0.000000e+000	-1.817274e-006	1.818130e-005	-2.712772e-007	-8.280827e-008
7.200000e+000	4.885444e-002	4.033410e-002	6.374025e-002	1.000000e+000	1.932783e-005	3.449845e-007	0.000000e+000	0.000000e+000	-1.731413e-006	1.794140e-005	-2.504462e-007	-9.534661e-008
7.300000e+000	4.690590e-002	3.866997e-002	6.349959e-002	1.000000e+000	1.925278e-005	4.431150e-007	0.000000e+000	0.000000e+000	-1.659496e-006	1.803640e-005	-2.257216e-007	-1.062859e-007
7.400000e+000	4.514319e-002	3.716955e-002	6.323454e-002	1.000000e+000	1.908930e-005	4.171644e-007	0.000000e+000	0.000000e+000	-1.593670e-006	1.791280e-005	-2.046831e-007	-1.158787e-007
7.500000e+000	4.348920e-002	3.578845e-002	6.294772e-002	1.000000e+000	1.845495e-005	2.910182e-007	0.000000e+000	0.000000e+000	-1.526406e-006	1.721957e-005	-1.920633e-007	-1.246357e-007
7.600000e+000	4.185876e-002	3.446201e-002	6.264047e-002	1.000000e+000	1.720644e-005	1.133080e-007	0.000000e+000	0.000000e+000	-1.452751e-006	1.586699e-005	-1.889314e-007	-1.331110e-007
7.700000e+000	4.018570e-002	3.312944e-002	6.231290e-002	1.000000e+000	1.542095e-005	-6.424587e-008	0.000000e+000	0.000000e+000	-1.371134e-006	1.398557e-005	-1.933024e-007	-1.417291e-007
7.800000e+000	3.843814e-002	3.175079e-002	6.196439e-002	1.000000e+000	1.332842e-005	-1.988974e-007	0.000000e+000	0.000000e+000	-1.283077e-006	1.184645e-005	-2.013978e-007	-1.506904e-007
7.900000e+000	3.662455e-002	3.031573e-002	6.159414e-002	1.000000e+000	1.125436e-005	-2.565151e-007	0.000000e+000	0.000000e+000	-1.192677e-006	9.805173e-006	-2.086478e-007	-1.599352e-007
8.000000e+000	3.479593e-002	2.884709e-002	6.120182e-002	1.000000e+000	9.587273e-006	-2.088974e-007	0.000000e+000	0.000000e+000	-1.106297e-006	8.272079e-006	-2.101933e-007	-1.691350e-007
8.100000e+000	3.304434e-002	2.740143e-002	6.078817e-002	1.000000e+000	8.742291e-006	-3.602389e-008	0.000000e+000	0.000000e+000	-1.032136e-006	7.674130e-006	-2.013322e-007	-1.777048e-007
8.200000e+000	3.150114e-002	2.606719e-002	6.035563e-002	1.000000e+000	9.185537e-006	2.982889e-007	0.000000e+000	0.000000e+000	-9.802208e-007	8.503605e-006	-1.774207e-007	-1.848188e-007
8.300000e+000	3.037771e-002	2.497753e-002	5.990908e-002	1.000000e+000	1.193222e-005	9.945313e-007	0.000000e+000	0.000000e+000	-9.686442e-007	1.195811e-005	-1.285440e-007	-1.891544e-007
8.400000e+000	3.016562e-002	2.440251e-002	5.945825e-002	1.000000e+000	2.013294e-005	2.723477e-006	0.000000e+000	0.000000e+000	-1.047986e-006	2.180844e-005	-2.111828e-008	-1.876252e-007
8.500000e+000	3.209610e-002	2.501305e-002	5.902505e-002	1.000000e+000	4.142522e-005	6.825345e-006	0.000000e+000	0.000000e+000	-1.346121e-006	4.690444e-005	2.304343e-007	-1.724853e-007
8.600000e+000	3.873047e-002	2.830839e-002	5.865915e-002	1.000000e+000	8.906033e-005	1.499517e-005	0.000000e+000	0.000000e+000	-2.106846e-006	1.019487e-004	7.766113e-007	-1.276472e-007
8.700000e+000	5.428053e-002	3.699111e-002	5.846076e-002	1.000000e+000	1.796675e-004	2.843272e-005	0.000000e+000	0.000000e+000	-3.680076e-006	2.044202e-004	1.801810e-006	-2.677526e-008
8.800000e+000	8.425945e-002	5.496311e-002	5.860325e-002	1.000000e+000	3.277039e-004	4.697009e-005	0.000000e+000	0.000000e+000	-6.445469e-006	3.682285e-004	3.450536e-006	1.643331e-007
8.900000e+000	1.344036e-001	8.675696e-002	5.934429e-002	1.000000e+000	5.391676e-004	6.877491e-005	0.000000e+000	0.000000e+000	-1.069621e-005	5.972463e-004	5.747459e-006	4.807700e-007
9.000000e+000	2.092198e-001	1.365208e-001	6.101710e-002	1.000000e+000	8.077904e-004	9.082179e-005	0.000000e+000	0.000000e+000	-1.653595e-005	8.820762e-004	8.555862e-006	9.492682e-007
9.100000e+000	3.107091e-001	2.069197e-001	6.400041e-002	1.000000e+000	1.115445e-003	1.098465e-004	0.000000e+000	0.000000e+000	-2.383267e-005	1.201459e-003	1.159609e-005	1.580219e-006
9.200000e+000	4.377108e-001	2.983526e-001	6.867385e-002	1.000000e+000	1.436303e-003	1.232974e-004	0.000000e+000	0.000000e+000	-3.224213e-005	1.527359e-003	1.451322e-005	2.363755e-006
9.300000e+000	5.860241e-001	4.087264e-001	7.536998e-002	1.000000e+000	1.742801e-003	1.299133e-004	0.000000e+000	0.000000e+000	-4.128348e-005	1.831431e-003	1.696323e-005	3.270842e-006
9.400000e+000	7.491781e-001	5.338016e-001	8.433417e-002	1.000000e+000	2.011218e-003	1.298107e-004	0.000000e+000	0.000000e+000	-5.043516e-005	2.090593e-003	1.868592e-005	4.258458e-006
9.500000e+000	9.195494e-001	6.679425e-001	9.569974e-002	1.000000e+000	2.225370e-003	1.241823e-004	0.000000e+000	0.000000e+000	-5.922144e-005	2.290331e-003	1.954549e-005	5.276922e-006
9.600000e+000	1.089507e+000	8.050212e-001	1.094811e-001	1.000000e+000	2.377932e-003	1.148108e-004	0.000000e+000	0.000000e+000	-6.727106e-005	2.425472e-003	1.953521e-005	6.277264e-006
9.700000e+000	1.252342e+000	9.392534e-001	1.255826e-001	1.000000e+000	2.469709e-003	1.035865e-004	0.000000e+000	0.000000e+000	-7.434322e-005	2.498953e-003	1.875456e-005	7.217117e-006
9.800000e+000	1.402852e+000	1.065814e+000	1.438198e-001	1.000000e+000	2.507623e-003	9.214913e-005	0.000000e+000	0.000000e+000	-8.032540e-005	2.519447e-003	1.737165e-005	8.064354e-006
9.900000e+000	1.537583e+000	1.181174e+000	1.639449e-001	1.000000e+000	2.502223e-003	8.169592e-005	0.000000e+000	0.000000e+000	-8.521249e-005	2.498707e-003	1.558358e-005	8.798429e-006
1.000000e+001	1.654772e+000	1.283188e+000	1.856747e-001	1.000000e+000	2.465381e-003	7.294126e-005	0.000000e+000	0.000000e+000	-8.907748e-005	2.449245e-003	1.358341e-005	9.409865e-006
1.010000e+001	1.754105e+000	1.370975e+000	2.087152e-001	1.000000e+000	2.408517e-003	6.617602e-005	0.000000e+000	0.000000e+000	-9.204156e-005	2.382651e-003	1.153780e-005	9.898532e-006
1.020000e+001	1.836375e+000	1.444691e+000	2.327807e-001	1.000000e+000	2.341463e-003	6.137122e-005	0.000000e+000	0.000000e+000	-9.424838e-005	2.308585e-003	9.575446e-006	1.027134e-005
1.030000e+001	1.903122e+000	1.505247e+000	2.576081e-001	1.000000e+000	2.271898e-003	5.829033e-005	0.000000e+000	0.000000e+000	-9.584410e-005	2.234344e-003	7.784011e-006	1.053984e-005
1.040000e+001	1.956300e+000	1.554033e+000	2.829651e-001	1.000000e+000	2.205239e-003	5.659304e-005	0.000000e+000	0.000000e+000	-9.696404e-005	2.164868e-003	6.213276e-006	1.071805e-005
1.050000e+001	1.998013e+000	1.592673e+000	3.086539e-001	1.000000e+000	2.144872e-003	5.592086e-005	0.000000e+000	0.000000e+000	-9.772546e-005	2.103068e-003	4.882109e-006	1.082068e-005
1.060000e+001	2.030319e+000	1.622840e+000	3.345116e-001	1.000000e+000	2.092566e-003	5.595594e-005	0.000000e+000	0.000000e+000	-9.822540e-005	2.050297e-003	3.787146e-006	1.086198e-005
1.070000e+001	2.055119e+000	1.646131e+000	3.604077e-001	1.000000e+000	2.048946e-003	5.644862e-005	0.000000e+000	0.000000e+000	-9.854190e-005	2.006853e-003	2.911181e-006	1.085496e-005
1.080000e+001	2.074095e+000	1.663994e+000	3.862410e-001	1.000000e+000	2.013899e-003	5.721651e-005	0.000000e+000	0.000000e+000	-9.873658e-005	1.972379e-003	2.229822e-006	1.081104e-005
1.090000e+001	2.088690e+000	1.677696e+000	4.119355e-001	1.000000e+000	1.986846e-003	5.812468e-005	0.000000e+000	0.000000e+000	-9.885701e-005	1.946113e-003	1.715739e-006	1.073995e-005
1.100000e+001	2.100099e+000	1.688306e+000	4.374362e-001	1.000000e+000	1.966887e-003	5.906149e-005	0.000000e+000	0.000000e+000	-9.893811e-005	1.927010e-003	1.340669e-006	1.064969e-005
1.110000e+001	2.109273e+000	1.696697e+000	4.627053e-001	1.000000e+000	1.952880e-003	5.993018e-005	0.000000e+000	0.000000e+000	-9.900283e-005	1.913808e-003	1.076322e-006	1.054660e-005
1.120000e+001	2.116928e+000	1.703549e+000	4.877182e-001	1.000000e+000	1.943572e-003	6.066564e-005	0.000000e+000	0.000000e+000	-9.906396e-005	1.905174e-003	8.957881e-007	1.043542e-005
1.130000e+001	2.123580e+000	1.709362e+000	5.124598e-001	1.000000e+000	1.937816e-003	6.125769e-005	0.000000e+000	0.000000e+000	-9.912777e-005	1.899946e-003	7.760690e-007	1.031955e-005
1.140000e+001	2.129600e+000	1.714501e+000	5.369222e-001	1.000000e+000	1.934770e-003	6.174871e-005	0.000000e+000	0.000000e+000	-9.919860e-005	1.897320e-003	7.003919e-007	1.020142e-005
1.150000e+001	2.135271e+000	1.719232e+000	5.611020e-001	1.000000e+000	1.933941e-003	6.219745e-005	0.000000e+000	0.000000e+000	-9.928165e-005	1.896857e-003	6.583154e-007	1.008287e-005
1.160000e+001	2.140826e+000	1.723768e+000	5.850003e-001	1.000000e+000	1.935044e-003	6.263783e-005	0.000000e+000	0.000000e+000	-9.938275e-005	1.898299e-003	6.433453e-007	9.965377e-006
1.170000e+001	2.146450e+000	1.728277e+000	6.086208e-001	1.000000e+000	1.937814e-003	6.306539e-005	0.000000e+000	0.000000e+000	-9.950630e-005	1.901373e-003	6.499372e-007	9.850101e-006
1.180000e+001	2.152274e+000	1.732890e+000	6.319701e-001	1.000000e+000	1.941913e-003	6.345519e-005	0.000000e+000	0.000000e+000	-9.965366e-005	1.905714e-003	6.719704e-007	9.737848e-006
1.190000e+001	2.158375e+000	1.737693e+000	6.550557e-001	1.000000e+000	1.946961e-003	6.378885e-005	0.000000e+000	0.000000e+000	-9.982341e-005	1.910927e-003	7.031631e-007	9.629063e-006
1.200000e+001	2.164787e+000	1.742730e+000	6.778864e-001	1.000000e+000	1.952629e-003	6.406882e-005	0.000000e+000	0.000000e+000	-1.000129e-004	1.916685e-003	7.383742e-007	9.523894e-006
1.210000e+001	2.171513e+000	1.748018e+000	7.004705e-001	1.000000e+000	1.958704e-003	6.431420e-005	0.000000e+000	0.000000e+000	-1.002197e-004	1.922798e-003	7.744748e-007	9.422320e-006
1.220000e+001	2.178549e+000	1.753557e+000	7.228168e-001	1.000000e+000	1.965083e-003	6.454535e-005	0.000000e+000	0.000000e+000	-1.004426e-004	1.929185e-003	8.101750e-007	9.324255e-006
1.230000e+001	2.185886e+000	1.759342e+000	7.449333e-001	1.000000e+000	1.971703e-003	6.476643e-005	0.000000e+000	0.000000e+000	-1.006806e-004	1.935789e-003	8.449216e-007	9.229592e-006
1.240000e+001	2.193505e+000	1.765364e+000	7.668280e-001	1.000000e+000	1.978426e-003	6.495285e-005	0.000000e+000	0.000000e+000	-1.009317e-004	1.942447e-003	8.773217e-007	9.138154e-006
1.250000e+001	2.201356e+000	1.771594e+000	7.885082e-001	1.000000e+000	1.984932e-003	6.505246e-005	0.000000e+000	0.000000e+000	-1.011905e-004	1.948794e-003	9.038295e-007	9.049572e-006
1.260000e+001	2.209335e+000	1.777973e+000	8.099800e-001	1.000000e+000	1.990708e-003	6.500531e-005	0.000000e+000	0.000000e+000	-1.014473e-004	1.954266e-003	9.186023e-007	8.963151e-006
1.270000e+001	2.217282e+000	1.784394e+000	8.312473e-001	1.000000e+000	1.995144e-003	6.477381e-005	0.000000e+000	0.000000e+000	-1.016891e-004	1.958228e-003	9.149645e-007	8.877828e-006
1.280000e+001	2.224989e+000	1.790709e+000	8.523112e-001	1.000000e+000	1.997726e-003	6.436755e-005	0.000000e+000	0.000000e+000	-1.019018e-004	1.960192e-003	8.879646e-007	8.792275e-006
1.290000e+001	2.232243e+000	1.796751e+000	8.731695e-001	1.000000e+000	1.998238e-003	6.384944e-005	0.000000e+000	0.000000e+000	-1.020747e-004	1.960013e-003	8.368426e-007	8.705140e-006
1.300000e+001	2.238874e+000	1.802363e+000	8.938170e-001	1.000000e+000	1.996864e-003	6.331805e-005	0.000000e+000	0.000000e+000	-1.022032e-004	1.957979e-003	7.661637e-007	8.615356e-006
1.310000e+001	2.244788e+000	1.807438e+000	9.142467e-001	1.000000e+000	1.994159e-003	6.287329e-005	0.000000e+000	0.000000e+000	-1.022903e-004	1.954742e-003	6.849168e-007	8.522385e-006
1.320000e+001	2.249993e+000	1.811939e+000	9.344511e-001	1.000000e+000	1.990877e-003	6.258389e-005	0.000000e+000	0.000000e+000	-1.023451e-004	1.951116e-003	6.039473e-007	8.426312e-006
1.330000e+001	2.254581e+000	1.815905e+000	9.544232e-001	1.000000e+000	1.987777e-003	6.247521e-005	0.000000e+000	0.000000e+000	-1.023800e-004	1.947872e-003	5.330866e-007	8.327773e-006
1.340000e+001	2.258706e+000	1.819433e+000	9.741585e-001	1.000000e+000	1.985491e-003	6.254105e-005	0.000000e+000	0.000000e+000	-1.024080e-004	1.945624e-003	4.794432e-007	8.227783e-006
1.350000e+001	2.262557e+000	1.822658e+000	9.936549e-001	1.000000e+000	1.984498e-003	6.276444e-005	0.000000e+000	0.000000e+000	-1.024418e-004	1.944821e-003	4.473175e-007	8.127571e-006
1.360000e+001	2.266341e+000	1.825742e+000	1.012913e+000	1.000000e+000	1.985149e-003	6.312668e-005	0.000000e+000	0.000000e+000	-1.024930e-004	1.945783e-003	4.388850e-007	8.028458e-006
1.370000e+001	2.270269e+000	1.828850e+000	1.031938e+000	1.000000e+000	1.987654e-003	6.359980e-005	0.000000e+000	0.000000e+000	-1.025720e-004	1.948682e-003	4.544299e-007	7.931759e-006
1.380000e+001	2.274531e+000	1.832146e+000	1.050737e+000	1.000000e+000	1.992031e-003	6.413701e-005	0.000000e+000	0.000000e+000	-1.026860e-004	1.953482e-003	4.918659e-007	7.838651e-006
1.390000e+001	2.279276e+000	1.835767e+000	1.069318e+000	1.000000e+000	1.998061e-003	6.467568e-005	0.000000e+000	0.000000e+000	-1.028383e-004	1.959898e-003	5.463283e-007	7.750021e-006
1.400000e+001	2.284587e+000	1.839807e+000	1.087694e+000	1.000000e+000	2.005309e-003	6.515287e-005	0.000000e+000	0.000000e+000	-1.030270e-004	1.967435e-003	6.106315e-007	7.666335e-006
1.410000e+001	2.290476e+000	1.844308e+000	1.105877e+000	1.000000e+000	2.013218e-003	6.552320e-005	0.000000e+000	0.000000e+000	-1.032461e-004	1.975495e-003	6.766421e-007	7.587596e-006
1.420000e+001	2.296892e+000	1.849254e+000	1.123877e+000	1.000000e+000	2.021231e-003	6.576965e-005	0.000000e+000	0.000000e+000	-1.034870e-004	1.983513e-003	7.370084e-007	7.513393e-006
1.430000e+001	2.303736e+000	1.854586e+000	1.141705e+000	1.000000e+000	2.028903e-003	6.590338e-005	0.000000e+000	0.000000e+000	-1.037408e-004	1.991066e-003	7.865557e-007	7.443039e-006
1.440000e+001	2.310891e+000	1.860219e+000	1.159369e+000	1.000000e+000	2.035960e-003	6.595319e-005	0.000000e+000	0.000000e+000	-1.039999e-004	1.997913e-003	8.228512e-007	7.375728e-006
1.450000e+001	2.318241e+000	1.866059e+000	1.176876e+000	1.000000e+000	2.042280e-003	6.594944e-005	0.000000e+000	0.000000e+000	-1.042585e-004	2.003970e-003	8.457890e-007	7.310669e-006
1.460000e+001	2.325678e+000	1.872015e+000	1.194230e+000	1.000000e+000	2.047834e-003	6.591108e-005	0.000000e+000	0.000000e+000	-1.045124e-004	2.009232e-003	8.564973e-007	7.247153e-006
1.470000e+001	2.333108e+000	1.878008e+000	1.211433e+000	1.000000e+000	2.052612e-003	6.584191e-005	0.000000e+000	0.000000e+000	-1.047582e-004	2.013696e-003	8.562199e-007	7.184556e-006
1.480000e+001	2.340442e+000	1.883961e+000	1.228487e+000	1.000000e+000	2.056551e-003	6.572507e-005	0.000000e+000	0.000000e+000	-1.049918e-004	2.017284e-003	8.454508e-007	7.122293e-006
1.490000e+001	2.347566e+000	1.889797e+000	1.245393e+000	1.000000e+000	2.059270e-003	6.545243e-005	0.000000e+000	0.000000e+000	-1.052054e-004	2.019517e-003	8.211815e-007	7.059639e-006
1.500000e+001	2.354220e+000	1.895372e+000	1.262148e+000	1.000000e+000	2.059036e-003	6.459521e-005	0.000000e+000	0.000000e+000	-1.053720e-004	2.018260e-003	7.654208e-007	6.994941e-006
1.510000e+001	2.359649e+000	1.900295e+000	1.278741e+000	1.000000e+000	2.050653e-003	6.211015e-005	0.000000e+000	0.000000e+000	-1.054090e-004	2.007355e-003	6.203599e-007	6.923431e-006
1.520000e+001	2.362036e+000	1.903558e+000	1.295146e+000	1.000000e+000	2.023460e-003	5.637298e-005	0.000000e+000	0.000000e+000	-1.051313e-004	1.974702e-003	2.644861e-007	6.833643e-006
1.530000e+001	2.357985e+000	1.903088e+000	1.311294e+000	1.000000e+000	1.961831e-003	4.581407e-005	0.000000e+000	0.000000e+000	-1.042342e-004	1.903411e-003	-4.791250e-007	6.704264e-006
1.540000e+001	2.342528e+000	1.895539e+000	1.327057e+000	1.000000e+000	1.849401e-003	2.987303e-005	0.000000e+000	0.000000e+000	-1.023387e-004	1.776935e-003	-1.785817e-006	6.504292e-006
1.550000e+001	2.309881e+000	1.876586e+000	1.342223e+000	1.000000e+000	1.675493e-003	9.626166e-006	0.000000e+000	0.000000e+000	-9.909666e-005	1.586023e-003	-3.745544e-006	6.198043e-006
1.560000e+001	2.254804e+000	1.841777e+000	1.356500e+000	1.000000e+000	1.440446e-003	-1.234627e-005	0.000000e+000	0.000000e+000	-9.430689e-005	1.333793e-003	-6.298441e-006	5.753816e-006
1.570000e+001	2.174021e+000	1.787648e+000	1.369534e+000	1.000000e+000	1.157184e-003	-3.276628e-005	0.000000e+000	0.000000e+000	-8.799125e-005	1.036427e-003	-9.225520e-006	5.152902e-006
1.580000e+001	2.067194e+000	1.712691e+000	1.380946e+000	1.000000e+000	8.485123e-004	-4.868536e-005	0.000000e+000	0.000000e+000	-8.040109e-005	7.194258e-004	-1.219804e-005	4.395559e-006
1.590000e+001	1.937141e+000	1.617840e+000	1.390384e+000	1.000000e+000	5.415990e-004	-5.826535e-005	0.000000e+000	0.000000e+000	-7.196019e-005	4.113734e-004	-1.486066e-005	3.502087e-006
1.600000e+001	1.789307e+000	1.506361e+000	1.397565e+000	1.000000e+000	2.619593e-004	-6.107305e-005	0.000000e+000	0.000000e+000	-6.317286e-005	1.377134e-004	-1.691391e-005	2.509186e-006
1.610000e+001	1.630759e+000	1.383244e+000	1.402306e+000	1.000000e+000	2.884610e-005	-5.791212e-005	0.000000e+000	0.000000e+000	-5.453047e-005	-8.359649e-005	-1.816989e-005	1.463287e-006
1.620000e+001	1.469019e+000	1.254339e+000	1.404539e+000	1.000000e+000	-1.470199e-004	-5.037660e-005	0.000000e+000	0.000000e+000	-4.644049e-005	-2.438370e-004	-1.857097e-005	4.130101e-007
1.630000e+001	1.311042e+000	1.125474e+000	1.404307e+000	1.000000e+000	-2.634332e-004	-4.034019e-005	0.000000e+000	0.000000e+000	-3.918831e-005	-3.429617e-004	-1.817622e-005	-5.973838e-007
1.640000e+001	1.162493e+000	1.001753e+000	1.401751e+000	1.000000e+000	-3.250671e-004	-2.953825e-005	0.000000e+000	0.000000e+000	-3.293017e-005	-3.875355e-004	-1.712764e-005	-1.532490e-006
1.650000e+001	1.027396e+000	8.871143e-001	1.397080e+000	1.000000e+000	-3.410749e-004	-1.931344e-005	0.000000e+000	0.000000e+000	-2.770841e-005	-3.880968e-004	-1.561008e-005	-2.367900e-006
1.660000e+001	9.080844e-001	7.841609e-001	1.390550e+000	1.000000e+000	-3.226622e-004	-1.052469e-005	0.000000e+000	0.000000e+000	-2.347889e-005	-3.566657e-004	-1.381511e-005	-3.090290e-006
1.670000e+001	8.053962e-001	6.942144e-001	1.382437e+000	1.000000e+000	-2.811013e-004	-3.577703e-006	0.000000e+000	0.000000e+000	-2.014131e-005	-3.048203e-004	-1.191466e-005	-3.696065e-006
1.680000e+001	7.189825e-001	6.175097e-001	1.373016e+000	1.000000e+000	-2.263887e-004	1.476326e-006	0.000000e+000	0.000000e+000	-1.756655e-005	-2.424789e-004	-1.004599e-005	-4.189217e-006
1.690000e+001	6.476633e-001	5.534615e-001	1.362545e+000	1.000000e+000	-1.665372e-004	4.820109e-006	0.000000e+000	0.000000e+000	-1.561791e-005	-1.773350e-004	-8.306395e-006	-4.578958e-006
1.700000e+001	5.897599e-001	5.009394e-001	1.351255e+000	1.000000e+000	-1.073816e-004	6.759166e-006	0.000000e+000	0.000000e+000	-1.416560e-005	-1.147880e-004	-6.755250e-006	-4.877531e-006
1.710000e+001	5.433706e-001	4.585135e-001	1.339349e+000	1.000000e+000	-5.273050e-005	7.635907e-006	0.000000e+000	0.000000e+000	-1.309496e-005	-5.818956e-005	-5.420077e-006	-5.098404e-006
1.720000e+001	5.065768e-001	4.246502e-001	1.326996e+000	1.000000e+000	-4.709320e-006	7.772656e-006	0.000000e+000	0.000000e+000	-1.231012e-005	-9.246785e-006	-4.304412e-006	-5.254951e-006
1.730000e+001	4.775801e-001	3.978519e-001	1.314334e+000	1.000000e+000	3.582532e-005	7.439593e-006	0.000000e+000	0.000000e+000	-1.173416e-005	3.153076e-005	-3.395640e-006	-5.359576e-006
1.740000e+001	4.547793e-001	3.767452e-001	1.301473e+000	1.000000e+000	6.887547e-005	6.840727e-006	0.000000e+000	0.000000e+000	-1.130726e-005	6.440894e-005	-2.671880e-006	-5.423244e-006
1.750000e+001	4.368001e-001	3.601257e-001	1.288500e+000	1.000000e+000	9.494188e-005	6.113058e-006	0.000000e+000	0.000000e+000	-1.098369e-005	9.007125e-005	-2.107479e-006	-5.455308e-006
1.760000e+001	4.224922e-001	3.469695e-001	1.275480e+000	1.000000e+000	1.147489e-004	5.337293e-006	0.000000e+000	0.000000e+000	-1.072851e-005	1.093577e-004	-1.676865e-006	-5.463558e-006
1.770000e+001	4.109082e-001	3.364248e-001	1.262462e+000	1.000000e+000	1.290760e-004	4.556753e-006	0.000000e+000	0.000000e+000	-1.051487e-005	1.231179e-004	-1.356638e-006	-5.454375e-006
1.780000e+001	4.012784e-001	3.277936e-001	1.249482e+000	1.000000e+000	1.386828e-004	3.795367e-006	0.000000e+000	0.000000e+000	-1.032224e-005	1.321560e-004	-1.126220e-006	-5.432915e-006
1.790000e+001	3.929865e-001	3.205118e-001	1.236564e+000	1.000000e+000	1.442821e-004	3.067538e-006	0.000000e+000	0.000000e+000	-1.013528e-005	1.372144e-004	-9.677974e-007	-5.403280e-006
1.800000e+001	3.855475e-001	3.141311e-001	1.223722e+000	1.000000e+000	1.465321e-004	2.383589e-006	0.000000e+000	0.000000e+000	-9.943002e-006	1.389727e-004	-8.660741e-007	-5.368676e-006
1.810000e+001	3.785904e-001	3.083023e-001	1.210967e+000	1.000000e+000	1.460530e-004	1.756662e-006	0.000000e+000	0.000000e+000	-9.738230e-006	1.380714e-004	-8.078046e-007	-5.331536e-006
1.820000e+001	3.718461e-001	3.027639e-001	1.198301e+000	1.000000e+000	1.434615e-004	1.207001e-006	0.000000e+000	0.000000e+000	-9.517613e-006	1.351509e-004	-7.811206e-007	-5.293608e-006
1.830000e+001	3.651392e-001	2.973336e-001	1.185725e+000	1.000000e+000	1.393838e-004	7.564614e-007	0.000000e+000	0.000000e+000	-9.281509e-006	1.308588e-004	-7.751534e-007	-5.256018e-006
1.840000e+001	3.583773e-001	2.919009e-001	1.173238e+000	1.000000e+000	1.344189e-004	4.166792e-007	0.000000e+000	0.000000e+000	-9.033194e-006	1.258024e-004	-7.803554e-007	-5.219347e-006
1.850000e+001	3.515329e-001	2.864154e-001	1.160837e+000	1.000000e+000	1.290757e-004	1.826803e-007	0.000000e+000	0.000000e+000	-8.777425e-006	1.204809e-004	-7.892119e-007	-5.183758e-006
1.860000e+001	3.446220e-001	2.808709e-001	1.148520e+000	1.000000e+000	1.237356e-004	3.832545e-008	0.000000e+000	0.000000e+000	-8.519124e-006	1.152548e-004	-7.965968e-007	-5.149129e-006
1.870000e+001	3.376869e-001	2.752894e-001	1.136285e+000	1.000000e+000	1.186689e-004	-3.202150e-008	0.000000e+000	0.000000e+000	-8.262850e-006	1.103740e-004	-7.993742e-007	-5.115179e-006
1.880000e+001	3.307856e-001	2.697105e-001	1.124130e+000	1.000000e+000	1.140782e-004	-3.708563e-008	0.000000e+000	0.000000e+000	-8.012970e-006	1.060282e-004	-7.955921e-007	-5.081528e-006
1.890000e+001	3.239868e-001	2.641849e-001	1.112055e+000	1.000000e+000	1.101229e-004	1.679696e-008	0.000000e+000	0.000000e+000	-7.773805e-006	1.023659e-004	-7.839808e-007	-5.047735e-006
1.900000e+001	3.173632e-001	2.587694e-001	1.100062e+000	1.000000e+000	1.068985e-004	1.160395e-007	0.000000e+000	0.000000e+000	-7.549177e-006	9.946533e-005	-7.641055e-007	-5.013340e-006
1.910000e+001	3.109797e-001	2.535196e-001	1.088151e+000	1.000000e+000	1.043979e-004	2.356594e-007	0.000000e+000	0.000000e+000	-7.341495e-006	9.729210e-005	-7.368261e-007	-4.977939e-006
1.920000e+001	3.048808e-001	2.484801e-001	1.076327e+000	1.000000e+000	1.024977e-004	3.450625e-007	0.000000e+000	0.000000e+000	-7.151040e-006	9.569174e-005	-7.044221e-007	-4.941265e-006
1.930000e+001	2.990828e-001	2.436759e-001	1.064591e+000	1.000000e+000	1.009902e-004	4.191193e-007	0.000000e+000	0.000000e+000	-6.975997e-006	9.443328e-005	-6.700777e-007	-4.903235e-006
1.940000e+001	2.935735e-001	2.391091e-001	1.052948e+000	1.000000e+000	9.964798e-005	4.466951e-007	0.000000e+000	0.000000e+000	-6.813222e-006	9.328146e-005	-6.369535e-007	-4.863946e-006
1.950000e+001	2.883212e-001	2.347627e-001	1.041400e+000	1.000000e+000	9.828838e-005	4.321655e-007	0.000000e+000	0.000000e+000	-6.659330e-006	9.206121e-005	-6.073276e-007	-4.823619e-006
1.960000e+001	2.832857e-001	2.306078e-001	1.029949e+000	1.000000e+000	9.681031e-005	3.906314e-007	0.000000e+000	0.000000e+000	-6.511608e-006	9.068934e-005	-5.821697e-007	-4.782526e-006
1.970000e+001	2.784298e-001	2.266137e-001	1.018596e+000	1.000000e+000	9.519769e-005	3.405340e-007	0.000000e+000	0.000000e+000	-6.368469e-006	8.916976e-005	-5.612236e-007	-4.740913e-006
1.980000e+001	2.737263e-001	2.227542e-001	1.007343e+000	1.000000e+000	9.349674e-005	2.973259e-007	0.000000e+000	0.000000e+000	-6.229447e-006	8.756462e-005	-5.434317e-007	-4.698963e-006
1.990000e+001	2.691596e-001	2.190120e-001	9.961906e-001	1.000000e+000	9.178298e-005	2.701056e-007	0.000000e+000	0.000000e+000	-6.094877e-006	8.595821e-005	-5.274603e-007	-4.656779e-006
2.000000e+001	2.647249e-001	2.153786e-001	9.851389e-001	1.000000e+000	9.013118e-005	2.612699e-007	0.000000e+000	0.000000e+000	-5.965470e-006	8.442698e-005	-5.121298e-007	-4.614395e-006
2.010000e+001	2.604240e-001	2.118525e-001	9.741884e-001	1.000000e+000	8.859581e-005	2.681541e-007	0.000000e+000	0.000000e+000	-5.841942e-006	8.302203e-005	-4.966570e-007	-4.571803e-006
2.020000e+001	2.562614e-001	2.084361e-001	9.633397e-001	1.000000e+000	8.720340e-005	2.853986e-007	0.000000e+000	0.000000e+000	-5.724770e-006	8.176403e-005	-4.807132e-007	-4.528978e-006
2.030000e+001	2.522410e-001	2.051328e-001	9.525935e-001	1.000000e+000	8.595418e-005	3.070934e-007	0.000000e+000	0.000000e+000	-5.614092e-006	8.064719e-005	-4.643504e-007	-4.485898e-006
2.040000e+001	2.483637e-001	2.019445e-001	9.419502e-001	1.000000e+000	8.482916e-005	3.282263e-007	0.000000e+000	0.000000e+000	-5.509717e-006	7.964767e-005	-4.478660e-007	-4.442560e-006
2.050000e+001	2.446272e-001	1.988707e-001	9.314106e-001	1.000000e+000	8.379875e-005	3.453657e-007	0.000000e+000	0.000000e+000	-5.411195e-006	7.873292e-005	-4.316625e-007	-4.398985e-006
2.060000e+001	2.410253e-001	1.959081e-001	9.209751e-001	1.000000e+000	8.283051e-005	3.567378e-007	0.000000e+000	0.000000e+000	-5.317916e-006	7.786933e-005	-4.161341e-007	-4.355215e-006
2.070000e+001	2.375493e-001	1.930506e-001	9.106441e-001	1.000000e+000	8.189475e-005	3.619406e-007	0.000000e+000	0.000000e+000	-5.229203e-006	7.702749e-005	-4.015962e-007	-4.311307e-006
2.080000e+001	2.341887e-001	1.902907e-001	9.004179e-001	1.000000e+000	8.096768e-005	3.615120e-007	0.000000e+000	0.000000e+000	-5.144387e-006	7.618481e-005	-3.882529e-007	-4.267332e-006
2.090000e+001	2.309322e-001	1.876196e-001	8.902966e-001	1.000000e+000	8.003255e-005	3.565023e-007	0.000000e+000	0.000000e+000	-5.062853e-006	7.532620e-005	-3.761959e-007	-4.223361e-006
2.100000e+001	2.277687e-001	1.850283e-001	8.802800e-001	1.000000e+000	7.907935e-005	3.481340e-007	0.000000e+000	0.000000e+000	-4.984070e-006	7.444341e-005	-3.654206e-007	-4.179466e-006
2.110000e+001	2.246876e-001	1.825080e-001	8.703679e-001	1.000000e+000	7.810366e-005	3.375718e-007	0.000000e+000	0.000000e+000	-4.907599e-006	7.353363e-005	-3.558515e-007	-4.135711e-006
2.120000e+001	2.216797e-001	1.800507e-001	8.605599e-001	1.000000e+000	7.710528e-005	3.257966e-007	0.000000e+000	0.000000e+000	-4.833089e-006	7.259798e-005	-3.473683e-007	-4.092155e-006
2.130000e+001	2.187367e-001	1.776494e-001	8.508554e-001	1.000000e+000	7.608676e-005	3.135582e-007	0.000000e+000	0.000000e+000	-4.760267e-006	7.164005e-005	-3.398288e-007	-4.048847e-006
2.140000e+001	2.158518e-001	1.752979e-001	8.412539e-001	1.000000e+000	7.505222e-005	3.013799e-007	0.000000e+000	0.000000e+000	-4.688929e-006	7.066467e-005	-3.330859e-007	-4.005826e-006
2.150000e+001	2.130193e-001	1.729911e-001	8.317545e-001	1.000000e+000	7.400646e-005	2.895912e-007	0.000000e+000	0.000000e+000	-4.618919e-006	6.967713e-005	-3.270002e-007	-3.963123e-006
2.160000e+001	2.102347e-001	1.707250e-001	8.223566e-001	1.000000e+000	7.295427e-005	2.783706e-007	0.000000e+000	0.000000e+000	-4.550126e-006	6.868251e-005	-3.214470e-007	-3.920763e-006
2.170000e+001	2.074944e-001	1.684961e-001	8.130592e-001	1.000000e+000	7.190007e-005	2.677896e-007	0.000000e+000	0.000000e+000	-4.482467e-006	6.768539e-005	-3.163190e-007	-3.878764e-006
2.180000e+001	2.047954e-001	1.663019e-001	8.038615e-001	1.000000e+000	7.084769e-005	2.578494e-007	0.000000e+000	0.000000e+000	-4.415880e-006	6.668966e-005	-3.115276e-007	-3.837138e-006
2.190000e+001	2.021356e-001	1.641402e-001	7.947626e-001	1.000000e+000	6.980033e-005	2.485102e-007	0.000000e+000	0.000000e+000	-4.350322e-006	6.569852e-005	-3.070014e-007	-3.795895e-006
2.200000e+001	1.995130e-001	1.620093e-001	7.857616e-001	1.000000e+000	6.876053e-005	2.397121e-007	0.000000e+000	0.000000e+000	-4.285757e-006	6.471449e-005	-3.026841e-007	-3.755039e-006
2.210000e+001	1.969264e-001	1.599081e-001	7.768575e-001	1.000000e+000	6.773025e-005	2.313888e-007	0.000000e+000	0.000000e+000	-4.222158e-006	6.373948e-005	-2.985326e-007	-3.714575e-006
2.220000e+001	1.943746e-001	1.578354e-001	7.680494e-001	1.000000e+000	6.671096e-005	2.234763e-007	0.000000e+000	0.000000e+000	-4.159505e-006	6.277493e-005	-2.945139e-007	-3.674502e-006
2.230000e+001	1.918566e-001	1.557903e-001	7.593364e-001	1.000000e+000	6.570372e-005	2.159172e-007	0.000000e+000	0.000000e+000	-4.097777e-006	6.182186e-005	-2.906036e-007	-3.634822e-006
2.240000e+001	1.893716e-001	1.537723e-001	7.507175e-001	1.000000e+000	6.470926e-005	2.086624e-007	0.000000e+000	0.000000e+000	-4.036959e-006	6.088096e-005	-2.867835e-007	-3.595532e-006
2.250000e+001	1.869191e-001	1.517808e-001	7.421918e-001	1.000000e+000	6.372807e-005	2.016717e-007	0.000000e+000	0.000000e+000	-3.977036e-006	5.995270e-005	-2.830403e-007	-3.556633e-006
2.260000e+001	1.844985e-001	1.498151e-001	7.337584e-001	1.000000e+000	6.276043e-005	1.949127e-007	0.000000e+000	0.000000e+000	-3.917994e-006	5.903734e-005	-2.793645e-007	-3.518120e-006
2.270000e+001	1.821091e-001	1.478749e-001	7.254164e-001	1.000000e+000	6.180649e-005	1.883599e-007	0.000000e+000	0.000000e+000	-3.859819e-006	5.813503e-005	-2.757490e-007	-3.479991e-006
2.280000e+001	1.797506e-001	1.459599e-001	7.171648e-001	1.000000e+000	6.086630e-005	1.819933e-007	0.000000e+000	0.000000e+000	-3.802498e-006	5.724579e-005	-2.721888e-007	-3.442245e-006
2.290000e+001	1.774225e-001	1.440695e-001	7.090027e-001	1.000000e+000	5.993982e-005	1.757977e-007	0.000000e+000	0.000000e+000	-3.746020e-006	5.636960e-005	-2.686802e-007	-3.404877e-006
2.300000e+001	1.751244e-001	1.422034e-001	7.009293e-001	1.000000e+000	5.902698e-005	1.697611e-007	0.000000e+000	0.000000e+000	-3.690371e-006	5.550638e-005	-2.652206e-007	-3.367885e-006
2.310000e+001	1.728558e-001	1.403614e-001	6.929436e-001	1.000000e+000	5.812766e-005	1.638743e-007	0.000000e+000	0.000000e+000	-3.635539e-006	5.465600e-005	-2.618078e-007	-3.331266e-006
2.320000e+001	1.706165e-001	1.385431e-001	6.850448e-001	1.000000e+000	5.724171e-005	1.581299e-007	0.000000e+000	0.000000e+000	-3.581513e-006	5.381833e-005	-2.584403e-007	-3.295016e-006
2.330000e+001	1.684059e-001	1.367482e-001	6.772320e-001	1.000000e+000	5.636898e-005	1.525221e-007	0.000000e+000	0.000000e+000	-3.528281e-006	5.299322e-005	-2.551170e-007	-3.259133e-006
2.340000e+001	1.662237e-001	1.349763e-001	6.695043e-001	1.000000e+000	5.550929e-005	1.470460e-007	0.000000e+000	0.000000e+000	-3.475831e-006	5.218051e-005	-2.518368e-007	-3.223613e-006
2.350000e+001	1.640696e-001	1.332272e-001	6.618608e-001	1.000000e+000	5.466248e-005	1.416976e-007	0.000000e+000	0.000000e+000	-3.424152e-006	5.138002e-005	-2.485989e-007	-3.188452e-006
2.360000e+001	1.619432e-001	1.315007e-001	6.543008e-001	1.000000e+000	5.382835e-005	1.364734e-007	0.000000e+000	0.000000e+000	-3.373233e-006	5.059159e-005	-2.454026e-007	-3.153649e-006
2.370000e+001	1.598441e-001	1.297963e-001	6.468233e-001	1.000000e+000	5.300673e-005	1.313703e-007	0.000000e+000	0.000000e+000	-3.323062e-006	4.981504e-005	-2.422472e-007	-3.119199e-006
2.380000e+001	1.577721e-001	1.281138e-001	6.394275e-001	1.000000e+000	5.219745e-005	1.263854e-007	0.000000e+000	0.000000e+000	-3.273630e-006	4.905020e-005	-2.391322e-007	-3.085099e-006
2.390000e+001	1.557266e-001	1.264530e-001	6.321126e-001	1.000000e+000	5.140031e-005	1.215161e-007	0.000000e+000	0.000000e+000	-3.224924e-006	4.829690e-005	-2.360569e-007	-3.051347e-006
2.400000e+001	1.537075e-001	1.248135e-001	6.248778e-001	1.000000e+000	5.061515e-005	1.167599e-007	0.000000e+000	0.000000e+000	-3.176935e-006	4.755498e-005	-2.330209e-007	-3.017940e-006
2.410000e+001	1.517144e-001	1.231951e-001	6.177222e-001	1.000000e+000	4.984179e-005	1.121145e-007	0.000000e+000	0.000000e+000	-3.129652e-006	4.682425e-005	-2.300236e-007	-2.984873e-006
2.420000e+001	1.497468e-001	1.215976e-001	6.106450e-001	1.000000e+000	4.908005e-005	1.075775e-007	0.000000e+000	0.000000e+000	-3.083065e-006	4.610456e-005	-2.270645e-007	-2.952145e-006
2.430000e+001	1.478047e-001	1.200205e-001	6.036454e-001	1.000000e+000	4.832976e-005	1.031469e-007	0.000000e+000	0.000000e+000	-3.037163e-006	4.539575e-005	-2.241432e-007	-2.919751e-006
2.440000e+001	1.458874e-001	1.184638e-001	5.967227e-001	1.000000e+000	4.759076e-005	9.882035e-008	0.000000e+000	0.000000e+000	-2.991937e-006	4.469764e-005	-2.212590e-007	-2.887690e-006
2.450000e+001	1.439949e-001	1.169271e-001	5.898761e-001	1.000000e+000	4.686287e-005	9.459591e-008	0.000000e+000	0.000000e+000	-2.947377e-006	4.401009e-005	-2.184117e-007	-2.855958e-006
2.460000e+001	1.421267e-001	1.154102e-001	5.831047e-001	1.000000e+000	4.614593e-005	9.047149e-008	0.000000e+000	0.000000e+000	-2.903473e-006	4.333293e-005	-2.156007e-007	-2.824552e-006
2.470000e+001	1.402826e-001	1.139128e-001	5.764077e-001	1.000000e+000	4.543979e-005	8.644511e-008	0.000000e+000	0.000000e+000	-2.860216e-006	4.266602e-005	-2.128255e-007	-2.793469e-006
2.480000e+001	1.384622e-001	1.124347e-001	5.697846e-001	1.000000e+000	4.474427e-005	8.251480e-008	0.000000e+000	0.000000e+000	-2.817596e-006	4.200919e-005	-2.100857e-007	-2.762706e-006
2.490000e+001	1.366653e-001	1.109756e-001	5.632343e-001	1.000000e+000	4.405922e-005	7.867866e-008	0.000000e+000	0.000000e+000	-2.775603e-006	4.136229e-005	-2.073808e-007	-2.732260e-006
2.500000e+001	1.348915e-001	1.095353e-001	5.567563e-001	1.000000e+000	4.338448e-005	7.493479e-008	0.000000e+000	0.000000e+000	-2.734229e-006	4.072519e-005	-2.047105e-007	-2.702129e-006
2.510000e+001	1.331405e-001	1.081136e-001	5.503498e-001	1.000000e+000	4.271991e-005	7.128136e-008	0.000000e+000	0.000000e+000	-2.693465e-006	4.009773e-005	-2.020742e-007	-2.672309e-006
2.520000e+001	1.314121e-001	1.067101e-001	5.440139e-001	1.000000e+000	4.206536e-005	6.771655e-008	0.000000e+000	0.000000e+000	-2.653302e-006	3.947977e-005	-1.994716e-007	-2.642797e-006
2.530000e+001	1.297059e-001	1.053248e-001	5.377481e-001	1.000000e+000	4.142066e-005	6.423859e-008	0.000000e+000	0.000000e+000	-2.613731e-006	3.887117e-005	-1.969021e-007	-2.613592e-006
2.540000e+001	1.280218e-001	1.039572e-001	5.315515e-001	1.000000e+000	4.078568e-005	6.084574e-008	0.000000e+000	0.000000e+000	-2.574743e-006	3.827178e-005	-1.943655e-007	-2.584689e-006
2.550000e+001	1.263593e-001	1.026073e-001	5.254235e-001	1.000000e+000	4.016027e-005	5.753627e-008	0.000000e+000	0.000000e+000	-2.536330e-006	3.768148e-005	-1.918613e-007	-2.556086e-006
2.560000e+001	1.247182e-001	1.012748e-001	5.193633e-001	1.000000e+000	3.954429e-005	5.430851e-008	0.000000e+000	0.000000e+000	-2.498484e-006	3.710012e-005	-1.893890e-007	-2.527781e-006
2.570000e+001	1.230983e-001	9.995949e-002	5.133703e-001	1.000000e+000	3.893761e-005	5.116082e-008	0.000000e+000	0.000000e+000	-2.461196e-006	3.652757e-005	-1.869483e-007	-2.499770e-006
2.580000e+001	1.214993e-001	9.866111e-002	5.074437e-001	1.000000e+000	3.834007e-005	4.809156e-008	0.000000e+000	0.000000e+000	-2.424458e-006	3.596370e-005	-1.845388e-007	-2.472051e-006
2.590000e+001	1.199209e-001	9.737946e-002	5.015828e-001	1.000000e+000	3.775155e-005	4.509915e-008	0.000000e+000	0.000000e+000	-2.388262e-006	3.540839e-005	-1.821600e-007	-2.444621e-006
2.600000e+001	1.183628e-001	9.611434e-002	4.957870e-001	1.000000e+000	3.717191e-005	4.218204e-008	0.000000e+000	0.000000e+000	-2.352600e-006	3.486149e-005	-1.798116e-007	-2.417477e-006
2.610000e+001	1.168249e-001	9.486552e-002	4.900555e-001	1.000000e+000	3.660102e-005	3.933868e-008	0.000000e+000	0.000000e+000	-2.317464e-006	3.432289e-005	-1.774933e-007	-2.390617e-006
2.620000e+001	1.153067e-001	9.363281e-002	4.843878e-001	1.000000e+000	3.603875e-005	3.656758e-008	0.000000e+000	0.000000e+000	-2.282847e-006	3.379247e-005	-1.752045e-007	-2.364038e-006
2.630000e+001	1.138081e-001	9.241599e-002	4.787831e-001	1.000000e+000	3.548497e-005	3.386725e-008	0.000000e+000	0.000000e+000	-2.248741e-006	3.327009e-005	-1.729450e-007	-2.337737e-006
2.640000e+001	1.123289e-001	9.121487e-002	4.732407e-001	1.000000e+000	3.493955e-005	3.123626e-008	0.000000e+000	0.000000e+000	-2.215139e-006	3.275565e-005	-1.707144e-007	-2.311712e-006
2.650000e+001	1.108688e-001	9.002924e-002	4.677601e-001	1.000000e+000	3.440238e-005	2.867318e-008	0.000000e+000	0.000000e+000	-2.182033e-006	3.224902e-005	-1.685123e-007	-2.285960e-006
2.660000e+001	1.094274e-001	8.885890e-002	4.623406e-001	1.000000e+000	3.387332e-005	2.617660e-008	0.000000e+000	0.000000e+000	-2.149416e-006	3.175008e-005	-1.663384e-007	-2.260479e-006
2.670000e+001	1.080047e-001	8.770367e-002	4.569815e-001	1.000000e+000	3.335226e-005	2.374517e-008	0.000000e+000	0.000000e+000	-2.117281e-006	3.125872e-005	-1.641922e-007	-2.235266e-006
2.680000e+001	1.066004e-001	8.656334e-002	4.516821e-001	1.000000e+000	3.283908e-005	2.137754e-008	0.000000e+000	0.000000e+000	-2.085620e-006	3.077483e-005	-1.620735e-007	-2.210318e-006
2.690000e+001	1.052141e-001	8.543772e-002	4.464420e-001	1.000000e+000	3.233365e-005	1.907239e-008	0.000000e+000	0.000000e+000	-2.054428e-006	3.029830e-005	-1.599819e-007	-2.185633e-006
2.700000e+001	1.038458e-001	8.432663e-002	4.412604e-001	1.000000e+000	3.183587e-005	1.682843e-008	0.000000e+000	0.000000e+000	-2.023697e-006	2.982900e-005	-1.579171e-007	-2.161208e-006
2.710000e+001	1.024951e-001	8.322989e-002	4.361367e-001	1.000000e+000	3.134562e-005	1.464438e-008	0.000000e+000	0.000000e+000	-1.993419e-006	2.936685e-005	-1.558787e-007	-2.137041e-006
2.720000e+001	1.011618e-001	8.214730e-002	4.310703e-001	1.000000e+000	3.086279e-005	1.251900e-008	0.000000e+000	0.000000e+000	-1.963590e-006	2.891172e-005	-1.538663e-007	-2.113130e-006
2.730000e+001	9.984581e-002	8.107868e-002	4.260606e-001	1.000000e+000	3.038727e-005	1.045106e-008	0.000000e+000	0.000000e+000	-1.934201e-006	2.846352e-005	-1.518797e-007	-2.089471e-006
2.740000e+001	9.854678e-002	8.002387e-002	4.211071e-001	1.000000e+000	2.991895e-005	8.439367e-009	0.000000e+000	0.000000e+000	-1.905248e-006	2.802214e-005	-1.499185e-007	-2.066063e-006
2.750000e+001	9.726451e-002	7.898268e-002	4.162090e-001	1.000000e+000	2.945771e-005	6.482738e-009	0.000000e+000	0.000000e+000	-1.876722e-006	2.758748e-005	-1.479825e-007	-2.042903e-006
2.760000e+001	9.599881e-002	7.795493e-002	4.113659e-001	1.000000e+000	2.900347e-005	4.580017e-009	0.000000e+000	0.000000e+000	-1.848619e-006	2.715943e-005	-1.460712e-007	-2.019989e-006
2.770000e+001	9.474946e-002	7.694046e-002	4.065771e-001	1.000000e+000	2.855610e-005	2.730071e-009	0.000000e+000	0.000000e+000	-1.820931e-006	2.673790e-005	-1.441844e-007	-1.997318e-006
2.780000e+001	9.351625e-002	7.593909e-002	4.018420e-001	1.000000e+000	2.811552e-005	9.317847e-010	0.000000e+000	0.000000e+000	-1.793653e-006	2.632279e-005	-1.423218e-007	-1.974888e-006
2.790000e+001	9.229897e-002	7.495066e-002	3.971602e-001	1.000000e+000	2.768161e-005	-8.159328e-010	0.000000e+000	0.000000e+000	-1.766779e-006	2.591401e-005	-1.404830e-007	-1.952697e-006
2.800000e+001	9.109742e-002	7.397500e-002	3.925310e-001	1.000000e+000	2.725428e-005	-2.514154e-009	0.000000e+000	0.000000e+000	-1.740303e-006	2.551146e-005	-1.386677e-007	-1.930742e-006
2.810000e+001	8.991139e-002	7.301195e-002	3.879538e-001	1.000000e+000	2.683342e-005	-4.163930e-009	0.000000e+000	0.000000e+000	-1.714218e-006	2.511504e-005	-1.368757e-007	-1.909021e-006
2.820000e+001	8.874070e-002	7.206135e-002	3.834282e-001	1.000000e+000	2.641895e-005	-5.766293e-009	0.000000e+000	0.000000e+000	-1.688520e-006	2.472467e-005	-1.351067e-007	-1.887532e-006
2.830000e+001	8.758514e-002	7.112303e-002	3.789535e-001	1.000000e+000	2.601077e-005	-7.322256e-009	0.000000e+000	0.000000e+000	-1.663203e-006	2.434025e-005	-1.333604e-007	-1.866273e-006
2.840000e+001	8.644451e-002	7.019684e-002	3.745292e-001	1.000000e+000	2.560879e-005	-8.832812e-009	0.000000e+000	0.000000e+000	-1.638261e-006	2.396169e-005	-1.316364e-007	-1.845240e-006
2.850000e+001	8.531864e-002	6.928262e-002	3.701548e-001	1.000000e+000	2.521290e-005	-1.029893e-008	0.000000e+000	0.000000e+000	-1.613688e-006	2.358891e-005	-1.299345e-007	-1.824433e-006
2.860000e+001	8.420732e-002	6.838023e-002	3.658298e-001	1.000000e+000	2.482302e-005	-1.172158e-008	0.000000e+000	0.000000e+000	-1.589479e-006	2.322182e-005	-1.282545e-007	-1.803848e-006
2.870000e+001	8.311037e-002	6.748950e-002	3.615535e-001	1.000000e+000	2.443906e-005	-1.310169e-008	0.000000e+000	0.000000e+000	-1.565629e-006	2.286033e-005	-1.265960e-007	-1.783484e-006
2.880000e+001	8.202761e-002	6.661029e-002	3.573256e-001	1.000000e+000	2.406094e-005	-1.444017e-008	0.000000e+000	0.000000e+000	-1.542133e-006	2.250436e-005	-1.249587e-007	-1.763338e-006
2.890000e+001	8.095885e-002	6.574246e-002	3.531454e-001	1.000000e+000	2.368856e-005	-1.573794e-008	0.000000e+000	0.000000e+000	-1.518985e-006	2.215383e-005	-1.233424e-007	-1.743409e-006
2.900000e+001	7.990392e-002	6.488585e-002	3.490124e-001	1.000000e+000	2.332183e-005	-1.699588e-008	0.000000e+000	0.000000e+000	-1.496180e-006	2.180866e-005	-1.217469e-007	-1.723694e-006
2.910000e+001	7.886263e-002	6.404032e-002	3.449263e-001	1.000000e+000	2.296068e-005	-1.821486e-008	0.000000e+000	0.000000e+000	-1.473714e-006	2.146876e-005	-1.201719e-007	-1.704191e-006
2.920000e+001	7.783482e-002	6.320573e-002	3.408863e-001	1.000000e+000	2.260502e-005	-1.939573e-008	0.000000e+000	0.000000e+000	-1.451580e-006	2.113405e-005	-1.186170e-007	-1.684897e-006
2.930000e+001	7.682031e-002	6.238194e-002	3.368921e-001	1.000000e+000	2.225477e-005	-2.053932e-008	0.000000e+000	0.000000e+000	-1.429775e-006	2.080446e-005	-1.170821e-007	-1.665812e-006
2.940000e+001	7.581893e-002	6.156880e-002	3.329432e-001	1.000000e+000	2.190985e-005	-2.164645e-008	0.000000e+000	0.000000e+000	-1.408294e-006	2.047991e-005	-1.155669e-007	-1.646932e-006
2.950000e+001	7.483051e-002	6.076620e-002	3.290391e-001	1.000000e+000	2.157017e-005	-2.271794e-008	0.000000e+000	0.000000e+000	-1.387131e-006	2.016032e-005	-1.140712e-007	-1.628257e-006
2.960000e+001	7.385488e-002	5.997398e-002	3.251792e-001	1.000000e+000	2.123566e-005	-2.375455e-008	0.000000e+000	0.000000e+000	-1.366283e-006	1.984563e-005	-1.125946e-007	-1.609782e-006
2.970000e+001	7.289188e-002	5.919202e-002	3.213631e-001	1.000000e+000	2.090625e-005	-2.475708e-008	0.000000e+000	0.000000e+000	-1.345744e-006	1.953575e-005	-1.111370e-007	-1.591508e-006
2.980000e+001	7.194136e-002	5.842018e-002	3.175904e-001	1.000000e+000	2.058184e-005	-2.572628e-008	0.000000e+000	0.000000e+000	-1.325510e-006	1.923061e-005	-1.096981e-007	-1.573431e-006
2.990000e+001	7.100313e-002	5.765833e-002	3.138605e-001	1.000000e+000	2.026238e-005	-2.666289e-008	0.000000e+000	0.000000e+000	-1.305576e-006	1.893014e-005	-1.082777e-007	-1.555550e-006
3.000000e+001	7.007706e-002	5.690635e-002	3.101730e-001	1.000000e+000	1.994779e-005	-2.756764e-008	0.000000e+000	0.000000e+000	-1.285939e-006	1.863428e-005	-1.068755e-007	-1.537863e-006
3.010000e+001	6.916299e-002	5.616410e-002	3.065275e-001	1.000000e+000	1.963798e-005	-2.844124e-008	0.000000e+000	0.000000e+000	-1.266593e-006	1.834295e-005	-1.054913e-007	-1.520367e-006
3.020000e+001	6.826075e-002	5.543148e-002	3.029234e-001	1.000000e+000	1.933290e-005	-2.928440e-008	0.000000e+000	0.000000e+000	-1.247534e-006	1.805608e-005	-1.041250e-007	-1.503062e-006
3.030000e+001	6.737020e-002	5.470834e-002	2.993604e-001	1.000000e+000	1.903247e-005	-3.009781e-008	0.000000e+000	0.000000e+000	-1.228759e-006	1.777361e-005	-1.027761e-007	-1.485944e-006
3.040000e+001	6.649119e-002	5.399456e-002	2.958380e-001	1.000000e+000	1.873662e-005	-3.088214e-008	0.000000e+000	0.000000e+000	-1.210263e-006	1.749547e-005	-1.014446e-007	-1.469012e-006
3.050000e+001	6.562356e-002	5.329004e-002	2.923557e-001	1.000000e+000	1.844527e-005	-3.163805e-008	0.000000e+000	0.000000e+000	-1.192042e-006	1.722159e-005	-1.001303e-007	-1.452265e-006
3.060000e+001	6.476718e-002	5.259465e-002	2.889132e-001	1.000000e+000	1.815838e-005	-3.236619e-008	0.000000e+000	0.000000e+000	-1.174092e-006	1.695192e-005	-9.883276e-008	-1.435700e-006
3.070000e+001	6.392190e-002	5.190826e-002	2.855099e-001	1.000000e+000	1.787586e-005	-3.306719e-008	0.000000e+000	0.000000e+000	-1.156408e-006	1.668638e-005	-9.755194e-008	-1.419315e-006
3.080000e+001	6.308757e-002	5.123078e-002	2.821454e-001	1.000000e+000	1.759765e-005	-3.374169e-008	0.000000e+000	0.000000e+000	-1.138988e-006	1.642492e-005	-9.628758e-008	-1.403109e-006
3.090000e+001	6.226406e-002	5.056207e-002	2.788194e-001	1.000000e+000	1.732369e-005	-3.439028e-008	0.000000e+000	0.000000e+000	-1.121827e-006	1.616747e-005	-9.503949e-008	-1.387080e-006
3.100000e+001	6.145122e-002	4.990203e-002	2.755314e-001	1.000000e+000	1.705391e-005	-3.501357e-008	0.000000e+000	0.000000e+000	-1.104921e-006	1.591398e-005	-9.380744e-008	-1.371226e-006
3.110000e+001	6.064893e-002	4.925055e-002	2.722810e-001	1.000000e+000	1.678826e-005	-3.561215e-008	0.000000e+000	0.000000e+000	-1.088267e-006	1.566438e-005	-9.259123e-008	-1.355546e-006
3.120000e+001	5.985703e-002	4.860751e-002	2.690677e-001	1.000000e+000	1.652666e-005	-3.618659e-008	0.000000e+000	0.000000e+000	-1.071860e-006	1.541861e-005	-9.139067e-008	-1.340036e-006
3.130000e+001	5.907540e-002	4.797282e-002	2.658913e-001	1.000000e+000	1.626905e-005	-3.673746e-008	0.000000e+000	0.000000e+000	-1.055698e-006	1.517662e-005	-9.020555e-008	-1.324697e-006
3.140000e+001	5.830392e-002	4.734635e-002	2.627512e-001	1.000000e+000	1.601539e-005	-3.726530e-008	0.000000e+000	0.000000e+000	-1.039776e-006	1.493835e-005	-8.903568e-008	-1.309525e-006
3.150000e+001	5.754243e-002	4.672801e-002	2.596470e-001	1.000000e+000	1.576560e-005	-3.777067e-008	0.000000e+000	0.000000e+000	-1.024091e-006	1.470374e-005	-8.788085e-008	-1.294520e-006
3.160000e+001	5.679083e-002	4.611769e-002	2.565785e-001	1.000000e+000	1.551963e-005	-3.825410e-008	0.000000e+000	0.000000e+000	-1.008640e-006	1.447274e-005	-8.674089e-008	-1.279680e-006
3.170000e+001	5.604897e-002	4.551529e-002	2.535451e-001	1.000000e+000	1.527743e-005	-3.871610e-008	0.000000e+000	0.000000e+000	-9.934196e-007	1.424529e-005	-8.561560e-008	-1.265002e-006
3.180000e+001	5.531674e-002	4.492070e-002	2.505465e-001	1.000000e+000	1.503893e-005	-3.915718e-008	0.000000e+000	0.000000e+000	-9.784255e-007	1.402135e-005	-8.450479e-008	-1.250486e-006
3.190000e+001	5.459402e-002	4.433383e-002	2.475824e-001	1.000000e+000	1.480408e-005	-3.957785e-008	0.000000e+000	0.000000e+000	-9.636548e-007	1.380085e-005	-8.340828e-008	-1.236129e-006
3.200000e+001	5.388067e-002	4.375457e-002	2.446523e-001	1.000000e+000	1.457282e-005	-3.997860e-008	0.000000e+000	0.000000e+000	-9.491042e-007	1.358374e-005	-8.232589e-008	-1.221930e-006
