TIME          	MC CONC       	STS CONC      	HTS CONC      	SED CONC      	ADV dm/dt     	DISP dm/dt    	DECAY dm/dt   	SORPTION dm/dt	STORAGE dm/dt 	MC dm/dt      	STS dm/dt     	HTS dm/dt     
(hr)          	mg/L          	mg/L          	mg/L          	mg/L          	(mg/L)·(m²/s)  	(mg/L)·(m²/s)  	(mg/L)·(m²/s)  	(mg/L)·(m²/s)  	(mg/L)·(m²/s)  	(mg/L)·(m²/s)  	(mg/L)·(m²/s)  	(mg/L)·(m²/s)  
0.000000e+000	4.816508e-001	4.816508e-001	4.816508e-001	0.000000e+000	6.923762e-006	5.416988e-008	0.000000e+000	0.000000e+000	0.000000e+000	6.977932e-006	0.000000e+000	0.000000e+000
1.000000e-001	4.816508e-001	4.816508e-001	4.816508e-001	1.000000e+000	6.923762e-006	5.416988e-008	0.000000e+000	0.000000e+000	-1.080129e-019	6.977932e-006	9.521273e-020	1.280016e-020
2.000000e-001	4.816508e-001	4.816508e-001	4.816508e-001	1.000000e+000	6.923762e-006	5.416988e-008	0.000000e+000	0.000000e+000	-1.151241e-019	6.977932e-006	9.521273e-020	1.991136e-020
3.000000e-001	4.816508e-001	4.816508e-001	4.816508e-001	1.000000e+000	6.923762e-006	5.416988e-008	0.000000e+000	0.000000e+000	-1.222353e-019	6.977932e-006	9.521273e-020	2.702256e-020
4.000000e-001	4.816508e-001	4.816508e-001	4.816508e-001	1.000000e+000	6.923762e-006	5.416989e-008	0.000000e+000	0.000000e+000	-5.322319e-018	6.977932e-006	5.105782e-018	2.165361e-019
5.000000e-001	4.816508e-001	4.816508e-001	4.816508e-001	1.000000e+000	6.923762e-006	5.416995e-008	0.000000e+000	0.000000e+000	-1.271528e-015	6.977932e-006	1.223948e-015	4.757998e-017
6.000000e-001	4.816508e-001	4.816508e-001	4.816508e-001	1.000000e+000	6.923769e-006	5.417275e-008	0.000000e+000	0.000000e+000	-6.896280e-014	6.977942e-006	6.619296e-014	2.769844e-015
7.000000e-001	4.816508e-001	4.816508e-001	4.816508e-001	1.000000e+000	6.923887e-006	5.421433e-008	0.000000e+000	0.000000e+000	-1.369321e-012	6.978100e-006	1.309868e-012	5.945281e-014
8.000000e-001	4.816509e-001	4.816509e-001	4.816508e-001	1.000000e+000	6.924911e-006	5.452501e-008	0.000000e+000	0.000000e+000	-1.362191e-011	6.979423e-006	1.297945e-011	6.424599e-013
9.000000e-001	4.816515e-001	4.816511e-001	4.816508e-001	1.000000e+000	6.930336e-006	5.594147e-008	0.000000e+000	0.000000e+000	-8.278921e-011	6.986194e-006	7.853247e-011	4.256735e-012
1.000000e+000	4.816539e-001	4.816524e-001	4.816508e-001	1.000000e+000	6.950277e-006	6.042570e-008	0.000000e+000	0.000000e+000	-3.502107e-010	7.010353e-006	3.305301e-010	1.968063e-011
1.100000e+000	4.816618e-001	4.816568e-001	4.816509e-001	1.000000e+000	7.005893e-006	7.118162e-008	0.000000e+000	0.000000e+000	-1.126474e-009	7.075948e-006	1.057159e-009	6.931501e-011
1.200000e+000	4.816821e-001	4.816694e-001	4.816512e-001	1.000000e+000	7.131063e-006	9.193003e-008	0.000000e+000	0.000000e+000	-2.930667e-009	7.220062e-006	2.732950e-009	1.977169e-010
1.300000e+000	4.817265e-001	4.816987e-001	4.816520e-001	1.000000e+000	7.368602e-006	1.254630e-007	0.000000e+000	0.000000e+000	-6.445899e-009	7.487619e-006	5.968619e-009	4.772792e-010
1.400000e+000	4.818109e-001	4.817579e-001	4.816537e-001	1.000000e+000	7.760930e-006	1.721391e-007	0.000000e+000	0.000000e+000	-1.238180e-008	7.920687e-006	1.137475e-008	1.007047e-009
1.500000e+000	4.819542e-001	4.818638e-001	4.816571e-001	1.000000e+000	8.338107e-006	2.290671e-007	0.000000e+000	0.000000e+000	-2.128469e-008	8.545889e-006	1.938169e-008	1.903000e-009
1.600000e+000	4.821755e-001	4.820352e-001	4.816632e-001	1.000000e+000	9.107466e-006	2.903667e-007	0.000000e+000	0.000000e+000	-3.336317e-008	9.364470e-006	3.008177e-008	3.281395e-009
1.700000e+000	4.824912e-001	4.822899e-001	4.816732e-001	1.000000e+000	1.004835e-005	3.483850e-007	0.000000e+000	0.000000e+000	-4.838891e-008	1.034834e-005	4.314966e-008	5.239251e-009
1.800000e+000	4.829122e-001	4.826423e-001	4.816887e-001	1.000000e+000	1.111337e-005	3.953908e-007	0.000000e+000	0.000000e+000	-6.570105e-008	1.144306e-005	5.786420e-008	7.836848e-009
1.900000e+000	4.834419e-001	4.831004e-001	4.817111e-001	1.000000e+000	1.223551e-005	4.251777e-007	0.000000e+000	0.000000e+000	-8.430531e-008	1.257638e-005	7.321914e-008	1.108618e-008
2.000000e+000	4.840756e-001	4.836648e-001	4.817420e-001	1.000000e+000	1.333860e-005	4.341511e-007	0.000000e+000	0.000000e+000	-1.030333e-007	1.366971e-005	8.808599e-008	1.494735e-008
2.100000e+000	4.848011e-001	4.843282e-001	4.817828e-001	1.000000e+000	1.434853e-005	4.217142e-007	0.000000e+000	0.000000e+000	-1.207180e-007	1.464952e-005	1.013851e-007	1.933288e-008
2.200000e+000	4.855999e-001	4.850765e-001	4.818345e-001	1.000000e+000	1.520282e-005	3.900063e-007	0.000000e+000	0.000000e+000	-1.363462e-007	1.545648e-005	1.122281e-007	2.411813e-008
2.300000e+000	4.864498e-001	4.858901e-001	4.818980e-001	1.000000e+000	1.585698e-005	3.431897e-007	0.000000e+000	0.000000e+000	-1.491645e-007	1.605101e-005	1.200092e-007	2.915533e-008
2.400000e+000	4.873268e-001	4.867464e-001	4.819736e-001	1.000000e+000	1.628726e-005	2.865351e-007	0.000000e+000	0.000000e+000	-1.587287e-007	1.641507e-005	1.244403e-007	3.428846e-008
2.500000e+000	4.882075e-001	4.876220e-001	4.820614e-001	1.000000e+000	1.649011e-005	2.255287e-007	0.000000e+000	0.000000e+000	-1.649024e-007	1.655073e-005	1.255354e-007	3.936694e-008
2.600000e+000	4.890706e-001	4.884943e-001	4.821612e-001	1.000000e+000	1.647924e-005	1.651521e-007	0.000000e+000	0.000000e+000	-1.678163e-007	1.647657e-005	1.235600e-007	4.425634e-008
2.700000e+000	4.898982e-001	4.893433e-001	4.822722e-001	1.000000e+000	1.628120e-005	1.094088e-007	0.000000e+000	0.000000e+000	-1.678053e-007	1.622280e-005	1.189596e-007	4.884570e-008
2.800000e+000	4.906763e-001	4.901526e-001	4.823938e-001	1.000000e+000	1.593055e-005	6.110106e-008	0.000000e+000	0.000000e+000	-1.653359e-007	1.582632e-005	1.122847e-007	5.305126e-008
2.900000e+000	4.913953e-001	4.909097e-001	4.825248e-001	1.000000e+000	1.546529e-005	2.181949e-008	0.000000e+000	0.000000e+000	-1.609387e-007	1.532617e-005	1.041217e-007	5.681709e-008
3.000000e+000	4.920494e-001	4.916061e-001	4.826643e-001	1.000000e+000	1.492304e-005	-7.918312e-009	0.000000e+000	0.000000e+000	-1.551504e-007	1.475997e-005	9.503712e-008	6.011331e-008
3.100000e+000	4.926363e-001	4.922374e-001	4.828111e-001	1.000000e+000	1.433826e-005	-2.844355e-008	0.000000e+000	0.000000e+000	-1.484709e-007	1.416134e-005	8.553820e-008	6.293268e-008
3.200000e+000	4.931567e-001	4.928020e-001	4.829640e-001	1.000000e+000	1.374045e-005	-4.068245e-008	0.000000e+000	0.000000e+000	-1.413353e-007	1.355843e-005	7.604898e-008	6.528637e-008
3.300000e+000	4.936134e-001	4.933014e-001	4.831220e-001	1.000000e+000	1.315330e-005	-4.591389e-008	0.000000e+000	0.000000e+000	-1.341000e-007	1.297329e-005	6.690062e-008	6.719940e-008
3.400000e+000	4.940108e-001	4.937387e-001	4.832841e-001	1.000000e+000	1.259456e-005	-4.556354e-008	0.000000e+000	0.000000e+000	-1.270385e-007	1.242196e-005	5.833217e-008	6.870634e-008
3.500000e+000	4.943541e-001	4.941186e-001	4.834493e-001	1.000000e+000	1.207639e-005	-4.104632e-008	0.000000e+000	0.000000e+000	-1.203461e-007	1.191500e-005	5.049867e-008	6.984744e-008
3.600000e+000	4.946494e-001	4.944466e-001	4.836169e-001	1.000000e+000	1.160609e-005	-3.365852e-008	0.000000e+000	0.000000e+000	-1.141491e-007	1.145828e-005	4.348357e-008	7.066548e-008
3.700000e+000	4.949025e-001	4.947285e-001	4.837861e-001	1.000000e+000	1.118696e-005	-2.451449e-008	0.000000e+000	0.000000e+000	-1.085162e-007	1.105393e-005	3.731294e-008	7.120326e-008
3.800000e+000	4.951193e-001	4.949702e-001	4.839562e-001	1.000000e+000	1.081922e-005	-1.451936e-008	0.000000e+000	0.000000e+000	-1.034714e-007	1.070123e-005	3.196964e-008	7.150177e-008
3.900000e+000	4.953051e-001	4.951773e-001	4.841268e-001	1.000000e+000	1.050085e-005	-4.368197e-009	0.000000e+000	0.000000e+000	-9.900538e-008	1.039748e-005	2.740632e-008	7.159906e-008
4.000000e+000	4.954649e-001	4.953550e-001	4.842975e-001	1.000000e+000	1.022832e-005	5.437299e-009	0.000000e+000	0.000000e+000	-9.508589e-008	1.013868e-005	2.355648e-008	7.152941e-008
4.100000e+000	4.956030e-001	4.955081e-001	4.844678e-001	1.000000e+000	9.997226e-006	1.456224e-008	0.000000e+000	0.000000e+000	-9.166655e-008	9.920121e-006	2.034344e-008	7.132311e-008
4.200000e+000	4.957232e-001	4.956407e-001	4.846375e-001	1.000000e+000	9.802749e-006	2.280791e-008	0.000000e+000	0.000000e+000	-8.869353e-008	9.736863e-006	1.768717e-008	7.100636e-008
4.300000e+000	4.958288e-001	4.957565e-001	4.848063e-001	1.000000e+000	9.640036e-006	3.008115e-008	0.000000e+000	0.000000e+000	-8.611065e-008	9.584006e-006	1.550914e-008	7.060150e-008
4.400000e+000	4.959226e-001	4.958585e-001	4.849741e-001	1.000000e+000	9.504431e-006	3.636634e-008	0.000000e+000	0.000000e+000	-8.386293e-008	9.456935e-006	1.373566e-008	7.012726e-008
4.500000e+000	4.960067e-001	4.959493e-001	4.851406e-001	1.000000e+000	9.391636e-006	4.170136e-008	0.000000e+000	0.000000e+000	-8.189895e-008	9.351438e-006	1.229978e-008	6.959916e-008
4.600000e+000	4.960831e-001	4.960311e-001	4.853059e-001	1.000000e+000	9.297795e-006	4.615801e-008	0.000000e+000	0.000000e+000	-8.017218e-008	9.263781e-006	1.114226e-008	6.902992e-008
4.700000e+000	4.961533e-001	4.961056e-001	4.854698e-001	1.000000e+000	9.219533e-006	4.982686e-008	0.000000e+000	0.000000e+000	-7.864162e-008	9.190718e-006	1.021178e-008	6.842984e-008
4.800000e+000	4.962184e-001	4.961743e-001	4.856322e-001	1.000000e+000	9.153951e-006	5.280609e-008	0.000000e+000	0.000000e+000	-7.727189e-008	9.129485e-006	9.464721e-009	6.780717e-008
4.900000e+000	4.962796e-001	4.962383e-001	4.857931e-001	1.000000e+000	9.098601e-006	5.519367e-008	0.000000e+000	0.000000e+000	-7.603303e-008	9.077761e-006	8.864541e-009	6.716849e-008
5.000000e+000	4.963376e-001	4.962985e-001	4.859524e-001	1.000000e+000	9.051444e-006	5.708225e-008	0.000000e+000	0.000000e+000	-7.490004e-008	9.033627e-006	8.381057e-009	6.651898e-008
5.100000e+000	4.963929e-001	4.963557e-001	4.861103e-001	1.000000e+000	9.010807e-006	5.855618e-008	0.000000e+000	0.000000e+000	-7.385232e-008	8.995511e-006	7.989635e-009	6.586269e-008
5.200000e+000	4.964461e-001	4.964104e-001	4.862665e-001	1.000000e+000	8.975328e-006	5.968994e-008	0.000000e+000	0.000000e+000	-7.287315e-008	8.962145e-006	7.670381e-009	6.520277e-008
5.300000e+000	4.964976e-001	4.964630e-001	4.864211e-001	1.000000e+000	8.943901e-006	6.054372e-008	0.000000e+000	0.000000e+000	-7.194892e-008	8.932496e-006	7.407290e-009	6.454163e-008
5.400000e+000	4.965475e-001	4.965140e-001	4.865742e-001	1.000000e+000	8.915477e-006	6.111060e-008	0.000000e+000	0.000000e+000	-7.106692e-008	8.905521e-006	7.185880e-009	6.388104e-008
5.500000e+000	4.965961e-001	4.965635e-001	4.867257e-001	1.000000e+000	8.888003e-006	6.104136e-008	0.000000e+000	0.000000e+000	-7.020197e-008	8.878843e-006	6.980374e-009	6.322160e-008
5.600000e+000	4.966428e-001	4.966115e-001	4.868757e-001	1.000000e+000	8.855100e-006	5.899844e-008	0.000000e+000	0.000000e+000	-6.927017e-008	8.844828e-006	6.710030e-009	6.256014e-008
5.700000e+000	4.966854e-001	4.966567e-001	4.870240e-001	1.000000e+000	8.800122e-006	5.194229e-008	0.000000e+000	0.000000e+000	-6.803826e-008	8.784026e-006	6.155167e-009	6.188309e-008
5.800000e+000	4.967184e-001	4.966958e-001	4.871707e-001	1.000000e+000	8.688571e-006	3.454545e-008	0.000000e+000	0.000000e+000	-6.600421e-008	8.657112e-006	4.849254e-009	6.115496e-008
5.900000e+000	4.967297e-001	4.967208e-001	4.873155e-001	1.000000e+000	8.456048e-006	-2.424710e-009	0.000000e+000	0.000000e+000	-6.222089e-008	8.391402e-006	1.921057e-009	6.029983e-008
6.000000e+000	4.966954e-001	4.967152e-001	4.874580e-001	1.000000e+000	7.981796e-006	-7.646490e-008	0.000000e+000	0.000000e+000	-5.491744e-008	7.850413e-006	-4.249705e-009	5.916714e-008
6.100000e+000	4.965690e-001	4.966469e-001	4.875972e-001	1.000000e+000	7.039652e-006	-2.196386e-007	0.000000e+000	0.000000e+000	-4.076021e-008	6.779253e-006	-1.670565e-008	5.746585e-008
6.200000e+000	4.962645e-001	4.964547e-001	4.877312e-001	1.000000e+000	5.237874e-006	-4.813958e-007	0.000000e+000	0.000000e+000	-1.386449e-008	4.742613e-006	-4.079311e-008	5.465760e-008
6.300000e+000	4.956356e-001	4.960306e-001	4.878562e-001	1.000000e+000	1.988726e-006	-9.202244e-007	0.000000e+000	0.000000e+000	3.485464e-008	1.103356e-006	-8.468288e-008	4.982824e-008
6.400000e+000	4.944603e-001	4.952005e-001	4.879661e-001	1.000000e+000	-3.438411e-006	-1.580874e-006	0.000000e+000	0.000000e+000	1.171159e-007	-4.902170e-006	-1.587125e-007	4.159659e-008
6.500000e+000	4.924438e-001	4.937173e-001	4.880504e-001	1.000000e+000	-1.175113e-005	-2.463414e-006	0.000000e+000	0.000000e+000	2.449042e-007	-1.396964e-005	-2.730447e-007	2.814048e-008
6.600000e+000	4.892498e-001	4.912739e-001	4.880944e-001	1.000000e+000	-2.338135e-005	-3.498433e-006	0.000000e+000	0.000000e+000	4.265606e-007	-2.645323e-005	-4.339610e-007	7.400460e-009
6.700000e+000	4.845590e-001	4.875442e-001	4.880784e-001	1.000000e+000	-3.823074e-005	-4.544241e-006	0.000000e+000	0.000000e+000	6.625649e-007	-4.211242e-005	-6.400226e-007	-2.254227e-008
6.800000e+000	4.781427e-001	4.822465e-001	4.879786e-001	1.000000e+000	-5.553062e-005	-5.415318e-006	0.000000e+000	0.000000e+000	9.428572e-007	-6.000308e-005	-8.798564e-007	-6.300081e-008
6.900000e+000	4.699269e-001	4.752117e-001	4.877693e-001	1.000000e+000	-7.391197e-005	-5.937443e-006	0.000000e+000	0.000000e+000	1.247352e-006	-7.860206e-005	-1.133067e-006	-1.142846e-007
7.000000e+000	4.600215e-001	4.664329e-001	4.874257e-001	1.000000e+000	-9.170007e-005	-6.008585e-006	0.000000e+000	0.000000e+000	1.550133e-006	-9.615852e-005	-1.374604e-006	-1.755291e-007
7.100000e+000	4.487011e-001	4.560761e-001	4.869259e-001	1.000000e+000	-1.073375e-004	-5.636763e-006	0.000000e+000	0.000000e+000	1.826038e-006	-1.111482e-004	-1.581200e-006	-2.448379e-007
7.200000e+000	4.363420e-001	4.444454e-001	4.862538e-001	1.000000e+000	-1.197709e-004	-4.936353e-006	0.000000e+000	0.000000e+000	2.057065e-006	-1.226501e-004	-1.737370e-006	-3.196954e-007
7.300000e+000	4.233398e-001	4.319156e-001	4.853992e-001	1.000000e+000	-1.286587e-004	-4.086309e-006	0.000000e+000	0.000000e+000	2.236147e-006	-1.305088e-004	-1.838644e-006	-3.975031e-007
7.400000e+000	4.100338e-001	4.188544e-001	4.843579e-001	1.000000e+000	-1.343452e-004	-3.271108e-006	0.000000e+000	0.000000e+000	2.367202e-006	-1.352491e-004	-1.891142e-006	-4.760605e-007
7.500000e+000	3.966593e-001	4.055593e-001	4.831299e-001	1.000000e+000	-1.376460e-004	-2.629101e-006	0.000000e+000	0.000000e+000	2.462011e-006	-1.378131e-004	-1.908150e-006	-5.538613e-007
7.600000e+000	3.833363e-001	3.922233e-001	4.817181e-001	1.000000e+000	-1.395487e-004	-2.225309e-006	0.000000e+000	0.000000e+000	2.535534e-006	-1.392385e-004	-1.905379e-006	-6.301553e-007
7.700000e+000	3.700882e-001	3.789345e-001	4.801265e-001	1.000000e+000	-1.409378e-004	-2.051341e-006	0.000000e+000	0.000000e+000	2.601467e-006	-1.403877e-004	-1.896649e-006	-7.048174e-007
7.800000e+000	3.568796e-001	3.656994e-001	4.783585e-001	1.000000e+000	-1.424006e-004	-2.041157e-006	0.000000e+000	0.000000e+000	2.669080e-006	-1.417727e-004	-1.890982e-006	-7.780971e-007
7.900000e+000	3.436633e-001	3.524835e-001	4.764172e-001	1.000000e+000	-1.441128e-004	-2.089219e-006	0.000000e+000	0.000000e+000	2.741370e-006	-1.434607e-004	-1.891054e-006	-8.503152e-007
8.000000e+000	3.304298e-001	3.392574e-001	4.743048e-001	1.000000e+000	-1.457876e-004	-2.068099e-006	0.000000e+000	0.000000e+000	2.814182e-006	-1.450415e-004	-1.892634e-006	-9.215483e-007
8.100000e+000	3.172525e-001	3.260445e-001	4.720242e-001	1.000000e+000	-1.466946e-004	-1.848090e-006	0.000000e+000	0.000000e+000	2.876348e-006	-1.456664e-004	-1.885005e-006	-9.913438e-007
8.200000e+000	3.043272e-001	3.129634e-001	4.695800e-001	1.000000e+000	-1.456707e-004	-1.287035e-006	0.000000e+000	0.000000e+000	2.910077e-006	-1.440476e-004	-1.851600e-006	-1.058477e-006
8.300000e+000	2.920501e-001	3.002805e-001	4.669812e-001	1.000000e+000	-1.406185e-004	-6.557752e-008	0.000000e+000	0.000000e+000	2.885071e-006	-1.377991e-004	-1.764602e-006	-1.120469e-006
8.400000e+000	2.812940e-001	2.885636e-001	4.642456e-001	1.000000e+000	-1.264567e-004	2.758536e-006	0.000000e+000	0.000000e+000	2.730447e-006	-1.209677e-004	-1.558605e-006	-1.171841e-006
8.500000e+000	2.741224e-001	2.791288e-001	4.614119e-001	1.000000e+000	-9.103318e-005	9.295995e-006	0.000000e+000	0.000000e+000	2.272988e-006	-7.946420e-005	-1.073361e-006	-1.199627e-006
8.600000e+000	2.750156e-001	2.749477e-001	4.585660e-001	1.000000e+000	-1.061334e-005	2.292427e-005	0.000000e+000	0.000000e+000	1.161125e-006	1.347206e-005	1.455223e-008	-1.175677e-006
8.700000e+000	2.922875e-001	2.819297e-001	4.558879e-001	1.000000e+000	1.516587e-004	4.749927e-005	0.000000e+000	0.000000e+000	-1.172830e-006	1.979851e-004	2.220723e-006	-1.047893e-006
8.800000e+000	3.390249e-001	3.101235e-001	4.537163e-001	1.000000e+000	4.415246e-004	8.583001e-005	0.000000e+000	0.000000e+000	-5.461844e-006	5.218927e-004	6.196465e-006	-7.346212e-007
8.900000e+000	4.328886e-001	3.741998e-001	4.526193e-001	1.000000e+000	9.036310e-004	1.381108e-004	0.000000e+000	0.000000e+000	-1.245651e-005	1.029285e-003	1.258288e-005	-1.263788e-007
9.000000e+000	5.944943e-001	4.927203e-001	4.534491e-001	1.000000e+000	1.568858e-003	2.010827e-004	0.000000e+000	0.000000e+000	-2.272378e-005	1.747217e-003	2.182035e-005	9.034227e-007
9.100000e+000	8.446199e-001	6.861200e-001	4.573630e-001	1.000000e+000	2.443381e-003	2.683215e-004	0.000000e+000	0.000000e+000	-3.646283e-005	2.675239e-003	3.398238e-005	2.480458e-006
9.200000e+000	1.200900e+000	9.737914e-001	4.657956e-001	1.000000e+000	3.503134e-003	3.315285e-004	0.000000e+000	0.000000e+000	-5.340059e-005	3.781262e-003	4.869210e-005	4.708491e-006
9.300000e+000	1.674811e+000	1.370958e+000	4.803837e-001	1.000000e+000	4.695214e-003	3.823278e-004	0.000000e+000	0.000000e+000	-7.279668e-005	5.004745e-003	6.514614e-005	7.650546e-006
9.400000e+000	2.269609e+000	1.886059e+000	5.028525e-001	1.000000e+000	5.945432e-003	4.139805e-004	0.000000e+000	0.000000e+000	-9.354956e-005	6.265863e-003	8.223313e-005	1.131643e-005
9.500000e+000	2.979590e+000	2.519194e+000	5.348825e-001	1.000000e+000	7.169645e-003	4.225608e-004	0.000000e+000	0.000000e+000	-1.143676e-004	7.477838e-003	9.870879e-005	1.565884e-005
9.600000e+000	3.790672e+000	3.261842e+000	5.779771e-001	1.000000e+000	8.285916e-003	4.073956e-004	0.000000e+000	0.000000e+000	-1.339591e-004	8.559352e-003	1.133812e-004	2.057796e-005
9.700000e+000	4.682068e+000	4.097802e+000	6.333500e-001	1.000000e+000	9.224955e-003	3.708080e-004	0.000000e+000	0.000000e+000	-1.511994e-004	9.444564e-003	1.252665e-004	2.593285e-005
9.800000e+000	5.628599e+000	5.005039e+000	7.018448e-001	1.000000e+000	9.937227e-003	3.173642e-004	0.000000e+000	0.000000e+000	-1.652480e-004	1.008934e-002	1.336911e-004	3.155684e-005
9.900000e+000	6.603235e+000	5.958029e+000	7.838937e-001	1.000000e+000	1.039613e-002	2.528900e-004	0.000000e+000	0.000000e+000	-1.756063e-004	1.047341e-002	1.383323e-004	3.727405e-005
1.000000e+001	7.579460e+000	6.930188e+000	8.795138e-001	1.000000e+000	1.059759e-002	1.834977e-004	0.000000e+000	0.000000e+000	-1.821183e-004	1.059897e-002	1.392038e-004	4.291450e-005
1.010000e+001	8.533199e+000	7.896061e+000	9.883365e-001	1.000000e+000	1.055696e-002	1.147897e-004	0.000000e+000	0.000000e+000	-1.849288e-004	1.048682e-002	1.366025e-004	4.832636e-005
1.020000e+001	9.444183e+000	8.833031e+000	1.109662e+000	1.000000e+000	1.030423e-002	5.131696e-005	0.000000e+000	0.000000e+000	-1.844151e-004	1.017113e-002	1.310308e-004	5.338427e-005
1.030000e+001	1.029670e+001	9.722473e+000	1.242526e+000	1.000000e+000	9.878669e-003	-3.694926e-006	0.000000e+000	0.000000e+000	-1.811074e-004	9.693867e-003	1.231136e-004	5.799377e-005
1.040000e+001	1.107980e+001	1.055032e+001	1.385781e+000	1.000000e+000	9.323664e-003	-4.838358e-005	0.000000e+000	0.000000e+000	-1.756121e-004	9.099668e-003	1.135200e-004	6.209213e-005
1.050000e+001	1.178710e+001	1.130716e+001	1.538161e+000	1.000000e+000	8.682365e-003	-8.210760e-005	0.000000e+000	0.000000e+000	-1.685457e-004	8.431712e-003	1.028992e-004	6.564649e-005
1.060000e+001	1.241622e+001	1.198789e+001	1.698358e+000	1.000000e+000	7.994471e-003	-1.051950e-004	0.000000e+000	0.000000e+000	-1.604851e-004	7.728791e-003	9.183509e-005	6.865006e-005
1.070000e+001	1.296814e+001	1.259118e+001	1.865072e+000	1.000000e+000	7.294189e-003	-1.186523e-004	0.000000e+000	0.000000e+000	-1.519362e-004	7.023601e-003	8.081885e-005	7.111736e-005
1.080000e+001	1.344640e+001	1.311880e+001	2.037058e+000	1.000000e+000	6.609235e-003	-1.238910e-004	0.000000e+000	0.000000e+000	-1.433168e-004	6.342027e-003	7.023762e-005	7.307914e-005
1.090000e+001	1.385643e+001	1.357483e+001	2.213160e+000	1.000000e+000	5.960609e-003	-1.225072e-004	0.000000e+000	0.000000e+000	-1.349521e-004	5.703150e-003	6.037462e-005	7.457747e-005
1.100000e+001	1.420481e+001	1.396499e+001	2.392330e+000	1.000000e+000	5.362891e-003	-1.161267e-004	0.000000e+000	0.000000e+000	-1.270776e-004	5.119687e-003	5.141635e-005	7.566129e-005
1.110000e+001	1.449874e+001	1.429601e+001	2.573641e+000	1.000000e+000	4.824840e-003	-1.062958e-004	0.000000e+000	0.000000e+000	-1.198463e-004	4.598698e-003	4.346367e-005	7.638262e-005
1.120000e+001	1.474552e+001	1.457506e+001	2.756291e+000	1.000000e+000	4.350242e-003	-9.439252e-005	0.000000e+000	0.000000e+000	-1.133392e-004	4.142511e-003	3.654579e-005	7.679338e-005
1.130000e+001	1.495220e+001	1.480930e+001	2.939600e+000	1.000000e+000	3.938987e-003	-8.154939e-005	0.000000e+000	0.000000e+000	-1.075798e-004	3.749857e-003	3.063676e-005	7.694308e-005
1.140000e+001	1.512533e+001	1.500559e+001	3.123001e+000	1.000000e+000	3.588241e-003	-6.860958e-005	0.000000e+000	0.000000e+000	-1.025509e-004	3.417080e-003	2.567353e-005	7.687734e-005
1.150000e+001	1.527086e+001	1.517024e+001	3.306029e+000	1.000000e+000	3.293529e-003	-5.614041e-005	0.000000e+000	0.000000e+000	-9.820950e-005	3.139179e-003	2.157235e-005	7.663714e-005
1.160000e+001	1.539405e+001	1.530898e+001	3.488313e+000	1.000000e+000	3.049524e-003	-4.449483e-005	0.000000e+000	0.000000e+000	-9.449925e-005	2.910530e-003	1.824060e-005	7.625865e-005
1.170000e+001	1.549952e+001	1.542683e+001	3.669561e+000	1.000000e+000	2.850523e-003	-3.388425e-005	0.000000e+000	0.000000e+000	-9.135685e-005	2.725282e-003	1.558362e-005	7.577323e-005
1.180000e+001	1.559120e+001	1.552820e+001	3.849552e+000	1.000000e+000	2.690724e-003	-2.443012e-005	0.000000e+000	0.000000e+000	-8.871570e-005	2.577578e-003	1.350807e-005	7.520763e-005
1.190000e+001	1.567245e+001	1.561683e+001	4.028121e+000	1.000000e+000	2.564424e-003	-1.618618e-005	0.000000e+000	0.000000e+000	-8.650839e-005	2.461729e-003	1.192416e-005	7.458423e-005
1.200000e+001	1.574599e+001	1.569586e+001	4.205154e+000	1.000000e+000	2.466208e-003	-9.143925e-006	0.000000e+000	0.000000e+000	-8.466929e-005	2.372394e-003	1.074794e-005	7.392135e-005
1.210000e+001	1.581406e+001	1.576787e+001	4.380574e+000	1.000000e+000	2.391127e-003	-3.238466e-006	0.000000e+000	0.000000e+000	-8.313731e-005	2.304752e-003	9.903567e-006	7.323374e-005
1.220000e+001	1.587843e+001	1.583493e+001	4.554338e+000	1.000000e+000	2.334819e-003	1.635376e-006	0.000000e+000	0.000000e+000	-8.185801e-005	2.254597e-003	9.324949e-006	7.253306e-005
1.230000e+001	1.594049e+001	1.589872e+001	4.726424e+000	1.000000e+000	2.293517e-003	5.594527e-006	0.000000e+000	0.000000e+000	-8.078415e-005	2.218327e-003	8.955796e-006	7.182835e-005
1.240000e+001	1.600132e+001	1.596052e+001	4.896833e+000	1.000000e+000	2.263932e-003	8.732033e-006	0.000000e+000	0.000000e+000	-7.987427e-005	2.192789e-003	8.747816e-006	7.112645e-005
1.250000e+001	1.606167e+001	1.602130e+001	5.065577e+000	1.000000e+000	2.243041e-003	1.108910e-005	0.000000e+000	0.000000e+000	-7.908956e-005	2.175040e-003	8.657353e-006	7.043221e-005
1.260000e+001	1.612203e+001	1.608173e+001	5.232677e+000	1.000000e+000	2.227864e-003	1.265254e-005	0.000000e+000	0.000000e+000	-7.839039e-005	2.162126e-003	8.641875e-006	6.974851e-005
1.270000e+001	1.618257e+001	1.614219e+001	5.398161e+000	1.000000e+000	2.215370e-003	1.338419e-005	0.000000e+000	0.000000e+000	-7.773452e-005	2.151020e-003	8.658213e-006	6.907630e-005
1.280000e+001	1.624316e+001	1.620275e+001	5.562056e+000	1.000000e+000	2.202572e-003	1.327198e-005	0.000000e+000	0.000000e+000	-7.707838e-005	2.138766e-003	8.663782e-006	6.841460e-005
1.290000e+001	1.630341e+001	1.626320e+001	5.724383e+000	1.000000e+000	2.186812e-003	1.238050e-005	0.000000e+000	0.000000e+000	-7.638148e-005	2.122811e-003	8.620715e-006	6.776076e-005
1.300000e+001	1.636274e+001	1.632309e+001	5.885157e+000	1.000000e+000	2.166128e-003	1.087617e-005	0.000000e+000	0.000000e+000	-7.561241e-005	2.101392e-003	8.501369e-006	6.711104e-005
1.310000e+001	1.642052e+001	1.638184e+001	6.044383e+000	1.000000e+000	2.139548e-003	9.012585e-006	0.000000e+000	0.000000e+000	-7.475407e-005	2.073806e-003	8.292824e-006	6.646125e-005
1.320000e+001	1.647614e+001	1.643883e+001	6.202055e+000	1.000000e+000	2.107183e-003	7.082828e-006	0.000000e+000	0.000000e+000	-7.380591e-005	2.040460e-003	7.998370e-006	6.580754e-005
1.330000e+001	1.652912e+001	1.649350e+001	6.358161e+000	1.000000e+000	2.070109e-003	5.363416e-006	0.000000e+000	0.000000e+000	-7.278257e-005	2.002690e-003	7.635552e-006	6.514701e-005
1.340000e+001	1.657921e+001	1.654548e+001	6.512683e+000	1.000000e+000	2.030110e-003	4.075663e-006	0.000000e+000	0.000000e+000	-7.171016e-005	1.962475e-003	7.232008e-006	6.447815e-005
1.350000e+001	1.662641e+001	1.659459e+001	6.665600e+000	1.000000e+000	1.989391e-003	3.372155e-006	0.000000e+000	0.000000e+000	-7.062189e-005	1.922141e-003	6.820920e-006	6.380097e-005
1.360000e+001	1.667093e+001	1.664091e+001	6.816894e+000	1.000000e+000	1.950323e-003	3.335734e-006	0.000000e+000	0.000000e+000	-6.955416e-005	1.884105e-003	6.437086e-006	6.311708e-005
1.370000e+001	1.671324e+001	1.668473e+001	6.966553e+000	1.000000e+000	1.915187e-003	3.975882e-006	0.000000e+000	0.000000e+000	-6.854283e-005	1.850620e-003	6.113331e-006	6.242950e-005
1.380000e+001	1.675399e+001	1.672658e+001	7.114572e+000	1.000000e+000	1.885908e-003	5.222421e-006	0.000000e+000	0.000000e+000	-6.761919e-005	1.823511e-003	5.876787e-006	6.174240e-005
1.390000e+001	1.679393e+001	1.676714e+001	7.260958e+000	1.000000e+000	1.863797e-003	6.927904e-006	0.000000e+000	0.000000e+000	-6.680591e-005	1.803919e-003	5.745297e-006	6.106061e-005
1.400000e+001	1.683386e+001	1.680716e+001	7.405730e+000	1.000000e+000	1.849380e-003	8.887041e-006	0.000000e+000	0.000000e+000	-6.611400e-005	1.792153e-003	5.724911e-006	6.038909e-005
1.410000e+001	1.687452e+001	1.684742e+001	7.548918e+000	1.000000e+000	1.842352e-003	1.087149e-005	0.000000e+000	0.000000e+000	-6.554167e-005	1.787682e-003	5.809351e-006	5.973232e-005
1.420000e+001	1.691649e+001	1.688859e+001	7.690561e+000	1.000000e+000	1.841684e-003	1.267046e-005	0.000000e+000	0.000000e+000	-6.507563e-005	1.789278e-003	5.981738e-006	5.909390e-005
1.430000e+001	1.696020e+001	1.693120e+001	7.830706e+000	1.000000e+000	1.845848e-003	1.412486e-005	0.000000e+000	0.000000e+000	-6.469433e-005	1.795278e-003	6.218103e-006	5.847623e-005
1.440000e+001	1.700588e+001	1.697561e+001	7.969405e+000	1.000000e+000	1.853093e-003	1.514455e-005	0.000000e+000	0.000000e+000	-6.437210e-005	1.803866e-003	6.491649e-006	5.788045e-005
1.450000e+001	1.705359e+001	1.702198e+001	8.106710e+000	1.000000e+000	1.861689e-003	1.570450e-005	0.000000e+000	0.000000e+000	-6.408304e-005	1.813311e-003	6.776502e-006	5.730654e-005
1.460000e+001	1.710320e+001	1.707032e+001	8.242672e+000	1.000000e+000	1.870080e-003	1.582550e-005	0.000000e+000	0.000000e+000	-6.380352e-005	1.822102e-003	7.050061e-006	5.675346e-005
1.470000e+001	1.715449e+001	1.712047e+001	8.377338e+000	1.000000e+000	1.876943e-003	1.555079e-005	0.000000e+000	0.000000e+000	-6.351323e-005	1.828981e-003	7.293789e-006	5.621944e-005
1.480000e+001	1.720713e+001	1.717219e+001	8.510751e+000	1.000000e+000	1.881160e-003	1.491744e-005	0.000000e+000	0.000000e+000	-6.319474e-005	1.832883e-003	7.492675e-006	5.570206e-005
1.490000e+001	1.726068e+001	1.722509e+001	8.642948e+000	1.000000e+000	1.881485e-003	1.385637e-005	0.000000e+000	0.000000e+000	-6.282948e-005	1.832512e-003	7.631181e-006	5.519830e-005
1.500000e+001	1.731446e+001	1.727866e+001	8.773956e+000	1.000000e+000	1.875164e-003	1.187376e-005	0.000000e+000	0.000000e+000	-6.237940e-005	1.824659e-003	7.675756e-006	5.470364e-005
1.510000e+001	1.736708e+001	1.733196e+001	8.903787e+000	1.000000e+000	1.854606e-003	7.504367e-006	0.000000e+000	0.000000e+000	-6.173860e-005	1.800372e-003	7.529499e-006	5.420910e-005
1.520000e+001	1.741543e+001	1.738296e+001	9.032421e+000	1.000000e+000	1.802581e-003	-2.068671e-006	0.000000e+000	0.000000e+000	-6.065713e-005	1.739855e-003	6.962269e-006	5.369486e-005
1.530000e+001	1.745326e+001	1.742735e+001	9.159769e+000	1.000000e+000	1.688743e-003	-2.065647e-005	0.000000e+000	0.000000e+000	-5.867625e-005	1.609410e-003	5.554767e-006	5.312148e-005
1.540000e+001	1.746992e+001	1.745727e+001	9.285616e+000	1.000000e+000	1.470921e-003	-5.180499e-005	0.000000e+000	0.000000e+000	-5.513286e-005	1.363983e-003	2.710782e-006	5.242208e-005
1.550000e+001	1.744991e+001	1.746034e+001	9.409552e+000	1.000000e+000	1.102676e-003	-9.712338e-005	0.000000e+000	0.000000e+000	-4.926494e-005	9.562877e-004	-2.235193e-006	5.150013e-005
1.560000e+001	1.737391e+001	1.741980e+001	9.530908e+000	1.000000e+000	5.452921e-004	-1.550195e-004	0.000000e+000	0.000000e+000	-4.039672e-005	3.498759e-004	-9.839252e-006	5.023598e-005
1.570000e+001	1.722097e+001	1.731594e+001	9.648714e+000	1.000000e+000	-2.199316e-004	-2.204620e-004	0.000000e+000	0.000000e+000	-2.814014e-005	-4.685338e-004	-2.036167e-005	4.850181e-005
1.580000e+001	1.697176e+001	1.712866e+001	9.761707e+000	1.000000e+000	-1.183397e-003	-2.858765e-004	0.000000e+000	0.000000e+000	-1.254093e-005	-1.481814e-003	-3.364087e-005	4.618180e-005
1.590000e+001	1.661171e+001	1.684058e+001	9.868384e+000	1.000000e+000	-2.305528e-003	-3.428018e-004	0.000000e+000	0.000000e+000	5.877159e-006	-2.642453e-003	-4.906949e-005	4.319234e-005
1.600000e+001	1.613356e+001	1.643988e+001	9.967095e+000	1.000000e+000	-3.521863e-003	-3.837116e-004	0.000000e+000	0.000000e+000	2.617761e-005	-3.879397e-003	-6.567506e-005	3.949745e-005
1.610000e+001	1.553866e+001	1.592241e+001	1.005617e+001	1.000000e+000	-4.753051e-003	-4.034553e-004	0.000000e+000	0.000000e+000	4.715912e-005	-5.109347e-003	-8.227559e-005	3.511647e-005
1.620000e+001	1.483693e+001	1.529246e+001	1.013405e+001	1.000000e+000	-5.916888e-003	-4.000061e-004	0.000000e+000	0.000000e+000	6.754147e-005	-6.249353e-003	-9.766440e-005	3.012292e-005
1.630000e+001	1.404563e+001	1.456233e+001	1.019941e+001	1.000000e+000	-6.939575e-003	-3.744658e-004	0.000000e+000	0.000000e+000	8.614405e-005	-7.227897e-003	-1.107799e-004	2.463585e-005
1.640000e+001	1.318730e+001	1.375087e+001	1.025124e+001	1.000000e+000	-7.764154e-003	-3.304820e-004	0.000000e+000	0.000000e+000	1.020232e-004	-7.992613e-003	-1.208292e-004	1.880603e-005
1.650000e+001	1.228733e+001	1.288132e+001	1.028894e+001	1.000000e+000	-8.355167e-003	-2.733310e-004	0.000000e+000	0.000000e+000	1.145521e-004	-8.513946e-003	-1.273522e-004	1.280008e-005
1.660000e+001	1.137155e+001	1.197895e+001	1.031227e+001	1.000000e+000	-8.699543e-003	-2.089253e-004	0.000000e+000	0.000000e+000	1.234417e-004	-8.785027e-003	-1.302266e-004	6.784885e-006
1.670000e+001	1.046419e+001	1.106880e+001	1.032141e+001	1.000000e+000	-8.804427e-003	-1.429449e-004	0.000000e+000	0.000000e+000	1.287139e-004	-8.818658e-003	-1.296284e-004	9.145387e-007
1.680000e+001	9.586323e+000	1.017384e+001	1.031685e+001	1.000000e+000	-8.692995e-003	-8.020789e-005	0.000000e+000	0.000000e+000	1.306419e-004	-8.642561e-003	-1.259628e-004	-4.679189e-006
1.690000e+001	8.754946e+000	9.313636e+000	1.029940e+001	1.000000e+000	-8.399340e-003	-2.431508e-005	0.000000e+000	0.000000e+000	1.296755e-004	-8.293980e-003	-1.197830e-004	-9.892529e-006
1.700000e+001	7.982562e+000	8.503611e+000	1.027005e+001	1.000000e+000	-7.963348e-003	2.245493e-005	0.000000e+000	0.000000e+000	1.263645e-004	-7.814528e-003	-1.117127e-004	-1.465178e-005
1.710000e+001	7.277261e+000	7.754772e+000	1.022993e+001	1.000000e+000	-7.426196e-003	5.905914e-005	0.000000e+000	0.000000e+000	1.212909e-004	-7.245846e-003	-1.023784e-004	-1.891246e-005
1.720000e+001	6.643110e+000	7.073891e+000	1.018028e+001	1.000000e+000	-6.826851e-003	8.548145e-005	0.000000e+000	0.000000e+000	1.150158e-004	-6.626354e-003	-9.235952e-005	-2.265627e-005
1.730000e+001	6.080770e+000	6.463957e+000	1.012231e+001	1.000000e+000	-6.199678e-003	1.024659e-004	0.000000e+000	0.000000e+000	1.080422e-004	-5.989170e-003	-8.215527e-005	-2.588689e-005
1.740000e+001	5.588192e+000	5.924798e+000	1.005724e+001	1.000000e+000	-5.573112e-003	1.112419e-004	0.000000e+000	0.000000e+000	1.007935e-004	-5.361077e-003	-7.216835e-005	-2.862512e-005
1.750000e+001	5.161329e+000	5.453781e+000	9.986187e+000	1.000000e+000	-4.969227e-003	1.132775e-004	0.000000e+000	0.000000e+000	9.360574e-005	-4.762344e-003	-6.270156e-005	-3.090418e-005
1.760000e+001	4.794786e+000	5.046485e+000	9.910211e+000	1.000000e+000	-4.403979e-003	1.100835e-004	0.000000e+000	0.000000e+000	8.672965e-005	-4.207166e-003	-5.396433e-005	-3.276532e-005
1.770000e+001	4.482374e+000	4.697322e+000	9.830251e+000	1.000000e+000	-3.887863e-003	1.030804e-004	0.000000e+000	0.000000e+000	8.033897e-005	-3.704444e-003	-4.608475e-005	-3.425422e-005
1.780000e+001	4.217564e+000	4.400046e+000	9.747139e+000	1.000000e+000	-3.426770e-003	9.352213e-005	0.000000e+000	0.000000e+000	7.454206e-005	-3.258705e-003	-3.912403e-005	-3.541803e-005
1.790000e+001	3.993835e+000	4.148177e+000	9.661592e+000	1.000000e+000	-3.022892e-003	8.246037e-005	0.000000e+000	0.000000e+000	6.939422e-005	-2.871038e-003	-3.309110e-005	-3.630312e-005
1.800000e+001	3.804925e+000	3.935316e+000	9.574224e+000	1.000000e+000	-2.675599e-003	7.073990e-005	0.000000e+000	0.000000e+000	6.490951e-005	-2.539950e-003	-2.795599e-005	-3.695352e-005
1.810000e+001	3.645013e+000	3.755374e+000	9.485545e+000	1.000000e+000	-2.382188e-003	5.901656e-005	0.000000e+000	0.000000e+000	6.107116e-005	-2.262100e-003	-2.366138e-005	-3.740977e-005
1.820000e+001	3.508834e+000	3.602731e+000	9.395972e+000	1.000000e+000	-2.138494e-003	4.778738e-005	0.000000e+000	0.000000e+000	5.783985e-005	-2.032867e-003	-2.013156e-005	-3.770830e-005
1.830000e+001	3.391748e+000	3.472342e+000	9.305844e+000	1.000000e+000	-1.939375e-003	3.741687e-005	0.000000e+000	0.000000e+000	5.516028e-005	-1.846798e-003	-1.727931e-005	-3.788096e-005
1.840000e+001	3.289775e+000	3.359792e+000	9.215426e+000	1.000000e+000	-1.779131e-003	2.815192e-005	0.000000e+000	0.000000e+000	5.296673e-005	-1.698012e-003	-1.501175e-005	-3.795498e-005
1.850000e+001	3.199590e+000	3.261323e+000	9.124927e+000	1.000000e+000	-1.651881e-003	2.013080e-005	0.000000e+000	0.000000e+000	5.118847e-005	-1.580562e-003	-1.323551e-005	-3.795296e-005
1.860000e+001	3.118492e+000	3.173815e+000	9.034504e+000	1.000000e+000	-1.551889e-003	1.339714e-005	0.000000e+000	0.000000e+000	4.975450e-005	-1.488737e-003	-1.186126e-005	-3.789324e-005
1.870000e+001	3.044345e+000	3.094750e+000	8.944278e+000	1.000000e+000	-1.473793e-003	7.922642e-006	0.000000e+000	0.000000e+000	4.859718e-005	-1.417274e-003	-1.080693e-005	-3.779025e-005
1.880000e+001	2.975514e+000	3.022153e+000	8.854338e+000	1.000000e+000	-1.412740e-003	3.631976e-006	0.000000e+000	0.000000e+000	4.765438e-005	-1.361454e-003	-9.999335e-006	-3.765504e-005
1.890000e+001	2.910801e+000	2.954527e+000	8.764750e+000	1.000000e+000	-1.364448e-003	4.192830e-007	0.000000e+000	0.000000e+000	4.687053e-005	-1.317158e-003	-9.374815e-006	-3.749571e-005
1.900000e+001	2.849370e+000	2.890787e+000	8.675565e+000	1.000000e+000	-1.325262e-003	-1.846637e-006	0.000000e+000	0.000000e+000	4.619757e-005	-1.280911e-003	-8.879626e-006	-3.731794e-005
1.910000e+001	2.790677e+000	2.830185e+000	8.586822e+000	1.000000e+000	-1.292207e-003	-3.321693e-006	0.000000e+000	0.000000e+000	4.559595e-005	-1.249933e-003	-8.470482e-006	-3.712547e-005
1.920000e+001	2.734390e+000	2.772240e+000	8.498552e+000	1.000000e+000	-1.263030e-003	-4.180907e-006	0.000000e+000	0.000000e+000	4.503560e-005	-1.222175e-003	-8.114992e-006	-3.692061e-005
1.930000e+001	2.680318e+000	2.716659e+000	8.410785e+000	1.000000e+000	-1.236189e-003	-4.604071e-006	0.000000e+000	0.000000e+000	4.449618e-005	-1.196296e-003	-7.791398e-006	-3.670478e-005
1.940000e+001	2.628345e+000	2.663267e+000	8.323544e+000	1.000000e+000	-1.210764e-003	-4.756252e-006	0.000000e+000	0.000000e+000	4.396615e-005	-1.171554e-003	-7.487257e-006	-3.647889e-005
1.950000e+001	2.578381e+000	2.611950e+000	8.236853e+000	1.000000e+000	-1.186322e-003	-4.770341e-006	0.000000e+000	0.000000e+000	4.344086e-005	-1.147651e-003	-7.197215e-006	-3.624365e-005
1.960000e+001	2.530337e+000	2.562615e+000	8.150734e+000	1.000000e+000	-1.162738e-003	-4.737455e-006	0.000000e+000	0.000000e+000	4.292012e-005	-1.124555e-003	-6.920354e-006	-3.599976e-005
1.970000e+001	2.484113e+000	2.515166e+000	8.065205e+000	1.000000e+000	-1.140039e-003	-4.707097e-006	0.000000e+000	0.000000e+000	4.240575e-005	-1.102340e-003	-6.657742e-006	-3.574801e-005
1.980000e+001	2.439600e+000	2.469500e+000	7.980285e+000	1.000000e+000	-1.118282e-003	-4.695197e-006	0.000000e+000	0.000000e+000	4.189980e-005	-1.081078e-003	-6.410599e-006	-3.548920e-005
1.990000e+001	2.396684e+000	2.425505e+000	7.895990e+000	1.000000e+000	-1.097484e-003	-4.696137e-006	0.000000e+000	0.000000e+000	4.140344e-005	-1.060777e-003	-6.179281e-006	-3.522415e-005
2.000000e+001	2.355262e+000	2.383075e+000	7.812333e+000	1.000000e+000	-1.077594e-003	-4.694836e-006	0.000000e+000	0.000000e+000	4.091661e-005	-1.041373e-003	-5.962981e-006	-3.495363e-005
2.010000e+001	2.315243e+000	2.342108e+000	7.729328e+000	1.000000e+000	-1.058507e-003	-4.676157e-006	0.000000e+000	0.000000e+000	4.043825e-005	-1.022745e-003	-5.759955e-006	-3.467829e-005
2.020000e+001	2.276551e+000	2.302521e+000	7.646983e+000	1.000000e+000	-1.040086e-003	-4.630486e-006	0.000000e+000	0.000000e+000	3.996668e-005	-1.004750e-003	-5.567985e-006	-3.439869e-005
2.030000e+001	2.239128e+000	2.264244e+000	7.565310e+000	1.000000e+000	-1.022196e-003	-4.555653e-006	0.000000e+000	0.000000e+000	3.950014e-005	-9.872518e-004	-5.384875e-006	-3.411526e-005
2.040000e+001	2.202926e+000	2.227221e+000	7.484317e+000	1.000000e+000	-1.004726e-003	-4.456174e-006	0.000000e+000	0.000000e+000	3.903720e-005	-9.701445e-004	-5.208836e-006	-3.382837e-005
2.050000e+001	2.167906e+000	2.191408e+000	7.404012e+000	1.000000e+000	-9.876015e-004	-4.341015e-006	0.000000e+000	0.000000e+000	3.857700e-005	-9.533655e-004	-5.038696e-006	-3.353830e-005
2.060000e+001	2.134032e+000	2.156765e+000	7.324402e+000	1.000000e+000	-9.707938e-004	-4.220940e-006	0.000000e+000	0.000000e+000	3.811930e-005	-9.368955e-004	-4.873943e-006	-3.324536e-005
2.070000e+001	2.101265e+000	2.123255e+000	7.245493e+000	1.000000e+000	-9.543097e-004	-4.106202e-006	0.000000e+000	0.000000e+000	3.766445e-005	-9.207515e-004	-4.714635e-006	-3.294981e-005
2.080000e+001	2.069563e+000	2.090838e+000	7.167292e+000	1.000000e+000	-9.381838e-004	-4.004945e-006	0.000000e+000	0.000000e+000	3.721321e-005	-9.049756e-004	-4.561236e-006	-3.265197e-005
2.090000e+001	2.038881e+000	2.059470e+000	7.089803e+000	1.000000e+000	-9.224666e-004	-3.922404e-006	0.000000e+000	0.000000e+000	3.676660e-005	-8.896224e-004	-4.414428e-006	-3.235217e-005
2.100000e+001	2.009165e+000	2.029104e+000	7.013031e+000	1.000000e+000	-9.072127e-004	-3.860792e-006	0.000000e+000	0.000000e+000	3.632570e-005	-8.747478e-004	-4.274937e-006	-3.205076e-005
2.110000e+001	1.980360e+000	1.999686e+000	6.936979e+000	1.000000e+000	-8.924718e-004	-3.819682e-006	0.000000e+000	0.000000e+000	3.589153e-005	-8.604000e-004	-4.143395e-006	-3.174814e-005
2.120000e+001	1.952406e+000	1.971158e+000	6.861650e+000	1.000000e+000	-8.782822e-004	-3.796654e-006	0.000000e+000	0.000000e+000	3.546493e-005	-8.466139e-004	-4.020247e-006	-3.144469e-005
2.130000e+001	1.925243e+000	1.943460e+000	6.787045e+000	1.000000e+000	-8.646672e-004	-3.788030e-006	0.000000e+000	0.000000e+000	3.504652e-005	-8.334087e-004	-3.905709e-006	-3.114081e-005
2.140000e+001	1.898811e+000	1.916533e+000	6.713164e+000	1.000000e+000	-8.516342e-004	-3.789559e-006	0.000000e+000	0.000000e+000	3.463665e-005	-8.207871e-004	-3.799757e-006	-3.083690e-005
2.150000e+001	1.873050e+000	1.890318e+000	6.640008e+000	1.000000e+000	-8.391757e-004	-3.796978e-006	0.000000e+000	0.000000e+000	3.423546e-005	-8.087372e-004	-3.702150e-006	-3.053331e-005
2.160000e+001	1.847908e+000	1.864757e+000	6.567574e+000	1.000000e+000	-8.272712e-004	-3.806413e-006	0.000000e+000	0.000000e+000	3.384288e-005	-7.972348e-004	-3.612467e-006	-3.023041e-005
2.170000e+001	1.823331e+000	1.839796e+000	6.495862e+000	1.000000e+000	-8.158907e-004	-3.814622e-006	0.000000e+000	0.000000e+000	3.345865e-005	-7.862467e-004	-3.530153e-006	-2.992849e-005
2.180000e+001	1.799275e+000	1.815387e+000	6.424868e+000	1.000000e+000	-8.049969e-004	-3.819105e-006	0.000000e+000	0.000000e+000	3.308242e-005	-7.757336e-004	-3.454568e-006	-2.962785e-005
2.190000e+001	1.775697e+000	1.791485e+000	6.354589e+000	1.000000e+000	-7.945488e-004	-3.818113e-006	0.000000e+000	0.000000e+000	3.271375e-005	-7.656531e-004	-3.385028e-006	-2.932872e-005
2.200000e+001	1.752561e+000	1.768050e+000	6.285021e+000	1.000000e+000	-7.845037e-004	-3.810586e-006	0.000000e+000	0.000000e+000	3.235215e-005	-7.559621e-004	-3.320842e-006	-2.903131e-005
2.210000e+001	1.729836e+000	1.745047e+000	6.216160e+000	1.000000e+000	-7.748195e-004	-3.796044e-006	0.000000e+000	0.000000e+000	3.199714e-005	-7.466184e-004	-3.261341e-006	-2.873580e-005
2.220000e+001	1.707493e+000	1.722445e+000	6.148001e+000	1.000000e+000	-7.654562e-004	-3.774471e-006	0.000000e+000	0.000000e+000	3.164824e-005	-7.375824e-004	-3.205897e-006	-2.844234e-005
2.230000e+001	1.685508e+000	1.700219e+000	6.080539e+000	1.000000e+000	-7.563765e-004	-3.746193e-006	0.000000e+000	0.000000e+000	3.130499e-005	-7.288177e-004	-3.153938e-006	-2.815105e-005
2.240000e+001	1.663863e+000	1.678345e+000	6.013769e+000	1.000000e+000	-7.475469e-004	-3.711770e-006	0.000000e+000	0.000000e+000	3.096697e-005	-7.202917e-004	-3.104951e-006	-2.786202e-005
2.250000e+001	1.642538e+000	1.656804e+000	5.947685e+000	1.000000e+000	-7.389378e-004	-3.671896e-006	0.000000e+000	0.000000e+000	3.063382e-005	-7.119758e-004	-3.058491e-006	-2.757533e-005
2.260000e+001	1.621521e+000	1.635580e+000	5.882282e+000	1.000000e+000	-7.305233e-004	-3.627331e-006	0.000000e+000	0.000000e+000	3.030519e-005	-7.038454e-004	-3.014171e-006	-2.729102e-005
2.270000e+001	1.600799e+000	1.614660e+000	5.817554e+000	1.000000e+000	-7.222812e-004	-3.578845e-006	0.000000e+000	0.000000e+000	2.998082e-005	-6.958793e-004	-2.971664e-006	-2.700916e-005
2.280000e+001	1.580362e+000	1.594031e+000	5.753495e+000	1.000000e+000	-7.141930e-004	-3.527172e-006	0.000000e+000	0.000000e+000	2.966045e-005	-6.880597e-004	-2.930698e-006	-2.672975e-005
2.290000e+001	1.560199e+000	1.573684e+000	5.690099e+000	1.000000e+000	-7.062429e-004	-3.472992e-006	0.000000e+000	0.000000e+000	2.934388e-005	-6.803720e-004	-2.891045e-006	-2.645283e-005
2.300000e+001	1.540305e+000	1.553610e+000	5.627360e+000	1.000000e+000	-6.984179e-004	-3.416914e-006	0.000000e+000	0.000000e+000	2.903092e-005	-6.728039e-004	-2.852518e-006	-2.617840e-005
2.310000e+001	1.520672e+000	1.533802e+000	5.565273e+000	1.000000e+000	-6.907074e-004	-3.359468e-006	0.000000e+000	0.000000e+000	2.872144e-005	-6.653454e-004	-2.814968e-006	-2.590647e-005
2.320000e+001	1.501295e+000	1.514253e+000	5.503830e+000	1.000000e+000	-6.831026e-004	-3.301110e-006	0.000000e+000	0.000000e+000	2.841531e-005	-6.579884e-004	-2.778272e-006	-2.563704e-005
2.330000e+001	1.482167e+000	1.494958e+000	5.443028e+000	1.000000e+000	-6.755965e-004	-3.242220e-006	0.000000e+000	0.000000e+000	2.811243e-005	-6.507263e-004	-2.742331e-006	-2.537010e-005
2.340000e+001	1.463286e+000	1.475912e+000	5.382858e+000	1.000000e+000	-6.681833e-004	-3.183115e-006	0.000000e+000	0.000000e+000	2.781271e-005	-6.435537e-004	-2.707068e-006	-2.510565e-005
2.350000e+001	1.444646e+000	1.457110e+000	5.323317e+000	1.000000e+000	-6.608583e-004	-3.124050e-006	0.000000e+000	0.000000e+000	2.751608e-005	-6.364663e-004	-2.672419e-006	-2.484366e-005
2.360000e+001	1.426243e+000	1.438549e+000	5.264397e+000	1.000000e+000	-6.536178e-004	-3.065231e-006	0.000000e+000	0.000000e+000	2.722248e-005	-6.294605e-004	-2.638336e-006	-2.458414e-005
2.370000e+001	1.408074e+000	1.420224e+000	5.206092e+000	1.000000e+000	-6.464586e-004	-3.006822e-006	0.000000e+000	0.000000e+000	2.693184e-005	-6.225336e-004	-2.604779e-006	-2.432706e-005
2.380000e+001	1.390136e+000	1.402131e+000	5.148398e+000	1.000000e+000	-6.393782e-004	-2.948947e-006	0.000000e+000	0.000000e+000	2.664414e-005	-6.156831e-004	-2.571717e-006	-2.407242e-005
2.390000e+001	1.372425e+000	1.384268e+000	5.091308e+000	1.000000e+000	-6.323746e-004	-2.891705e-006	0.000000e+000	0.000000e+000	2.635931e-005	-6.089070e-004	-2.539124e-006	-2.382019e-005
2.400000e+001	1.354939e+000	1.366632e+000	5.034816e+000	1.000000e+000	-6.254460e-004	-2.835167e-006	0.000000e+000	0.000000e+000	2.607733e-005	-6.022039e-004	-2.506980e-006	-2.357035e-005
2.410000e+001	1.337673e+000	1.349218e+000	4.978918e+000	1.000000e+000	-6.185909e-004	-2.779387e-006	0.000000e+000	0.000000e+000	2.579817e-005	-5.955721e-004	-2.475269e-006	-2.332290e-005
2.420000e+001	1.320626e+000	1.332025e+000	4.923606e+000	1.000000e+000	-6.118081e-004	-2.724404e-006	0.000000e+000	0.000000e+000	2.552179e-005	-5.890107e-004	-2.443977e-006	-2.307781e-005
2.430000e+001	1.303794e+000	1.315049e+000	4.868876e+000	1.000000e+000	-6.050963e-004	-2.670243e-006	0.000000e+000	0.000000e+000	2.524816e-005	-5.825184e-004	-2.413092e-006	-2.283506e-005
2.440000e+001	1.287175e+000	1.298288e+000	4.814722e+000	1.000000e+000	-5.984547e-004	-2.616921e-006	0.000000e+000	0.000000e+000	2.497725e-005	-5.760944e-004	-2.382606e-006	-2.259464e-005
2.450000e+001	1.270765e+000	1.281738e+000	4.761138e+000	1.000000e+000	-5.918823e-004	-2.564446e-006	0.000000e+000	0.000000e+000	2.470904e-005	-5.697377e-004	-2.352509e-006	-2.235653e-005
2.460000e+001	1.254563e+000	1.265397e+000	4.708119e+000	1.000000e+000	-5.853783e-004	-2.512824e-006	0.000000e+000	0.000000e+000	2.444351e-005	-5.634476e-004	-2.322795e-006	-2.212072e-005
2.470000e+001	1.238566e+000	1.249263e+000	4.655660e+000	1.000000e+000	-5.789420e-004	-2.462052e-006	0.000000e+000	0.000000e+000	2.418063e-005	-5.572234e-004	-2.293457e-006	-2.188717e-005
2.480000e+001	1.222771e+000	1.233333e+000	4.603755e+000	1.000000e+000	-5.725725e-004	-2.412128e-006	0.000000e+000	0.000000e+000	2.392037e-005	-5.510643e-004	-2.264489e-006	-2.165588e-005
2.490000e+001	1.207175e+000	1.217603e+000	4.552398e+000	1.000000e+000	-5.662692e-004	-2.363046e-006	0.000000e+000	0.000000e+000	2.366271e-005	-5.449696e-004	-2.235884e-006	-2.142683e-005
2.500000e+001	1.191776e+000	1.202073e+000	4.501585e+000	1.000000e+000	-5.600315e-004	-2.314796e-006	0.000000e+000	0.000000e+000	2.340763e-005	-5.389387e-004	-2.207639e-006	-2.119999e-005
2.510000e+001	1.176572e+000	1.186738e+000	4.451311e+000	1.000000e+000	-5.538586e-004	-2.267371e-006	0.000000e+000	0.000000e+000	2.315511e-005	-5.329709e-004	-2.179748e-006	-2.097536e-005
2.520000e+001	1.161560e+000	1.171598e+000	4.401569e+000	1.000000e+000	-5.477499e-004	-2.220759e-006	0.000000e+000	0.000000e+000	2.290511e-005	-5.270656e-004	-2.152206e-006	-2.075291e-005
2.530000e+001	1.146737e+000	1.156649e+000	4.352355e+000	1.000000e+000	-5.417049e-004	-2.174951e-006	0.000000e+000	0.000000e+000	2.265763e-005	-5.212222e-004	-2.125009e-006	-2.053262e-005
2.540000e+001	1.132102e+000	1.141888e+000	4.303663e+000	1.000000e+000	-5.357228e-004	-2.129936e-006	0.000000e+000	0.000000e+000	2.241263e-005	-5.154401e-004	-2.098152e-006	-2.031448e-005
2.550000e+001	1.117652e+000	1.127314e+000	4.255489e+000	1.000000e+000	-5.298031e-004	-2.085701e-006	0.000000e+000	0.000000e+000	2.217011e-005	-5.097187e-004	-2.071631e-006	-2.009848e-005
2.560000e+001	1.103385e+000	1.112925e+000	4.207828e+000	1.000000e+000	-5.239452e-004	-2.042236e-006	0.000000e+000	0.000000e+000	2.193002e-005	-5.040575e-004	-2.045441e-006	-1.988458e-005
2.570000e+001	1.089297e+000	1.098717e+000	4.160674e+000	1.000000e+000	-5.181485e-004	-1.999528e-006	0.000000e+000	0.000000e+000	2.169236e-005	-4.984557e-004	-2.019579e-006	-1.967278e-005
2.580000e+001	1.075389e+000	1.084689e+000	4.114022e+000	1.000000e+000	-5.124125e-004	-1.957567e-006	0.000000e+000	0.000000e+000	2.145710e-005	-4.929129e-004	-1.994041e-006	-1.946305e-005
2.590000e+001	1.061656e+000	1.070839e+000	4.067868e+000	1.000000e+000	-5.067364e-004	-1.916340e-006	0.000000e+000	0.000000e+000	2.122421e-005	-4.874285e-004	-1.968821e-006	-1.925539e-005
2.600000e+001	1.048096e+000	1.057163e+000	4.022207e+000	1.000000e+000	-5.011198e-004	-1.875837e-006	0.000000e+000	0.000000e+000	2.099369e-005	-4.820020e-004	-1.943918e-006	-1.904977e-005
2.610000e+001	1.034709e+000	1.043661e+000	3.977033e+000	1.000000e+000	-4.955621e-004	-1.836045e-006	0.000000e+000	0.000000e+000	2.076550e-005	-4.766326e-004	-1.919325e-006	-1.884618e-005
2.620000e+001	1.021490e+000	1.030329e+000	3.932342e+000	1.000000e+000	-4.900627e-004	-1.796955e-006	0.000000e+000	0.000000e+000	2.053963e-005	-4.713200e-004	-1.895041e-006	-1.864459e-005
2.630000e+001	1.008439e+000	1.017166e+000	3.888130e+000	1.000000e+000	-4.846211e-004	-1.758553e-006	0.000000e+000	0.000000e+000	2.031606e-005	-4.660636e-004	-1.871060e-006	-1.844500e-005
2.640000e+001	9.955535e-001	1.004170e+000	3.844391e+000	1.000000e+000	-4.792367e-004	-1.720830e-006	0.000000e+000	0.000000e+000	2.009475e-005	-4.608628e-004	-1.847379e-006	-1.824738e-005
2.650000e+001	9.828307e-001	9.913381e-001	3.801121e+000	1.000000e+000	-4.739090e-004	-1.683775e-006	0.000000e+000	0.000000e+000	1.987571e-005	-4.557171e-004	-1.823995e-006	-1.805171e-005
2.660000e+001	9.702690e-001	9.786688e-001	3.758315e+000	1.000000e+000	-4.686374e-004	-1.647378e-006	0.000000e+000	0.000000e+000	1.965890e-005	-4.506259e-004	-1.800903e-006	-1.785799e-005
2.670000e+001	9.578664e-001	9.661598e-001	3.715969e+000	1.000000e+000	-4.634214e-004	-1.611626e-006	0.000000e+000	0.000000e+000	1.944430e-005	-4.455887e-004	-1.778100e-006	-1.766620e-005
2.680000e+001	9.456209e-001	9.538092e-001	3.674078e+000	1.000000e+000	-4.582604e-004	-1.576511e-006	0.000000e+000	0.000000e+000	1.923189e-005	-4.406050e-004	-1.755583e-006	-1.747631e-005
2.690000e+001	9.335304e-001	9.416151e-001	3.632637e+000	1.000000e+000	-4.531539e-004	-1.542022e-006	0.000000e+000	0.000000e+000	1.902166e-005	-4.356743e-004	-1.733348e-006	-1.728832e-005
2.700000e+001	9.215931e-001	9.295754e-001	3.591642e+000	1.000000e+000	-4.481014e-004	-1.508149e-006	0.000000e+000	0.000000e+000	1.881359e-005	-4.307960e-004	-1.711391e-006	-1.710220e-005
2.710000e+001	9.098071e-001	9.176882e-001	3.551088e+000	1.000000e+000	-4.431024e-004	-1.474882e-006	0.000000e+000	0.000000e+000	1.860764e-005	-4.259696e-004	-1.689710e-006	-1.691793e-005
2.720000e+001	8.981704e-001	9.059516e-001	3.510972e+000	1.000000e+000	-4.381563e-004	-1.442211e-006	0.000000e+000	0.000000e+000	1.840382e-005	-4.211947e-004	-1.668300e-006	-1.673552e-005
2.730000e+001	8.866811e-001	8.943637e-001	3.471288e+000	1.000000e+000	-4.332626e-004	-1.410127e-006	0.000000e+000	0.000000e+000	1.820208e-005	-4.164707e-004	-1.647158e-006	-1.655493e-005
2.740000e+001	8.753375e-001	8.829228e-001	3.432033e+000	1.000000e+000	-4.284209e-004	-1.378620e-006	0.000000e+000	0.000000e+000	1.800243e-005	-4.117971e-004	-1.626282e-006	-1.637615e-005
2.750000e+001	8.641377e-001	8.716268e-001	3.393202e+000	1.000000e+000	-4.236306e-004	-1.347681e-006	0.000000e+000	0.000000e+000	1.780483e-005	-4.071734e-004	-1.605667e-006	-1.619916e-005
2.760000e+001	8.530798e-001	8.604740e-001	3.354791e+000	1.000000e+000	-4.188911e-004	-1.317301e-006	0.000000e+000	0.000000e+000	1.760927e-005	-4.025992e-004	-1.585310e-006	-1.602396e-005
2.770000e+001	8.421622e-001	8.494626e-001	3.316795e+000	1.000000e+000	-4.142021e-004	-1.287470e-006	0.000000e+000	0.000000e+000	1.741573e-005	-3.980739e-004	-1.565209e-006	-1.585052e-005
2.780000e+001	8.313830e-001	8.385909e-001	3.279211e+000	1.000000e+000	-4.095630e-004	-1.258180e-006	0.000000e+000	0.000000e+000	1.722419e-005	-3.935970e-004	-1.545360e-006	-1.567883e-005
2.790000e+001	8.207406e-001	8.278570e-001	3.242034e+000	1.000000e+000	-4.049734e-004	-1.229422e-006	0.000000e+000	0.000000e+000	1.703463e-005	-3.891682e-004	-1.525760e-006	-1.550887e-005
2.800000e+001	8.102331e-001	8.172593e-001	3.205260e+000	1.000000e+000	-4.004326e-004	-1.201187e-006	0.000000e+000	0.000000e+000	1.684703e-005	-3.847868e-004	-1.506406e-006	-1.534062e-005
2.810000e+001	7.998590e-001	8.067960e-001	3.168885e+000	1.000000e+000	-3.959404e-004	-1.173467e-006	0.000000e+000	0.000000e+000	1.666138e-005	-3.804525e-004	-1.487294e-006	-1.517408e-005
2.820000e+001	7.896165e-001	7.964655e-001	3.132905e+000	1.000000e+000	-3.914961e-004	-1.146253e-006	0.000000e+000	0.000000e+000	1.647766e-005	-3.761647e-004	-1.468423e-006	-1.500923e-005
2.830000e+001	7.795040e-001	7.862660e-001	3.097316e+000	1.000000e+000	-3.870993e-004	-1.119537e-006	0.000000e+000	0.000000e+000	1.629584e-005	-3.719230e-004	-1.449788e-006	-1.484605e-005
2.840000e+001	7.695198e-001	7.761960e-001	3.062115e+000	1.000000e+000	-3.827496e-004	-1.093312e-006	0.000000e+000	0.000000e+000	1.611592e-005	-3.677270e-004	-1.431388e-006	-1.468453e-005
2.850000e+001	7.596624e-001	7.662539e-001	3.027296e+000	1.000000e+000	-3.784464e-004	-1.067568e-006	0.000000e+000	0.000000e+000	1.593787e-005	-3.635761e-004	-1.413218e-006	-1.452465e-005
2.860000e+001	7.499301e-001	7.564379e-001	2.992857e+000	1.000000e+000	-3.741894e-004	-1.042298e-006	0.000000e+000	0.000000e+000	1.576167e-005	-3.594700e-004	-1.395277e-006	-1.436639e-005
2.870000e+001	7.403214e-001	7.467466e-001	2.958793e+000	1.000000e+000	-3.699780e-004	-1.017494e-006	0.000000e+000	0.000000e+000	1.558731e-005	-3.554082e-004	-1.377561e-006	-1.420975e-005
2.880000e+001	7.308347e-001	7.371783e-001	2.925100e+000	1.000000e+000	-3.658118e-004	-9.931495e-007	0.000000e+000	0.000000e+000	1.541478e-005	-3.513902e-004	-1.360068e-006	-1.405471e-005
2.890000e+001	7.214685e-001	7.277315e-001	2.891776e+000	1.000000e+000	-3.616904e-004	-9.692556e-007	0.000000e+000	0.000000e+000	1.524405e-005	-3.474156e-004	-1.342794e-006	-1.390125e-005
2.900000e+001	7.122213e-001	7.184047e-001	2.858815e+000	1.000000e+000	-3.576133e-004	-9.458054e-007	0.000000e+000	0.000000e+000	1.507510e-005	-3.434840e-004	-1.325737e-006	-1.374936e-005
2.910000e+001	7.030915e-001	7.091964e-001	2.826215e+000	1.000000e+000	-3.535800e-004	-9.227915e-007	0.000000e+000	0.000000e+000	1.490792e-005	-3.395949e-004	-1.308895e-006	-1.359903e-005
2.920000e+001	6.940778e-001	7.001051e-001	2.793971e+000	1.000000e+000	-3.495902e-004	-9.002067e-007	0.000000e+000	0.000000e+000	1.474250e-005	-3.357479e-004	-1.292265e-006	-1.345023e-005
2.930000e+001	6.851786e-001	6.911293e-001	2.762080e+000	1.000000e+000	-3.456433e-004	-8.780441e-007	0.000000e+000	0.000000e+000	1.457881e-005	-3.319426e-004	-1.275843e-006	-1.330297e-005
2.940000e+001	6.763925e-001	6.822676e-001	2.730538e+000	1.000000e+000	-3.417391e-004	-8.562964e-007	0.000000e+000	0.000000e+000	1.441684e-005	-3.281785e-004	-1.259628e-006	-1.315721e-005
2.950000e+001	6.677181e-001	6.735185e-001	2.699342e+000	1.000000e+000	-3.378769e-004	-8.349570e-007	0.000000e+000	0.000000e+000	1.425658e-005	-3.244553e-004	-1.243618e-006	-1.301296e-005
2.960000e+001	6.591539e-001	6.648806e-001	2.668488e+000	1.000000e+000	-3.340565e-004	-8.140191e-007	0.000000e+000	0.000000e+000	1.409800e-005	-3.207725e-004	-1.227808e-006	-1.287019e-005
2.970000e+001	6.506987e-001	6.563526e-001	2.637973e+000	1.000000e+000	-3.302774e-004	-7.934759e-007	0.000000e+000	0.000000e+000	1.394109e-005	-3.171297e-004	-1.212197e-006	-1.272889e-005
2.980000e+001	6.423509e-001	6.479330e-001	2.607793e+000	1.000000e+000	-3.265391e-004	-7.733209e-007	0.000000e+000	0.000000e+000	1.378583e-005	-3.135266e-004	-1.196783e-006	-1.258905e-005
2.990000e+001	6.341094e-001	6.396204e-001	2.577945e+000	1.000000e+000	-3.228413e-004	-7.535476e-007	0.000000e+000	0.000000e+000	1.363222e-005	-3.099626e-004	-1.181563e-006	-1.245066e-005
3.000000e+001	6.259726e-001	6.314136e-001	2.548425e+000	1.000000e+000	-3.191836e-004	-7.341498e-007	0.000000e+000	0.000000e+000	1.348022e-005	-3.064375e-004	-1.166534e-006	-1.231369e-005
3.010000e+001	6.179394e-001	6.233111e-001	2.519229e+000	1.000000e+000	-3.155655e-004	-7.151211e-007	0.000000e+000	0.000000e+000	1.332984e-005	-3.029508e-004	-1.151695e-006	-1.217814e-005
3.020000e+001	6.100084e-001	6.153118e-001	2.490356e+000	1.000000e+000	-3.119866e-004	-6.964554e-007	0.000000e+000	0.000000e+000	1.318104e-005	-2.995021e-004	-1.137042e-006	-1.204400e-005
3.030000e+001	6.021783e-001	6.074142e-001	2.461800e+000	1.000000e+000	-3.084467e-004	-6.781466e-007	0.000000e+000	0.000000e+000	1.303382e-005	-2.960910e-004	-1.122574e-006	-1.191125e-005
3.040000e+001	5.944478e-001	5.996171e-001	2.433559e+000	1.000000e+000	-3.049451e-004	-6.601886e-007	0.000000e+000	0.000000e+000	1.288816e-005	-2.927172e-004	-1.108289e-006	-1.177988e-005
3.050000e+001	5.868158e-001	5.919192e-001	2.405630e+000	1.000000e+000	-3.014817e-004	-6.425758e-007	0.000000e+000	0.000000e+000	1.274405e-005	-2.893802e-004	-1.094183e-006	-1.164987e-005
3.060000e+001	5.792809e-001	5.843194e-001	2.378009e+000	1.000000e+000	-2.980559e-004	-6.253021e-007	0.000000e+000	0.000000e+000	1.260147e-005	-2.860797e-004	-1.080255e-006	-1.152121e-005
3.070000e+001	5.718419e-001	5.768162e-001	2.350693e+000	1.000000e+000	-2.946674e-004	-6.083621e-007	0.000000e+000	0.000000e+000	1.246040e-005	-2.828154e-004	-1.066502e-006	-1.139390e-005
3.080000e+001	5.644976e-001	5.694086e-001	2.323680e+000	1.000000e+000	-2.913159e-004	-5.917499e-007	0.000000e+000	0.000000e+000	1.232083e-005	-2.795868e-004	-1.052923e-006	-1.126791e-005
3.090000e+001	5.572469e-001	5.620954e-001	2.296965e+000	1.000000e+000	-2.880009e-004	-5.754601e-007	0.000000e+000	0.000000e+000	1.218275e-005	-2.763936e-004	-1.039515e-006	-1.114324e-005
3.100000e+001	5.500885e-001	5.548752e-001	2.270545e+000	1.000000e+000	-2.847220e-004	-5.594873e-007	0.000000e+000	0.000000e+000	1.204614e-005	-2.732354e-004	-1.026275e-006	-1.101987e-005
3.110000e+001	5.430213e-001	5.477470e-001	2.244418e+000	1.000000e+000	-2.814790e-004	-5.438261e-007	0.000000e+000	0.000000e+000	1.191099e-005	-2.701118e-004	-1.013203e-006	-1.089779e-005
3.120000e+001	5.360441e-001	5.407097e-001	2.218581e+000	1.000000e+000	-2.782714e-004	-5.284713e-007	0.000000e+000	0.000000e+000	1.177728e-005	-2.670225e-004	-1.000296e-006	-1.077699e-005
3.130000e+001	5.291558e-001	5.337620e-001	2.193030e+000	1.000000e+000	-2.750988e-004	-5.134175e-007	0.000000e+000	0.000000e+000	1.164500e-005	-2.639672e-004	-9.875514e-007	-1.065745e-005
3.140000e+001	5.223553e-001	5.269028e-001	2.167763e+000	1.000000e+000	-2.719610e-004	-4.986598e-007	0.000000e+000	0.000000e+000	1.151413e-005	-2.609455e-004	-9.749676e-007	-1.053917e-005
3.150000e+001	5.156415e-001	5.201310e-001	2.142776e+000	1.000000e+000	-2.688575e-004	-4.841931e-007	0.000000e+000	0.000000e+000	1.138467e-005	-2.579570e-004	-9.625426e-007	-1.042213e-005
3.160000e+001	5.090132e-001	5.134455e-001	2.118067e+000	1.000000e+000	-2.657880e-004	-4.700124e-007	0.000000e+000	0.000000e+000	1.125659e-005	-2.550014e-004	-9.502744e-007	-1.030631e-005
3.170000e+001	5.024695e-001	5.068452e-001	2.093633e+000	1.000000e+000	-2.627522e-004	-4.561128e-007	0.000000e+000	0.000000e+000	1.112988e-005	-2.520784e-004	-9.381610e-007	-1.019172e-005
3.180000e+001	4.960091e-001	5.003291e-001	2.069470e+000	1.000000e+000	-2.597497e-004	-4.424897e-007	0.000000e+000	0.000000e+000	1.100453e-005	-2.491876e-004	-9.262005e-007	-1.007833e-005
3.190000e+001	4.896312e-001	4.938960e-001	2.045576e+000	1.000000e+000	-2.567801e-004	-4.291382e-007	0.000000e+000	0.000000e+000	1.088053e-005	-2.463287e-004	-9.143910e-007	-9.966140e-006
3.200000e+001	4.833345e-001	4.875450e-001	2.021948e+000	1.000000e+000	-2.538432e-004	-4.160536e-007	0.000000e+000	0.000000e+000	1.075786e-005	-2.435014e-004	-9.027306e-007	-9.855130e-006
