TIME          	MC CONC       	STS CONC      	HTS CONC      	SED CONC      	ADV dm/dt     	DISP dm/dt    	DECAY dm/dt   	SORPTION dm/dt	STORAGE dm/dt 	MC dm/dt      	STS dm/dt     	HTS dm/dt     
(hr)          	mg/L          	mg/L          	mg/L          	mg/L          	(mg/L)·(m²/s)  	(mg/L)·(m²/s)  	(mg/L)·(m²/s)  	(mg/L)·(m²/s)  	(mg/L)·(m²/s)  	(mg/L)·(m²/s)  	(mg/L)·(m²/s)  	(mg/L)·(m²/s)  
0.000000e+000	3.525501e-001	3.525501e-001	1.434612e-002	0.000000e+000	4.740831e-005	5.321044e-007	0.000000e+000	0.000000e+000	-2.166264e-006	4.577415e-005	0.000000e+000	0.000000e+000
1.000000e-001	3.525501e-001	3.525501e-001	1.434612e-002	1.000000e+000	4.740831e-005	5.321044e-007	0.000000e+000	0.000000e+000	-2.166264e-006	4.577415e-005	1.666223e-019	4.348667e-021
2.000000e-001	3.525501e-001	3.525501e-001	1.434612e-002	1.000000e+000	4.740831e-005	5.321044e-007	0.000000e+000	0.000000e+000	-2.166264e-006	4.577415e-005	3.570477e-019	9.976354e-021
3.000000e-001	3.525501e-001	3.525501e-001	1.434612e-002	1.000000e+000	4.740831e-005	5.321044e-007	0.000000e+000	0.000000e+000	-2.166264e-006	4.577415e-005	8.331114e-020	1.099957e-020
4.000000e-001	3.525501e-001	3.525501e-001	1.434612e-002	1.000000e+000	4.740831e-005	5.321044e-007	0.000000e+000	0.000000e+000	-2.166264e-006	4.577415e-005	5.081979e-018	1.767605e-019
5.000000e-001	3.525501e-001	3.525501e-001	1.434612e-002	1.000000e+000	4.740831e-005	5.321045e-007	0.000000e+000	0.000000e+000	-2.166264e-006	4.577415e-005	1.219735e-015	4.419013e-017
6.000000e-001	3.525501e-001	3.525501e-001	1.434612e-002	1.000000e+000	4.740831e-005	5.321073e-007	0.000000e+000	0.000000e+000	-2.166264e-006	4.577416e-005	6.595963e-014	2.518424e-015
7.000000e-001	3.525501e-001	3.525501e-001	1.434612e-002	1.000000e+000	4.740843e-005	5.321487e-007	0.000000e+000	0.000000e+000	-2.166266e-006	4.577432e-005	1.305215e-012	5.271779e-014
8.000000e-001	3.525502e-001	3.525502e-001	1.434612e-002	1.000000e+000	4.740945e-005	5.324583e-007	0.000000e+000	0.000000e+000	-2.166278e-006	4.577563e-005	1.293279e-011	5.539100e-013
9.000000e-001	3.525508e-001	3.525504e-001	1.434613e-002	1.000000e+000	4.741486e-005	5.338695e-007	0.000000e+000	0.000000e+000	-2.166347e-006	4.578238e-005	7.824519e-011	3.558314e-012
1.000000e+000	3.525532e-001	3.525517e-001	1.434615e-002	1.000000e+000	4.743472e-005	5.383366e-007	0.000000e+000	0.000000e+000	-2.166613e-006	4.580645e-005	3.292910e-010	1.590732e-011
1.100000e+000	3.525610e-001	3.525561e-001	1.434622e-002	1.000000e+000	4.749012e-005	5.490493e-007	0.000000e+000	0.000000e+000	-2.167387e-006	4.587178e-005	1.053063e-009	5.402822e-011
1.200000e+000	3.525813e-001	3.525686e-001	1.434645e-002	1.000000e+000	4.761477e-005	5.697085e-007	0.000000e+000	0.000000e+000	-2.169184e-006	4.601530e-005	2.721901e-009	1.482259e-010
1.300000e+000	3.526255e-001	3.525978e-001	1.434701e-002	1.000000e+000	4.785126e-005	6.030836e-007	0.000000e+000	0.000000e+000	-2.172685e-006	4.628166e-005	5.943157e-009	3.432238e-010
1.400000e+000	3.527095e-001	3.526567e-001	1.434821e-002	1.000000e+000	4.824169e-005	6.495121e-007	0.000000e+000	0.000000e+000	-2.178595e-006	4.671260e-005	1.132293e-008	6.927630e-010
1.500000e+000	3.528521e-001	3.527621e-001	1.435048e-002	1.000000e+000	4.881577e-005	7.060875e-007	0.000000e+000	0.000000e+000	-2.187457e-006	4.733440e-005	1.928622e-008	1.248714e-009
1.600000e+000	3.530722e-001	3.529326e-001	1.435436e-002	1.000000e+000	4.958044e-005	7.669226e-007	0.000000e+000	0.000000e+000	-2.199475e-006	4.814789e-005	2.991948e-008	2.047729e-009
1.700000e+000	3.533860e-001	3.531859e-001	1.436044e-002	1.000000e+000	5.051468e-005	8.243682e-007	0.000000e+000	0.000000e+000	-2.214418e-006	4.912463e-005	4.289143e-008	3.099595e-009
1.800000e+000	3.538041e-001	3.535361e-001	1.436932e-002	1.000000e+000	5.157078e-005	8.707073e-007	0.000000e+000	0.000000e+000	-2.231623e-006	5.020986e-005	5.747536e-008	4.380813e-009
1.900000e+000	3.543298e-001	3.539909e-001	1.438147e-002	1.000000e+000	5.268144e-005	8.997581e-007	0.000000e+000	0.000000e+000	-2.250097e-006	5.133110e-005	7.266034e-008	5.835050e-009
2.000000e+000	3.549579e-001	3.545506e-001	1.439721e-002	1.000000e+000	5.377037e-005	9.079593e-007	0.000000e+000	0.000000e+000	-2.268674e-006	5.240965e-005	8.731449e-008	7.380042e-009
2.100000e+000	3.556759e-001	3.552078e-001	1.441665e-002	1.000000e+000	5.476344e-005	8.947544e-007	0.000000e+000	0.000000e+000	-2.286190e-006	5.337200e-005	1.003566e-007	8.918896e-009
2.200000e+000	3.564651e-001	3.559478e-001	1.443966e-002	1.000000e+000	5.559830e-005	8.623266e-007	0.000000e+000	0.000000e+000	-2.301640e-006	5.415898e-005	1.108985e-007	1.035304e-008
2.300000e+000	3.573029e-001	3.567510e-001	1.446587e-002	1.000000e+000	5.623073e-005	8.148821e-007	0.000000e+000	0.000000e+000	-2.314277e-006	5.473133e-005	1.183371e-007	1.159418e-008
2.400000e+000	3.581652e-001	3.575943e-001	1.449473e-002	1.000000e+000	5.663739e-005	7.577325e-007	0.000000e+000	0.000000e+000	-2.323667e-006	5.507146e-005	1.223890e-007	1.257345e-008
2.500000e+000	3.590282e-001	3.584542e-001	1.452557e-002	1.000000e+000	5.681529e-005	6.963977e-007	0.000000e+000	0.000000e+000	-2.329683e-006	5.518201e-005	1.230750e-007	1.324660e-008
2.600000e+000	3.598706e-001	3.593078e-001	1.455764e-002	1.000000e+000	5.677874e-005	6.358837e-007	0.000000e+000	0.000000e+000	-2.332467e-006	5.508216e-005	1.206684e-007	1.359550e-008
2.700000e+000	3.606743e-001	3.601350e-001	1.459015e-002	1.000000e+000	5.655497e-005	5.802067e-007	0.000000e+000	0.000000e+000	-2.332362e-006	5.480281e-005	1.156240e-007	1.362616e-008
2.800000e+000	3.614255e-001	3.609194e-001	1.462238e-002	1.000000e+000	5.617920e-005	5.321707e-007	0.000000e+000	0.000000e+000	-2.329845e-006	5.438152e-005	1.085018e-007	1.336457e-008
2.900000e+000	3.621144e-001	3.616485e-001	1.465367e-002	1.000000e+000	5.569005e-005	4.933566e-007	0.000000e+000	0.000000e+000	-2.325453e-006	5.385795e-005	9.989735e-008	1.285125e-008
3.000000e+000	3.627355e-001	3.623139e-001	1.468349e-002	1.000000e+000	5.512573e-005	4.642632e-007	0.000000e+000	0.000000e+000	-2.319729e-006	5.327027e-005	9.038588e-008	1.213546e-008
3.100000e+000	3.632866e-001	3.629112e-001	1.471142e-002	1.000000e+000	5.452118e-005	4.445333e-007	0.000000e+000	0.000000e+000	-2.313176e-006	5.265253e-005	8.048204e-008	1.126990e-008
3.200000e+000	3.637686e-001	3.634392e-001	1.473715e-002	1.000000e+000	5.390627e-005	4.332104e-007	0.000000e+000	0.000000e+000	-2.306232e-006	5.203325e-005	7.061607e-008	1.030624e-008
3.300000e+000	3.641844e-001	3.638993e-001	1.476052e-002	1.000000e+000	5.330497e-005	4.289830e-007	0.000000e+000	0.000000e+000	-2.299254e-006	5.143470e-005	6.112378e-008	9.291831e-009
3.400000e+000	3.645389e-001	3.642952e-001	1.478145e-002	1.000000e+000	5.273517e-005	4.303932e-007	0.000000e+000	0.000000e+000	-2.292514e-006	5.087305e-005	5.224735e-008	8.267556e-009
3.500000e+000	3.648375e-001	3.646316e-001	1.479996e-002	1.000000e+000	5.220908e-005	4.359959e-007	0.000000e+000	0.000000e+000	-2.286204e-006	5.035887e-005	4.414352e-008	7.266688e-009
3.600000e+000	3.650864e-001	3.649143e-001	1.481614e-002	1.000000e+000	5.173397e-005	4.444679e-007	0.000000e+000	0.000000e+000	-2.280447e-006	4.989799e-005	3.689612e-008	6.314651e-009
3.700000e+000	3.652919e-001	3.651495e-001	1.483012e-002	1.000000e+000	5.131302e-005	4.546724e-007	0.000000e+000	0.000000e+000	-2.275308e-006	4.949239e-005	3.053053e-008	5.429391e-009
3.800000e+000	3.654599e-001	3.653432e-001	1.484209e-002	1.000000e+000	5.094630e-005	4.656862e-007	0.000000e+000	0.000000e+000	-2.270805e-006	4.914118e-005	2.502803e-008	4.622183e-009
3.900000e+000	3.655962e-001	3.655013e-001	1.485223e-002	1.000000e+000	5.063155e-005	4.768011e-007	0.000000e+000	0.000000e+000	-2.266924e-006	4.884143e-005	2.033900e-008	3.898665e-009
4.000000e+000	3.657057e-001	3.656293e-001	1.486074e-002	1.000000e+000	5.036501e-005	4.875063e-007	0.000000e+000	0.000000e+000	-2.263627e-006	4.858889e-005	1.639428e-008	3.259958e-009
4.100000e+000	3.657932e-001	3.657321e-001	1.486784e-002	1.000000e+000	5.014202e-005	4.974618e-007	0.000000e+000	0.000000e+000	-2.260861e-006	4.837862e-005	1.311421e-008	2.703763e-009
4.200000e+000	3.658626e-001	3.658140e-001	1.487370e-002	1.000000e+000	4.995751e-005	5.064670e-007	0.000000e+000	0.000000e+000	-2.258570e-006	4.820541e-005	1.041570e-008	2.225359e-009
4.300000e+000	3.659172e-001	3.658788e-001	1.487851e-002	1.000000e+000	4.980638e-005	5.144295e-007	0.000000e+000	0.000000e+000	-2.256690e-006	4.806412e-005	8.217181e-009	1.818459e-009
4.400000e+000	3.659599e-001	3.659298e-001	1.488242e-002	1.000000e+000	4.968373e-005	5.213365e-007	0.000000e+000	0.000000e+000	-2.255163e-006	4.794990e-005	6.442030e-009	1.475914e-009
4.500000e+000	3.659931e-001	3.659697e-001	1.488559e-002	1.000000e+000	4.958504e-005	5.272299e-007	0.000000e+000	0.000000e+000	-2.253935e-006	4.785834e-005	5.020552e-009	1.190256e-009
4.600000e+000	3.660189e-001	3.660007e-001	1.488814e-002	1.000000e+000	4.950626e-005	5.321866e-007	0.000000e+000	0.000000e+000	-2.252954e-006	4.778549e-005	3.890988e-009	9.541066e-010
4.700000e+000	3.660387e-001	3.660247e-001	1.489017e-002	1.000000e+000	4.944383e-005	5.363027e-007	0.000000e+000	0.000000e+000	-2.252176e-006	4.772796e-005	2.999770e-009	7.604574e-010
4.800000e+000	3.660538e-001	3.660431e-001	1.489179e-002	1.000000e+000	4.939469e-005	5.396820e-007	0.000000e+000	0.000000e+000	-2.251564e-006	4.768281e-005	2.301259e-009	6.028483e-010
4.900000e+000	3.660654e-001	3.660572e-001	1.489307e-002	1.000000e+000	4.935627e-005	5.424282e-007	0.000000e+000	0.000000e+000	-2.251086e-006	4.764761e-005	1.757167e-009	4.754674e-010
5.000000e+000	3.660742e-001	3.660680e-001	1.489408e-002	1.000000e+000	4.932640e-005	5.446391e-007	0.000000e+000	0.000000e+000	-2.250715e-006	4.762032e-005	1.335803e-009	3.731889e-010
5.100000e+000	3.660808e-001	3.660761e-001	1.489487e-002	1.000000e+000	4.930330e-005	5.464040e-007	0.000000e+000	0.000000e+000	-2.250428e-006	4.759928e-005	1.011249e-009	2.915680e-010
5.200000e+000	3.660858e-001	3.660823e-001	1.489548e-002	1.000000e+000	4.928554e-005	5.478018e-007	0.000000e+000	0.000000e+000	-2.250207e-006	4.758314e-005	7.625296e-010	2.268063e-010
5.300000e+000	3.660896e-001	3.660869e-001	1.489596e-002	1.000000e+000	4.927194e-005	5.488968e-007	0.000000e+000	0.000000e+000	-2.250038e-006	4.757080e-005	5.727369e-010	1.756950e-010
5.400000e+000	3.660924e-001	3.660904e-001	1.489633e-002	1.000000e+000	4.926139e-005	5.496854e-007	0.000000e+000	0.000000e+000	-2.249908e-006	4.756117e-005	4.266437e-010	1.354846e-010
5.500000e+000	3.660943e-001	3.660929e-001	1.489661e-002	1.000000e+000	4.925180e-005	5.498215e-007	0.000000e+000	0.000000e+000	-2.249789e-006	4.755183e-005	2.978636e-010	1.032744e-010
5.600000e+000	3.660949e-001	3.660944e-001	1.489682e-002	1.000000e+000	4.923673e-005	5.479705e-007	0.000000e+000	0.000000e+000	-2.249599e-006	4.753511e-005	1.051733e-010	7.378484e-011
5.700000e+000	3.660920e-001	3.660937e-001	1.489696e-002	1.000000e+000	4.919954e-005	5.410965e-007	0.000000e+000	0.000000e+000	-2.249103e-006	4.749153e-005	-3.714243e-010	3.437806e-011
5.800000e+000	3.660800e-001	3.660875e-001	1.489696e-002	1.000000e+000	4.910571e-005	5.238788e-007	0.000000e+000	0.000000e+000	-2.247799e-006	4.738179e-005	-1.598473e-009	-4.259813e-011
5.900000e+000	3.660469e-001	3.660677e-001	1.489668e-002	1.000000e+000	4.889089e-005	4.870975e-007	0.000000e+000	0.000000e+000	-2.244741e-006	4.713325e-005	-4.446583e-009	-2.111326e-010
6.000000e+000	3.659687e-001	3.660179e-001	1.489580e-002	1.000000e+000	4.843446e-005	4.132806e-007	0.000000e+000	0.000000e+000	-2.238158e-006	4.660958e-005	-1.053416e-008	-5.731256e-010
6.100000e+000	3.657991e-001	3.659059e-001	1.489364e-002	1.000000e+000	4.751055e-005	2.704113e-007	0.000000e+000	0.000000e+000	-2.224720e-006	4.555624e-005	-2.289953e-008	-1.320591e-009
6.200000e+000	3.654522e-001	3.656709e-001	1.488893e-002	1.000000e+000	4.572802e-005	9.126563e-009	0.000000e+000	0.000000e+000	-2.198548e-006	4.353860e-005	-4.688020e-008	-2.799802e-009
6.300000e+000	3.647819e-001	3.652046e-001	1.487927e-002	1.000000e+000	4.250031e-005	-4.289064e-007	0.000000e+000	0.000000e+000	-2.150566e-006	3.992084e-005	-9.062991e-008	-5.573793e-009
6.400000e+000	3.635666e-001	3.643336e-001	1.486069e-002	1.000000e+000	3.709889e-005	-1.088186e-006	0.000000e+000	0.000000e+000	-2.069076e-006	3.394162e-005	-1.644552e-007	-1.043359e-008
6.500000e+000	3.615125e-001	3.628113e-001	1.482712e-002	1.000000e+000	2.881957e-005	-1.968419e-006	0.000000e+000	0.000000e+000	-1.942122e-006	2.490903e-005	-2.784673e-007	-1.830614e-008
6.600000e+000	3.582847e-001	3.603317e-001	1.477032e-002	1.000000e+000	1.723554e-005	-2.999750e-006	0.000000e+000	0.000000e+000	-1.761409e-006	1.247438e-005	-4.388693e-007	-3.004044e-008
6.700000e+000	3.535660e-001	3.565703e-001	1.468041e-002	1.000000e+000	2.451947e-006	-4.040038e-006	0.000000e+000	0.000000e+000	-1.526514e-006	-3.114605e-006	-6.441155e-007	-4.611253e-008
6.800000e+000	3.471309e-001	3.512480e-001	1.454711e-002	1.000000e+000	-1.475442e-005	-4.903429e-006	0.000000e+000	0.000000e+000	-1.247564e-006	-2.090541e-005	-8.827023e-007	-6.634818e-008
6.900000e+000	3.389097e-001	3.441993e-001	1.436148e-002	1.000000e+000	-3.300613e-005	-5.415635e-006	0.000000e+000	0.000000e+000	-9.447020e-007	-3.936647e-005	-1.134094e-006	-8.978773e-008
7.000000e+000	3.290173e-001	3.354217e-001	1.411774e-002	1.000000e+000	-5.062104e-005	-5.474919e-006	0.000000e+000	0.000000e+000	-6.438850e-007	-5.673984e-005	-1.373110e-006	-1.147837e-007
7.100000e+000	3.177339e-001	3.250865e-001	1.381453e-002	1.000000e+000	-6.603678e-005	-5.089978e-006	0.000000e+000	0.000000e+000	-3.702761e-007	-7.149704e-005	-1.576388e-006	-1.393298e-007
7.200000e+000	3.054419e-001	3.135034e-001	1.345528e-002	1.000000e+000	-7.819879e-005	-4.376169e-006	0.000000e+000	0.000000e+000	-1.418318e-007	-8.271679e-005	-1.728401e-006	-1.615145e-007
7.300000e+000	2.925425e-001	3.010533e-001	1.304741e-002	1.000000e+000	-8.676819e-005	-3.513548e-006	0.000000e+000	0.000000e+000	3.447413e-008	-9.024726e-005	-1.824696e-006	-1.799367e-007
7.400000e+000	2.793803e-001	2.881092e-001	1.260083e-002	1.000000e+000	-9.209576e-005	-2.687610e-006	0.000000e+000	0.000000e+000	1.626961e-007	-9.462067e-005	-1.871472e-006	-1.939494e-007
7.500000e+000	2.661948e-001	2.749734e-001	1.212605e-002	1.000000e+000	-9.500606e-005	-2.037450e-006	0.000000e+000	0.000000e+000	2.547739e-007	-9.678873e-005	-1.882135e-006	-2.036720e-007
7.600000e+000	2.531091e-001	2.618430e-001	1.163254e-002	1.000000e+000	-9.649694e-005	-1.628465e-006	0.000000e+000	0.000000e+000	3.258316e-007	-9.779957e-005	-1.872537e-006	-2.098079e-007
7.700000e+000	2.401489e-001	2.488086e-001	1.112770e-002	1.000000e+000	-9.746293e-005	-1.452261e-006	0.000000e+000	0.000000e+000	3.897155e-007	-9.852547e-005	-1.856642e-006	-2.133561e-007
7.800000e+000	2.272800e-001	2.358789e-001	1.061647e-002	1.000000e+000	-9.850024e-005	-1.442499e-006	0.000000e+000	0.000000e+000	4.558222e-007	-9.948692e-005	-1.843596e-006	-2.153139e-007
7.900000e+000	2.144561e-001	2.230204e-001	1.010170e-002	1.000000e+000	-9.979141e-005	-1.493169e-006	0.000000e+000	0.000000e+000	5.272413e-007	-1.007573e-004	-1.836172e-006	-2.164253e-007
8.000000e+000	2.016678e-001	2.102042e-001	9.584927e-003	1.000000e+000	-1.010546e-004	-1.476354e-006	0.000000e+000	0.000000e+000	5.998822e-007	-1.019311e-004	-1.830211e-006	-2.169949e-007
8.100000e+000	1.889883e-001	1.974540e-001	9.067626e-003	1.000000e+000	-1.015631e-004	-1.261968e-006	0.000000e+000	0.000000e+000	6.626168e-007	-1.021625e-004	-1.815045e-006	-2.167835e-007
8.200000e+000	1.766132e-001	1.848882e-001	8.552515e-003	1.000000e+000	-1.001568e-004	-7.076993e-007	0.000000e+000	0.000000e+000	6.976851e-007	-1.001668e-004	-1.774148e-006	-2.149673e-007
8.300000e+000	1.649380e-001	1.727726e-001	8.045162e-003	1.000000e+000	-9.474200e-005	5.056590e-007	0.000000e+000	0.000000e+000	6.748228e-007	-9.356152e-005	-1.679752e-006	-2.098898e-007
8.400000e+000	1.548341e-001	1.616743e-001	7.557166e-003	1.000000e+000	-8.024313e-005	3.319733e-006	0.000000e+000	0.000000e+000	5.231975e-007	-7.640020e-005	-1.466536e-006	-1.977939e-007
8.500000e+000	1.483624e-001	1.529073e-001	7.114590e-003	1.000000e+000	-4.452002e-005	9.843551e-006	0.000000e+000	0.000000e+000	6.969445e-008	-3.460677e-005	-9.744152e-007	-1.695823e-007
8.600000e+000	1.499982e-001	1.494401e-001	6.776408e-003	1.000000e+000	3.613653e-005	2.345060e-005	0.000000e+000	0.000000e+000	-1.037032e-006	5.855010e-005	1.196673e-007	-1.058733e-007
8.700000e+000	1.680443e-001	1.571744e-001	6.664630e-003	1.000000e+000	1.985270e-004	4.798850e-005	0.000000e+000	0.000000e+000	-3.364176e-006	2.431513e-004	2.330507e-006	2.730979e-008
8.800000e+000	2.155644e-001	1.861436e-001	7.000521e-003	1.000000e+000	4.882843e-004	8.625156e-005	0.000000e+000	0.000000e+000	-7.643721e-006	5.668921e-004	6.307827e-006	2.788147e-007
8.900000e+000	3.101756e-001	2.509877e-001	8.134224e-003	1.000000e+000	9.498650e-004	1.384122e-004	0.000000e+000	0.000000e+000	-1.462453e-005	1.073653e-003	1.268989e-005	7.063676e-007
9.000000e+000	4.724166e-001	3.702123e-001	1.055284e-002	1.000000e+000	1.613855e-003	2.011839e-004	0.000000e+000	0.000000e+000	-2.487093e-005	1.790168e-003	2.191260e-005	1.364851e-006
9.100000e+000	7.229421e-001	5.641587e-001	1.485674e-002	1.000000e+000	2.486028e-003	2.681135e-004	0.000000e+000	0.000000e+000	-3.857858e-005	2.715563e-003	3.404316e-005	2.292060e-006
9.200000e+000	1.079206e+000	8.520759e-001	2.170330e-002	1.000000e+000	3.541822e-003	3.308779e-004	0.000000e+000	0.000000e+000	-5.547032e-005	3.817229e-003	4.869680e-005	3.496321e-006
9.300000e+000	1.552441e+000	1.248984e+000	3.172712e-002	1.000000e+000	4.727786e-003	3.810890e-004	0.000000e+000	0.000000e+000	-7.480170e-005	5.034073e-003	6.506122e-005	4.949683e-006
9.400000e+000	2.145595e+000	1.763057e+000	4.545274e-002	1.000000e+000	5.969204e-003	4.120123e-004	0.000000e+000	0.000000e+000	-9.546789e-005	6.285748e-003	8.201606e-005	6.588468e-006
9.500000e+000	2.852599e+000	2.394068e+000	6.321716e-002	1.000000e+000	7.181488e-003	4.197465e-004	0.000000e+000	0.000000e+000	-1.161756e-004	7.485058e-003	9.830909e-005	8.320757e-006
9.600000e+000	3.658972e+000	3.133121e+000	8.511648e-002	1.000000e+000	8.282411e-003	4.036615e-004	0.000000e+000	0.000000e+000	-1.356339e-004	8.550439e-003	1.127426e-004	1.003867e-005
9.700000e+000	4.543508e+000	3.963610e+000	1.109846e-001	1.000000e+000	9.202608e-003	3.661379e-004	0.000000e+000	0.000000e+000	-1.527212e-004	9.416025e-003	1.243300e-004	1.163252e-005
9.800000e+000	5.480620e+000	4.863089e+000	1.404052e-001	1.000000e+000	9.892697e-003	3.118075e-004	0.000000e+000	0.000000e+000	-1.666037e-004	1.003790e-002	1.323986e-004	1.300395e-005
9.900000e+000	6.442906e+000	5.805640e+000	1.727514e-001	1.000000e+000	1.032647e-002	2.465617e-004	0.000000e+000	0.000000e+000	-1.767914e-004	1.039624e-002	1.366298e-004	1.407613e-005
1.000000e+001	7.403534e+000	6.764329e+000	2.072450e-001	1.000000e+000	1.050045e-002	1.765721e-004	0.000000e+000	0.000000e+000	-1.831391e-004	1.049389e-002	1.370454e-004	1.479967e-005
1.010000e+001	8.338191e+000	7.713413e+000	2.430251e-001	1.000000e+000	1.043075e-002	1.074871e-004	0.000000e+000	0.000000e+000	-1.858036e-004	1.035244e-002	1.339524e-004	1.515436e-005
1.020000e+001	9.226456e+000	8.630068e+000	2.792158e-001	1.000000e+000	1.014823e-002	4.388766e-005	0.000000e+000	0.000000e+000	-1.851744e-004	1.000694e-002	1.278655e-004	1.514728e-005
1.030000e+001	1.005256e+001	9.495548e+000	3.149860e-001	1.000000e+000	9.693047e-003	-1.098849e-005	0.000000e+000	0.000000e+000	-1.817936e-004	9.500265e-003	1.194226e-004	1.480820e-005
1.040000e+001	1.080558e+001	1.029576e+001	3.495969e-001	1.000000e+000	9.109462e-003	-5.528394e-005	0.000000e+000	0.000000e+000	-1.762781e-004	8.877900e-003	1.093054e-004	1.418354e-005
1.050000e+001	1.147925e+001	1.102134e+001	3.824337e-001	1.000000e+000	8.441421e-003	-8.837706e-005	0.000000e+000	0.000000e+000	-1.692527e-004	8.183791e-003	9.817538e-005	1.332984e-005
1.060000e+001	1.207138e+001	1.166734e+001	4.130224e-001	1.000000e+000	7.729302e-003	-1.106271e-004	0.000000e+000	0.000000e+000	-1.613010e-004	7.457374e-003	8.662684e-005	1.230775e-005
1.070000e+001	1.258319e+001	1.223263e+001	4.410333e-001	1.000000e+000	7.007851e-003	-1.230793e-004	0.000000e+000	0.000000e+000	-1.529326e-004	6.731840e-003	7.515960e-005	1.117693e-005
1.080000e+001	1.301852e+001	1.271923e+001	4.662738e-001	1.000000e+000	6.305170e-003	-1.271875e-004	0.000000e+000	0.000000e+000	-1.445670e-004	6.033416e-003	6.416731e-005	9.992304e-006
1.090000e+001	1.338309e+001	1.313152e+001	4.886741e-001	1.000000e+000	5.642497e-003	-1.245913e-004	0.000000e+000	0.000000e+000	-1.365289e-004	5.381377e-003	5.393759e-005	8.801544e-006
1.100000e+001	1.368384e+001	1.347554e+001	5.082679e-001	1.000000e+000	5.034505e-003	-1.169566e-004	0.000000e+000	0.000000e+000	-1.290515e-004	4.788497e-003	4.465931e-005	7.643706e-006
1.110000e+001	1.392828e+001	1.375834e+001	5.251712e-001	1.000000e+000	4.489923e-003	-1.058663e-004	0.000000e+000	0.000000e+000	-1.222835e-004	4.261773e-003	3.643394e-005	6.548736e-006
1.120000e+001	1.412404e+001	1.398743e+001	5.395606e-001	1.000000e+000	4.012406e-003	-9.272919e-005	0.000000e+000	0.000000e+000	-1.163011e-004	3.803376e-003	2.928972e-005	5.537684e-006
1.130000e+001	1.427849e+001	1.417029e+001	5.516533e-001	1.000000e+000	3.601630e-003	-7.870210e-005	0.000000e+000	0.000000e+000	-1.111217e-004	3.411807e-003	2.319857e-005	4.623509e-006
1.140000e+001	1.439846e+001	1.431407e+001	5.616886e-001	1.000000e+000	3.254493e-003	-6.464637e-005	0.000000e+000	0.000000e+000	-1.067217e-004	3.083125e-003	1.809443e-005	3.812324e-006
1.150000e+001	1.449015e+001	1.442536e+001	5.699139e-001	1.000000e+000	2.966212e-003	-5.114150e-005	0.000000e+000	0.000000e+000	-1.030518e-004	2.812019e-003	1.388991e-005	3.104873e-006
1.160000e+001	1.455905e+001	1.451013e+001	5.765733e-001	1.000000e+000	2.731135e-003	-3.854732e-005	0.000000e+000	0.000000e+000	-1.000490e-004	2.592538e-003	1.048843e-005	2.497974e-006
1.170000e+001	1.460998e+001	1.457364e+001	5.819001e-001	1.000000e+000	2.543231e-003	-2.707776e-005	0.000000e+000	0.000000e+000	-9.764393e-005	2.418510e-003	7.791281e-006	1.985728e-006
1.180000e+001	1.464706e+001	1.462047e+001	5.861109e-001	1.000000e+000	2.396381e-003	-1.685332e-005	0.000000e+000	0.000000e+000	-9.576429e-005	2.283763e-003	5.701086e-006	1.560450e-006
1.190000e+001	1.467378e+001	1.465454e+001	5.894029e-001	1.000000e+000	2.284577e-003	-7.924154e-006	0.000000e+000	0.000000e+000	-9.433743e-005	2.182315e-003	4.124204e-006	1.213385e-006
1.200000e+001	1.469299e+001	1.467912e+001	5.919515e-001	1.000000e+000	2.202126e-003	-2.763198e-007	0.000000e+000	0.000000e+000	-9.329305e-005	2.108557e-003	2.973080e-006	9.352906e-007
1.210000e+001	1.470703e+001	1.469691e+001	5.939101e-001	1.000000e+000	2.143827e-003	6.161750e-006	0.000000e+000	0.000000e+000	-9.256596e-005	2.057423e-003	2.168615e-006	7.169190e-007
1.220000e+001	1.471775e+001	1.471009e+001	5.954104e-001	1.000000e+000	2.105092e-003	1.150259e-005	0.000000e+000	0.000000e+000	-9.209815e-005	2.024496e-003	1.641774e-006	5.494121e-007
1.230000e+001	1.472660e+001	1.472038e+001	5.965637e-001	1.000000e+000	2.081957e-003	1.587071e-005	0.000000e+000	0.000000e+000	-9.183938e-005	2.005988e-003	1.333699e-006	4.245630e-007
1.240000e+001	1.473469e+001	1.472913e+001	5.974628e-001	1.000000e+000	2.070967e-003	1.936664e-005	0.000000e+000	0.000000e+000	-9.174568e-005	1.998588e-003	1.193880e-006	3.349156e-007
1.250000e+001	1.474284e+001	1.473735e+001	5.981833e-001	1.000000e+000	2.068955e-003	2.203873e-005	0.000000e+000	0.000000e+000	-9.177614e-005	1.999218e-003	1.176773e-006	2.736921e-007
1.260000e+001	1.475154e+001	1.474576e+001	5.987854e-001	1.000000e+000	2.072826e-003	2.388050e-005	0.000000e+000	0.000000e+000	-9.188948e-005	2.004817e-003	1.238274e-006	2.346064e-007
1.270000e+001	1.476097e+001	1.475474e+001	5.993148e-001	1.000000e+000	2.079451e-003	2.485998e-005	0.000000e+000	0.000000e+000	-9.204214e-005	2.012269e-003	1.333930e-006	2.116782e-007
1.280000e+001	1.477101e+001	1.476439e+001	5.998030e-001	1.000000e+000	2.085767e-003	2.497089e-005	0.000000e+000	0.000000e+000	-9.218957e-005	2.018549e-003	1.420140e-006	1.991705e-007
1.290000e+001	1.478129e+001	1.477449e+001	6.002685e-001	1.000000e+000	2.089062e-003	2.428317e-005	0.000000e+000	0.000000e+000	-9.229054e-005	2.021055e-003	1.458276e-006	1.917239e-007
1.300000e+001	1.479122e+001	1.478460e+001	6.007175e-001	1.000000e+000	2.087335e-003	2.296815e-005	0.000000e+000	0.000000e+000	-9.231318e-005	2.017990e-003	1.420171e-006	1.846695e-007
1.310000e+001	1.480016e+001	1.479413e+001	6.011464e-001	1.000000e+000	2.079590e-003	2.128381e-005	0.000000e+000	0.000000e+000	-9.224011e-005	2.008634e-003	1.292595e-006	1.744083e-007
1.320000e+001	1.480750e+001	1.480247e+001	6.015447e-001	1.000000e+000	2.065927e-003	1.952690e-005	0.000000e+000	0.000000e+000	-9.207067e-005	1.993384e-003	1.078713e-006	1.587081e-007
1.330000e+001	1.481276e+001	1.480905e+001	6.018982e-001	1.000000e+000	2.047424e-003	1.797677e-005	0.000000e+000	0.000000e+000	-9.181952e-005	1.973581e-003	7.960865e-007	1.368054e-007
1.340000e+001	1.481570e+001	1.481350e+001	6.021926e-001	1.000000e+000	2.025867e-003	1.685661e-005	0.000000e+000	0.000000e+000	-9.151284e-005	1.951211e-003	4.724633e-007	1.092978e-007
1.350000e+001	1.481630e+001	1.481564e+001	6.024162e-001	1.000000e+000	2.003474e-003	1.631995e-005	0.000000e+000	0.000000e+000	-9.118393e-005	1.928610e-003	1.411813e-007	7.789218e-008
1.360000e+001	1.481478e+001	1.481554e+001	6.025628e-001	1.000000e+000	1.982621e-003	1.644966e-005	0.000000e+000	0.000000e+000	-9.086926e-005	1.908201e-003	-1.628127e-007	4.508622e-008
1.370000e+001	1.481161e+001	1.481350e+001	6.026324e-001	1.000000e+000	1.965595e-003	1.725452e-005	0.000000e+000	0.000000e+000	-9.060473e-005	1.892245e-003	-4.065869e-007	1.381918e-008
1.380000e+001	1.480743e+001	1.481006e+001	6.026324e-001	1.000000e+000	1.954323e-003	1.866313e-005	0.000000e+000	0.000000e+000	-9.042160e-005	1.882564e-003	-5.629775e-007	-1.290914e-008
1.390000e+001	1.480301e+001	1.480588e+001	6.025766e-001	1.000000e+000	1.950110e-003	2.052649e-005	0.000000e+000	0.000000e+000	-9.034244e-005	1.880294e-003	-6.141980e-007	-3.243547e-008
1.400000e+001	1.479914e+001	1.480173e+001	6.024850e-001	1.000000e+000	1.953471e-003	2.263769e-005	0.000000e+000	0.000000e+000	-9.037809e-005	1.885731e-003	-5.543518e-007	-4.279402e-008
1.410000e+001	1.479655e+001	1.479837e+001	6.023807e-001	1.000000e+000	1.964084e-003	2.476700e-005	0.000000e+000	0.000000e+000	-9.052656e-005	1.898325e-003	-3.899543e-007	-4.297076e-008
1.420000e+001	1.479584e+001	1.479648e+001	6.022882e-001	1.000000e+000	1.980901e-003	2.670260e-005	0.000000e+000	0.000000e+000	-9.077434e-005	1.916829e-003	-1.381865e-007	-3.299587e-008
1.430000e+001	1.479741e+001	1.479659e+001	6.022307e-001	1.000000e+000	2.002371e-003	2.828495e-005	0.000000e+000	0.000000e+000	-9.109962e-005	1.939556e-003	1.766478e-007	-1.385983e-008
1.440000e+001	1.480150e+001	1.479904e+001	6.022281e-001	1.000000e+000	2.026724e-003	2.942403e-005	0.000000e+000	0.000000e+000	-9.147656e-005	1.964671e-003	5.274139e-007	1.271298e-008
1.450000e+001	1.480813e+001	1.480398e+001	6.022955e-001	1.000000e+000	2.052208e-003	3.009550e-005	0.000000e+000	0.000000e+000	-9.187912e-005	1.990425e-003	8.879331e-007	4.456009e-008
1.460000e+001	1.481718e+001	1.481142e+001	6.024429e-001	1.000000e+000	2.077254e-003	3.032125e-005	0.000000e+000	0.000000e+000	-9.228359e-005	2.015291e-003	1.235351e-006	7.936352e-008
1.470000e+001	1.482841e+001	1.482118e+001	6.026745e-001	1.000000e+000	2.100529e-003	3.014591e-005	0.000000e+000	0.000000e+000	-9.266966e-005	2.038005e-003	1.550946e-006	1.148620e-007
1.480000e+001	1.484148e+001	1.483299e+001	6.029895e-001	1.000000e+000	2.120911e-003	2.960812e-005	0.000000e+000	0.000000e+000	-9.301998e-005	2.057499e-003	1.819604e-006	1.489674e-007
1.490000e+001	1.485592e+001	1.484648e+001	6.033821e-001	1.000000e+000	2.137154e-003	2.864035e-005	0.000000e+000	0.000000e+000	-9.331614e-005	2.072478e-003	2.025760e-006	1.796796e-007
1.500000e+001	1.487106e+001	1.486109e+001	6.038414e-001	1.000000e+000	2.146511e-003	2.675033e-005	0.000000e+000	0.000000e+000	-9.352028e-005	2.079741e-003	2.135917e-006	2.043091e-007
1.510000e+001	1.488547e+001	1.487590e+001	6.043471e-001	1.000000e+000	2.141403e-003	2.247473e-005	0.000000e+000	0.000000e+000	-9.352679e-005	2.070351e-003	2.053317e-006	2.170701e-007
1.520000e+001	1.489605e+001	1.488883e+001	6.048567e-001	1.000000e+000	2.104624e-003	1.299980e-005	0.000000e+000	0.000000e+000	-9.308606e-005	2.024538e-003	1.548108e-006	2.045893e-007
1.530000e+001	1.489653e+001	1.489559e+001	6.052821e-001	1.000000e+000	2.005871e-003	-5.479442e-006	0.000000e+000	0.000000e+000	-9.173990e-005	1.908651e-003	2.015868e-007	1.407182e-007
1.540000e+001	1.487626e+001	1.488830e+001	6.054541e-001	1.000000e+000	1.803059e-003	-3.649753e-005	0.000000e+000	0.000000e+000	-8.882613e-005	1.677736e-003	-2.581262e-006	-1.616960e-008
1.550000e+001	1.481979e+001	1.485460e+001	6.050880e-001	1.000000e+000	1.449902e-003	-8.164524e-005	0.000000e+000	0.000000e+000	-8.358425e-005	1.284673e-003	-7.463735e-006	-3.202997e-007
1.560000e+001	1.470779e+001	1.477775e+001	6.037636e-001	1.000000e+000	9.079295e-004	-1.393053e-004	0.000000e+000	0.000000e+000	-7.534086e-005	6.932833e-004	-1.499826e-005	-8.291888e-007
1.570000e+001	1.451944e+001	1.463810e+001	6.009331e-001	1.000000e+000	1.587942e-004	-2.044177e-004	0.000000e+000	0.000000e+000	-6.371117e-005	-1.093347e-004	-2.543967e-005	-1.590055e-006
1.580000e+001	1.423553e+001	1.441566e+001	5.959620e-001	1.000000e+000	-7.874479e-004	-2.693806e-004	0.000000e+000	0.000000e+000	-4.874493e-005	-1.105573e-003	-3.861925e-005	-2.626086e-006
1.590000e+001	1.384170e+001	1.409320e+001	5.881997e-001	1.000000e+000	-1.890692e-003	-3.257145e-004	0.000000e+000	0.000000e+000	-3.097021e-005	-2.247377e-003	-5.392111e-005	-3.926835e-006
1.600000e+001	1.333094e+001	1.365913e+001	5.770638e-001	1.000000e+000	-3.085930e-003	-3.658889e-004	0.000000e+000	0.000000e+000	-1.132744e-005	-3.463146e-003	-7.036372e-005	-5.445477e-006
1.610000e+001	1.270494e+001	1.310959e+001	5.621231e-001	1.000000e+000	-4.293316e-003	-3.847681e-004	0.000000e+000	0.000000e+000	8.979424e-006	-4.669105e-003	-8.675658e-005	-7.103428e-006
1.620000e+001	1.197397e+001	1.244919e+001	5.431616e-001	1.000000e+000	-5.430276e-003	-3.803591e-004	0.000000e+000	0.000000e+000	2.866948e-005	-5.781966e-003	-1.018861e-004	-8.800785e-006
1.630000e+001	1.115570e+001	1.169062e+001	5.202136e-001	1.000000e+000	-6.422821e-003	-3.538142e-004	0.000000e+000	0.000000e+000	4.656397e-005	-6.730071e-003	-1.146864e-004	-1.042985e-005
1.640000e+001	1.027306e+001	1.085312e+001	4.935657e-001	1.000000e+000	-7.214026e-003	-3.088424e-004	0.000000e+000	0.000000e+000	6.172393e-005	-7.461145e-003	-1.243636e-004	-1.188879e-005
1.650000e+001	9.351833e+000	9.960321e+000	4.637287e-001	1.000000e+000	-7.768699e-003	-2.507846e-004	0.000000e+000	0.000000e+000	7.352982e-005	-7.945954e-003	-1.304599e-004	-1.309295e-005
1.660000e+001	8.418180e+000	9.037859e+000	4.313869e-001	1.000000e+000	-8.074252e-003	-1.856145e-004	0.000000e+000	0.000000e+000	8.170223e-005	-8.178164e-003	-1.328592e-004	-1.398241e-005
1.670000e+001	7.496596e+000	8.111084e+000	3.973341e-001	1.000000e+000	-8.138489e-003	-1.190632e-004	0.000000e+000	0.000000e+000	8.627411e-005	-8.171278e-003	-1.317463e-004	-1.452527e-005
1.680000e+001	6.608349e+000	7.203205e+000	3.624074e-001	1.000000e+000	-7.985374e-003	-5.598515e-005	0.000000e+000	0.000000e+000	8.753050e-005	-7.953829e-003	-1.275370e-004	-1.471700e-005
1.690000e+001	5.770533e+000	6.333952e+000	3.274248e-001	1.000000e+000	-7.649849e-003	-8.269106e-010	0.000000e+000	0.000000e+000	8.593276e-005	-7.563917e-003	-1.207970e-004	-1.457695e-005
1.700000e+001	4.995670e+000	5.518814e+000	2.931357e-001	1.000000e+000	-7.172650e-003	4.660850e-005	0.000000e+000	0.000000e+000	8.204141e-005	-7.044001e-003	-1.121621e-004	-1.414282e-005
1.710000e+001	4.291778e+000	4.768788e+000	2.601833e-001	1.000000e+000	-6.595755e-003	8.281245e-005	0.000000e+000	0.000000e+000	7.644771e-005	-6.436495e-003	-1.022709e-004	-1.346451e-005
1.720000e+001	3.662787e+000	4.090555e+000	2.290837e-001	1.000000e+000	-5.958835e-003	1.086199e-004	0.000000e+000	0.000000e+000	6.971991e-005	-5.780495e-003	-9.171346e-005	-1.259809e-005
1.730000e+001	3.109151e+000	3.486941e+000	2.002172e-001	1.000000e+000	-5.296836e-003	1.248088e-004	0.000000e+000	0.000000e+000	6.236591e-005	-5.109661e-003	-8.099821e-005	-1.160050e-005
1.740000e+001	2.628569e+000	2.957557e+000	1.738315e-001	1.000000e+000	-4.638634e-003	1.326475e-004	0.000000e+000	0.000000e+000	5.481190e-005	-4.451175e-003	-7.053499e-005	-1.052548e-005
1.750000e+001	2.216709e+000	2.499507e+000	1.500530e-001	1.000000e+000	-4.006601e-003	1.336445e-004	0.000000e+000	0.000000e+000	4.739445e-005	-3.825562e-003	-6.063179e-005	-9.420663e-006
1.760000e+001	1.867869e+000	2.108080e+000	1.289035e-001	1.000000e+000	-3.416852e-003	1.293501e-004	0.000000e+000	0.000000e+000	4.036287e-005	-3.247139e-003	-5.150129e-005	-8.326011e-006
1.770000e+001	1.575545e+000	1.777378e+000	1.103194e-001	1.000000e+000	-2.879918e-003	1.212209e-004	0.000000e+000	0.000000e+000	3.388799e-005	-2.724809e-003	-4.327305e-005	-7.273162e-006
1.780000e+001	1.332897e+000	1.500846e+000	9.417139e-002	1.000000e+000	-2.401620e-003	1.105421e-004	0.000000e+000	0.000000e+000	2.807392e-005	-2.263004e-003	-3.600821e-005	-6.285595e-006
1.790000e+001	1.133101e+000	1.271694e+000	8.028348e-002	1.000000e+000	-1.983996e-003	9.839104e-005	0.000000e+000	0.000000e+000	2.297083e-005	-1.862634e-003	-2.971434e-005	-5.379298e-006
1.800000e+001	9.696140e-001	1.083230e+000	6.844942e-002	1.000000e+000	-1.626194e-003	8.563250e-005	0.000000e+000	0.000000e+000	1.858705e-005	-1.521975e-003	-2.435919e-005	-4.563724e-006
1.810000e+001	8.363524e-001	9.290877e-001	5.844718e-002	1.000000e+000	-1.325250e-003	7.293670e-005	0.000000e+000	0.000000e+000	1.489980e-005	-1.237413e-003	-1.988243e-005	-3.842885e-006
1.820000e+001	7.278137e-001	8.033961e-001	5.005055e-002	1.000000e+000	-1.076705e-003	6.080998e-005	0.000000e+000	0.000000e+000	1.186368e-005	-1.004031e-003	-1.620488e-005	-3.216424e-006
1.830000e+001	6.391476e-001	7.008810e-001	4.303840e-002	1.000000e+000	-8.751167e-004	4.962172e-005	0.000000e+000	0.000000e+000	9.417453e-006	-8.160776e-004	-1.323565e-005	-2.680600e-006
1.840000e+001	5.661896e-001	6.169270e-001	3.720167e-002	1.000000e+000	-7.144827e-004	3.961997e-005	0.000000e+000	0.000000e+000	7.489816e-006	-6.673729e-004	-1.087809e-005	-2.229179e-006
1.850000e+001	5.054570e-001	5.475986e-001	3.234832e-002	1.000000e+000	-5.886319e-004	3.094121e-005	0.000000e+000	0.000000e+000	6.004821e-006	-5.516859e-004	-9.035176e-006	-1.854241e-006
1.860000e+001	4.541127e-001	4.896263e-001	2.830646e-002	1.000000e+000	-4.915557e-004	2.362501e-005	0.000000e+000	0.000000e+000	4.886754e-006	-4.630439e-004	-7.614128e-006	-1.546902e-006
1.870000e+001	4.099086e-001	4.403641e-001	2.492593e-002	1.000000e+000	-4.176438e-004	1.763738e-005	0.000000e+000	0.000000e+000	4.063785e-006	-3.959427e-004	-6.529676e-006	-1.297925e-006
1.880000e+001	3.711178e-001	3.977306e-001	2.207851e-002	1.000000e+000	-3.618193e-004	1.289630e-005	0.000000e+000	0.000000e+000	3.470107e-006	-3.454529e-004	-5.705774e-006	-1.098189e-006
1.890000e+001	3.364649e-001	3.601414e-001	1.965726e-002	1.000000e+000	-3.196063e-004	9.288694e-006	0.000000e+000	0.000000e+000	3.047031e-006	-3.072706e-004	-5.076247e-006	-9.390306e-007
1.900000e+001	3.050533e-001	3.264395e-001	1.757509e-002	1.000000e+000	-2.871818e-004	6.676022e-006	0.000000e+000	0.000000e+000	2.743830e-006	-2.777619e-004	-4.585186e-006	-8.124833e-007
1.910000e+001	2.762897e-001	2.958209e-001	1.576288e-002	1.000000e+000	-2.614308e-004	4.895249e-006	0.000000e+000	0.000000e+000	2.518758e-006	-2.540168e-004	-4.187484e-006	-7.114686e-007
1.920000e+001	2.498045e-001	2.677581e-001	1.416718e-002	1.000000e+000	-2.399842e-004	3.764666e-006	0.000000e+000	0.000000e+000	2.339946e-006	-2.338796e-004	-3.849250e-006	-6.299404e-007
1.930000e+001	2.253755e-001	2.419217e-001	1.274764e-002	1.000000e+000	-2.212042e-004	3.098435e-006	0.000000e+000	0.000000e+000	2.185590e-006	-2.159202e-004	-3.547514e-006	-5.629695e-007
1.940000e+001	2.028619e-001	2.181085e-001	1.147430e-002	1.000000e+000	-2.040981e-004	2.726193e-006	0.000000e+000	0.000000e+000	2.043000e-006	-1.993289e-004	-3.268876e-006	-5.067441e-007
1.950000e+001	1.821554e-001	1.961817e-001	1.032507e-002	1.000000e+000	-1.881714e-004	2.510582e-006	0.000000e+000	0.000000e+000	1.906626e-006	-1.837542e-004	-3.007233e-006	-4.584774e-007
1.960000e+001	1.631514e-001	1.760296e-001	9.283405e-003	1.000000e+000	-1.732540e-004	2.356841e-006	0.000000e+000	0.000000e+000	1.775539e-006	-1.691216e-004	-2.761094e-006	-4.162392e-007
1.970000e+001	1.457369e-001	1.575423e-001	8.336584e-003	1.000000e+000	-1.593371e-004	2.212589e-006	0.000000e+000	0.000000e+000	1.651004e-006	-1.554735e-004	-2.531081e-006	-3.787475e-007
1.980000e+001	1.297920e-001	1.406039e-001	7.474358e-003	1.000000e+000	-1.464494e-004	2.059690e-006	0.000000e+000	0.000000e+000	1.534603e-006	-1.428551e-004	-2.318071e-006	-3.451593e-007
1.990000e+001	1.151963e-001	1.250944e-001	6.688150e-003	1.000000e+000	-1.345840e-004	1.902103e-006	0.000000e+000	0.000000e+000	1.427131e-006	-1.312548e-004	-2.122148e-006	-3.148942e-007
2.000000e+001	1.018383e-001	1.108975e-001	5.970587e-003	1.000000e+000	-1.236729e-004	1.753671e-006	0.000000e+000	0.000000e+000	1.328235e-006	-1.205910e-004	-1.942287e-006	-2.875069e-007
2.010000e+001	8.962087e-002	9.790708e-002	5.315274e-003	1.000000e+000	-1.135946e-004	1.628594e-006	0.000000e+000	0.000000e+000	1.236570e-006	-1.107295e-004	-1.776564e-006	-2.626122e-007
2.020000e+001	7.846445e-002	8.603260e-002	4.716699e-003	1.000000e+000	-1.042006e-004	1.535768e-006	0.000000e+000	0.000000e+000	1.150242e-006	-1.015146e-004	-1.622611e-006	-2.398524e-007
2.030000e+001	6.830587e-002	7.520002e-002	4.170174e-003	1.000000e+000	-9.534425e-005	1.476782e-006	0.000000e+000	0.000000e+000	1.067305e-006	-9.280017e-005	-1.478107e-006	-2.188944e-007
2.040000e+001	5.909484e-002	6.535024e-002	3.671768e-003	1.000000e+000	-8.690531e-005	1.446646e-006	0.000000e+000	0.000000e+000	9.861606e-007	-8.447251e-005	-1.341157e-006	-1.994411e-007
2.050000e+001	5.078925e-002	5.643524e-002	3.218198e-003	1.000000e+000	-7.880351e-005	1.435998e-006	0.000000e+000	0.000000e+000	9.057989e-007	-7.646171e-005	-1.210501e-006	-1.812457e-007
2.060000e+001	4.335024e-002	4.841346e-002	2.806699e-003	1.000000e+000	-7.100199e-005	1.433740e-006	0.000000e+000	0.000000e+000	8.258642e-007	-6.874238e-005	-1.085554e-006	-1.641220e-007
2.070000e+001	3.673825e-002	4.124529e-002	2.434876e-003	1.000000e+000	-6.350235e-005	1.429347e-006	0.000000e+000	0.000000e+000	7.465908e-007	-6.132641e-005	-9.663107e-007	-1.479464e-007
2.080000e+001	3.091022e-002	3.488962e-002	2.100559e-003	1.000000e+000	-5.633453e-005	1.414458e-006	0.000000e+000	0.000000e+000	6.686519e-007	-5.425142e-005	-8.531835e-007	-1.326527e-007
2.090000e+001	2.581829e-002	2.930154e-002	1.801674e-003	1.000000e+000	-4.954469e-005	1.383674e-006	0.000000e+000	0.000000e+000	5.929774e-007	-4.756804e-005	-7.468086e-007	-1.182216e-007
2.100000e+001	2.140966e-002	2.443144e-002	1.536157e-003	1.000000e+000	-4.318371e-005	1.334659e-006	0.000000e+000	0.000000e+000	5.205763e-007	-4.132848e-005	-6.478701e-007	-1.046659e-007
2.110000e+001	1.762743e-002	2.022519e-002	1.301884e-003	1.000000e+000	-3.729772e-005	1.267756e-006	0.000000e+000	0.000000e+000	4.523919e-007	-3.557757e-005	-5.569603e-007	-9.201617e-008
2.120000e+001	1.441202e-002	1.662511e-002	1.096655e-003	1.000000e+000	-3.192160e-005	1.185327e-006	0.000000e+000	0.000000e+000	3.892000e-007	-3.034708e-005	-4.744875e-007	-8.030740e-008
2.130000e+001	1.170286e-002	1.357146e-002	9.181895e-004	1.000000e+000	-2.707544e-005	1.091008e-006	0.000000e+000	0.000000e+000	3.315511e-007	-2.565288e-005	-4.006291e-007	-6.956866e-008
2.140000e+001	9.440099e-003	1.100411e-002	7.641523e-004	1.000000e+000	-2.276345e-005	9.890183e-007	0.000000e+000	0.000000e+000	2.797529e-007	-2.149468e-005	-3.353241e-007	-5.981582e-008
2.150000e+001	7.566107e-003	8.864119e-003	6.321910e-004	1.000000e+000	-1.897498e-005	8.835880e-007	0.000000e+000	0.000000e+000	2.338806e-007	-1.785751e-005	-2.782937e-007	-5.104772e-008
2.160000e+001	6.026688e-003	7.095157e-003	5.199774e-004	1.000000e+000	-1.568667e-005	7.785557e-007	0.000000e+000	0.000000e+000	1.938082e-007	-1.471431e-005	-2.290797e-007	-4.324500e-008
2.170000e+001	4.771962e-003	5.644588e-003	4.252501e-004	1.000000e+000	-1.286539e-005	6.771192e-007	0.000000e+000	0.000000e+000	1.592494e-007	-1.202902e-005	-1.870910e-007	-3.637121e-008
2.180000e+001	3.756906e-003	4.464234e-003	3.458529e-004	1.000000e+000	-1.047129e-005	5.817240e-007	0.000000e+000	0.000000e+000	1.298026e-007	-9.759765e-006	-1.516511e-007	-3.037531e-008
2.190000e+001	2.941585e-003	3.510813e-003	2.797650e-004	1.000000e+000	-8.460716e-006	4.940557e-007	0.000000e+000	0.000000e+000	1.049928e-007	-7.861667e-006	-1.220423e-007	-2.519503e-008
2.200000e+001	2.291141e-003	2.746095e-003	2.251242e-004	1.000000e+000	-6.788717e-006	4.151045e-007	0.000000e+000	0.000000e+000	8.430890e-008	-6.289303e-006	-9.754215e-008	-2.076050e-008
2.210000e+001	1.775581e-003	2.136831e-003	1.802400e-004	1.000000e+000	-5.411077e-006	3.452701e-007	0.000000e+000	0.000000e+000	6.723359e-008	-4.998574e-006	-7.745207e-008	-1.699776e-008
2.220000e+001	1.369444e-003	1.654511e-003	1.436004e-004	1.000000e+000	-4.285814e-006	2.844846e-007	0.000000e+000	0.000000e+000	5.326646e-008	-3.948063e-006	-6.111824e-008	-1.383188e-008
2.230000e+001	1.051373e-003	1.274995e-003	1.138702e-004	1.000000e+000	-3.374193e-006	2.323358e-007	0.000000e+000	0.000000e+000	4.193963e-008	-3.099918e-006	-4.794452e-008	-1.118951e-008
2.240000e+001	8.036530e-004	9.780908e-004	8.988550e-005	1.000000e+000	-2.641325e-006	1.881794e-007	0.000000e+000	0.000000e+000	3.282765e-008	-2.420318e-006	-3.739947e-008	-9.000887e-009
2.250000e+001	6.117387e-004	7.470854e-004	7.064274e-005	1.000000e+000	-2.056419e-006	1.512343e-007	0.000000e+000	0.000000e+000	2.555251e-008	-1.879633e-006	-2.901834e-008	-7.201226e-009
2.260000e+001	4.638016e-004	5.682862e-004	5.528610e-005	1.000000e+000	-1.592783e-006	1.206583e-007	0.000000e+000	0.000000e+000	1.978486e-008	-1.452340e-006	-2.240149e-008	-5.731578e-009
2.270000e+001	3.503057e-004	4.305777e-004	4.309286e-005	1.000000e+000	-1.227632e-006	9.560608e-008	0.000000e+000	0.000000e+000	1.524256e-008	-1.116784e-006	-1.721032e-008	-4.539262e-009
2.280000e+001	2.636251e-004	3.250139e-004	3.345830e-005	1.000000e+000	-9.417862e-007	7.526838e-008	0.000000e+000	0.000000e+000	1.168750e-008	-8.548303e-007	-1.316176e-008	-3.577939e-009
2.290000e+001	1.977077e-004	2.444518e-004	2.588082e-005	1.000000e+000	-7.192984e-007	5.889839e-008	0.000000e+000	0.000000e+000	8.921352e-009	-6.514787e-007	-1.002194e-008	-2.807418e-009
2.300000e+001	1.477838e-004	1.832301e-004	1.994765e-005	1.000000e+000	-5.470585e-007	4.582591e-008	0.000000e+000	0.000000e+000	6.780876e-009	-4.944517e-007	-7.599692e-009	-2.193278e-009
2.310000e+001	1.101190e-004	1.368929e-004	1.532168e-005	1.000000e+000	-4.143966e-007	3.546318e-008	0.000000e+000	0.000000e+000	5.133124e-009	-3.738003e-007	-5.740320e-009	-1.706378e-009
2.320000e+001	8.180740e-005	1.019554e-004	1.172957e-005	1.000000e+000	-3.127100e-007	2.730458e-008	0.000000e+000	0.000000e+000	3.870864e-009	-2.815346e-007	-4.319726e-009	-1.322302e-009
2.330000e+001	6.060069e-005	7.570884e-005	8.951070e-006	1.000000e+000	-2.351208e-007	2.092219e-008	0.000000e+000	0.000000e+000	2.908361e-009	-2.112902e-007	-3.239187e-009	-1.020785e-009
2.340000e+001	4.476863e-005	5.605946e-005	6.809895e-006	1.000000e+000	-1.761733e-007	1.595907e-008	0.000000e+000	0.000000e+000	2.177621e-009	-1.580366e-007	-2.420754e-009	-7.851608e-010
2.350000e+001	3.298643e-005	4.139740e-005	5.165718e-006	1.000000e+000	-1.315713e-007	1.212114e-008	0.000000e+000	0.000000e+000	1.625117e-009	-1.178250e-007	-1.803314e-009	-6.018263e-010
2.360000e+001	2.424450e-005	3.049105e-005	3.907475e-006	1.000000e+000	-9.795400e-008	9.168839e-009	0.000000e+000	0.000000e+000	1.208998e-009	-8.757616e-008	-1.339261e-009	-4.597660e-010
2.370000e+001	1.777692e-005	2.240255e-005	2.947711e-006	1.000000e+000	-7.270896e-008	6.908976e-009	0.000000e+000	0.000000e+000	8.967513e-010	-6.490323e-008	-9.917354e-010	-3.501204e-010
2.380000e+001	1.300503e-005	1.642088e-005	2.217906e-006	1.000000e+000	-5.381699e-008	5.187147e-009	0.000000e+000	0.000000e+000	6.632639e-010	-4.796658e-008	-7.323576e-010	-2.658101e-010
2.390000e+001	9.493402e-006	1.200922e-005	1.664618e-006	1.000000e+000	-3.972596e-008	3.880973e-009	0.000000e+000	0.000000e+000	4.892467e-010	-3.535574e-008	-5.393916e-010	-2.012124e-010
2.400000e+001	6.915604e-006	8.763884e-006	1.246355e-006	1.000000e+000	-2.924877e-008	2.894186e-009	0.000000e+000	0.000000e+000	3.599586e-010	-2.599462e-008	-3.962712e-010	-1.518870e-010
2.410000e+001	5.027775e-006	6.382386e-006	9.310326e-007	1.000000e+000	-2.148180e-008	2.151582e-009	0.000000e+000	0.000000e+000	2.641880e-010	-1.906603e-008	-2.904285e-010	-1.143455e-010
2.420000e+001	3.648355e-006	4.638885e-006	6.939407e-007	1.000000e+000	-1.574031e-008	1.594786e-009	0.000000e+000	0.000000e+000	1.934460e-010	-1.395207e-008	-2.123696e-010	-8.586143e-011
2.430000e+001	2.642591e-006	3.365316e-006	5.161205e-007	1.000000e+000	-1.150751e-008	1.178755e-009	0.000000e+000	0.000000e+000	1.413317e-010	-1.018742e-008	-1.549522e-010	-6.431372e-011
2.440000e+001	1.910771e-006	2.436999e-006	3.830771e-007	1.000000e+000	-8.394973e-009	8.689223e-010	0.000000e+000	0.000000e+000	1.030380e-010	-7.423012e-009	-1.128232e-010	-4.805946e-011
2.450000e+001	1.379324e-006	1.761718e-006	2.837667e-007	1.000000e+000	-6.111800e-009	6.388969e-010	0.000000e+000	0.000000e+000	7.496797e-011	-5.397935e-009	-8.198523e-011	-3.583151e-011
2.460000e+001	9.941086e-007	1.271456e-006	2.098017e-007	1.000000e+000	-4.440895e-009	4.686257e-010	0.000000e+000	0.000000e+000	5.443955e-011	-3.917830e-009	-5.946320e-011	-2.665642e-011
2.470000e+001	7.153869e-007	9.161798e-007	1.548316e-007	1.000000e+000	-3.220782e-009	3.429391e-010	0.000000e+000	0.000000e+000	3.945954e-011	-2.838383e-009	-4.305001e-011	-1.978911e-011
2.480000e+001	5.140627e-007	6.591806e-007	1.140625e-007	1.000000e+000	-2.331725e-009	2.504094e-010	0.000000e+000	0.000000e+000	2.855119e-011	-2.052764e-009	-3.111328e-011	-1.466135e-011
2.490000e+001	3.688809e-007	4.735876e-007	8.388544e-008	1.000000e+000	-1.685205e-009	1.824616e-010	0.000000e+000	0.000000e+000	2.062365e-011	-1.482119e-009	-2.244911e-011	-1.084125e-011
2.500000e+001	2.643486e-007	3.397779e-007	6.159110e-008	1.000000e+000	-1.215962e-009	1.326851e-010	0.000000e+000	0.000000e+000	1.487334e-011	-1.068403e-009	-1.617204e-011	-8.001554e-012
2.510000e+001	1.891966e-007	2.434527e-007	4.515051e-008	1.000000e+000	-8.760113e-010	9.630354e-011	0.000000e+000	0.000000e+000	1.070987e-011	-7.689979e-010	-1.163251e-011	-5.895084e-012
2.520000e+001	1.352441e-007	1.742139e-007	3.304802e-008	1.000000e+000	-6.301612e-010	6.977016e-011	0.000000e+000	0.000000e+000	7.700545e-012	-5.526904e-010	-8.355131e-012	-4.335665e-012
2.530000e+001	9.656381e-008	1.245154e-007	2.415404e-008	1.000000e+000	-4.526615e-010	5.045921e-011	0.000000e+000	0.000000e+000	5.529028e-012	-3.966733e-010	-5.992827e-012	-3.183461e-012
2.540000e+001	6.886889e-008	8.889101e-008	1.762863e-008	1.000000e+000	-3.247149e-010	3.643244e-011	0.000000e+000	0.000000e+000	3.964538e-012	-2.843179e-010	-4.292742e-012	-2.333719e-012
2.550000e+001	4.906420e-008	6.338815e-008	1.284852e-008	1.000000e+000	-2.326285e-010	2.626308e-011	0.000000e+000	0.000000e+000	2.839084e-012	-2.035263e-010	-3.071053e-012	-1.708158e-012
2.560000e+001	3.491877e-008	4.515378e-008	9.352212e-009	1.000000e+000	-1.664485e-010	1.890354e-011	0.000000e+000	0.000000e+000	2.030626e-012	-1.455143e-010	-2.194385e-012	-1.248425e-012
2.570000e+001	2.482700e-008	3.213181e-008	6.798642e-009	1.000000e+000	-1.189532e-010	1.358657e-011	0.000000e+000	0.000000e+000	1.450676e-012	-1.039160e-010	-1.566152e-012	-9.111197e-013
2.580000e+001	1.763513e-008	2.284284e-008	4.936233e-009	1.000000e+000	-8.491296e-011	9.751539e-012	0.000000e+000	0.000000e+000	1.035194e-012	-7.412623e-011	-1.116533e-012	-6.640322e-013
2.590000e+001	1.251524e-008	1.622394e-008	3.579753e-009	1.000000e+000	-6.054722e-011	6.989720e-012	0.000000e+000	0.000000e+000	7.379127e-013	-5.281958e-011	-7.951463e-013	-4.833091e-013
2.600000e+001	8.874050e-009	1.151253e-008	2.593056e-009	1.000000e+000	-4.312776e-011	5.003738e-012	0.000000e+000	0.000000e+000	5.254600e-013	-3.759856e-011	-5.656911e-013	-3.513204e-013
2.610000e+001	6.286988e-009	8.162252e-009	1.876243e-009	1.000000e+000	-3.068890e-011	3.577679e-012	0.000000e+000	0.000000e+000	3.738049e-013	-2.673741e-011	-4.020566e-013	-2.550609e-013
2.620000e+001	4.450578e-009	5.782147e-009	1.356128e-009	1.000000e+000	-2.181653e-011	2.555071e-012	0.000000e+000	0.000000e+000	2.656679e-013	-1.899579e-011	-2.854885e-013	-1.849547e-013
2.630000e+001	3.148165e-009	4.092825e-009	9.791788e-010	1.000000e+000	-1.549486e-011	1.822723e-012	0.000000e+000	0.000000e+000	1.886424e-013	-1.348349e-011	-2.025352e-013	-1.339632e-013
2.640000e+001	2.225253e-009	2.894852e-009	7.062985e-010	1.000000e+000	-1.099522e-011	1.298900e-012	0.000000e+000	0.000000e+000	1.338327e-013	-9.562483e-012	-1.435619e-013	-9.692187e-014
2.650000e+001	1.571794e-009	2.046031e-009	5.089718e-010	1.000000e+000	-7.795612e-012	9.246707e-013	0.000000e+000	0.000000e+000	9.486881e-014	-6.776072e-012	-1.016764e-013	-7.004716e-014
2.660000e+001	1.109477e-009	1.445086e-009	3.664308e-010	1.000000e+000	-5.522583e-012	6.576185e-013	0.000000e+000	0.000000e+000	6.719521e-014	-4.797769e-012	-7.195457e-014	-5.057169e-014
2.670000e+001	7.826361e-010	1.019961e-009	2.635702e-010	1.000000e+000	-3.909260e-012	4.672553e-013	0.000000e+000	0.000000e+000	4.755775e-014	-3.394447e-012	-5.088247e-014	-3.647438e-014
2.680000e+001	5.517364e-010	7.194384e-010	1.894171e-010	1.000000e+000	-2.765165e-012	3.316996e-013	0.000000e+000	0.000000e+000	3.363458e-014	-2.399831e-012	-3.595531e-014	-2.628126e-014
2.690000e+001	3.887271e-010	5.071488e-010	1.360108e-010	1.000000e+000	-1.954499e-012	2.352678e-013	0.000000e+000	0.000000e+000	2.377091e-014	-1.695460e-012	-2.538961e-014	-1.891893e-014
2.700000e+001	2.737222e-010	3.572892e-010	9.758204e-011	1.000000e+000	-1.380544e-012	1.667333e-013	0.000000e+000	0.000000e+000	1.678856e-014	-1.197022e-012	-1.791677e-014	-1.360667e-014
2.710000e+001	1.926359e-010	2.515693e-010	6.995527e-011	1.000000e+000	-9.744916e-013	1.180700e-013	0.000000e+000	0.000000e+000	1.184953e-014	-8.445720e-013	-1.263532e-014	-9.777452e-015
2.720000e+001	1.354992e-010	1.770349e-010	5.011132e-011	1.000000e+000	-6.874333e-013	8.354653e-014	0.000000e+000	0.000000e+000	8.358337e-015	-5.955284e-013	-8.905263e-015	-7.019883e-015
2.730000e+001	9.526144e-011	1.245183e-010	3.586960e-011	1.000000e+000	-4.846398e-013	5.907484e-014	0.000000e+000	0.000000e+000	5.892252e-015	-4.196727e-013	-6.272669e-015	-5.035893e-015
2.740000e+001	6.694034e-011	8.753663e-011	2.565680e-011	1.000000e+000	-3.414714e-013	4.174217e-014	0.000000e+000	0.000000e+000	4.151413e-015	-2.955779e-013	-4.415843e-015	-3.609748e-015
2.750000e+001	4.701730e-011	6.150888e-011	1.833891e-011	1.000000e+000	-2.404623e-013	2.947531e-014	0.000000e+000	0.000000e+000	2.923304e-015	-2.080637e-013	-3.106995e-015	-2.585485e-015
2.760000e+001	3.300917e-011	4.320020e-011	1.309933e-011	1.000000e+000	-1.692415e-013	2.080006e-014	0.000000e+000	0.000000e+000	2.057431e-015	-1.463840e-013	-2.184957e-015	-1.850472e-015
2.770000e+001	2.316470e-011	3.032786e-011	9.350562e-012	1.000000e+000	-1.190538e-013	1.466915e-014	0.000000e+000	0.000000e+000	1.447301e-015	-1.029374e-013	-1.535783e-015	-1.323453e-015
2.780000e+001	1.624955e-011	2.128207e-011	6.670348e-012	1.000000e+000	-8.370778e-014	1.033929e-014	0.000000e+000	0.000000e+000	1.017616e-015	-7.235087e-014	-1.078973e-015	-9.458659e-016
2.790000e+001	1.139426e-011	1.492828e-011	4.755429e-012	1.000000e+000	-5.882785e-014	7.283367e-015	0.000000e+000	0.000000e+000	7.151700e-016	-5.082931e-014	-7.576931e-016	-6.755468e-016
2.800000e+001	7.986711e-012	1.046734e-011	3.388203e-012	1.000000e+000	-4.132409e-014	5.127900e-015	0.000000e+000	0.000000e+000	5.023921e-016	-3.569380e-014	-5.318465e-016	-4.821642e-016
2.810000e+001	5.596205e-012	7.336700e-012	2.412655e-012	1.000000e+000	-2.901582e-014	3.608464e-015	0.000000e+000	0.000000e+000	3.527707e-016	-2.505458e-014	-3.731620e-016	-3.439197e-016
2.820000e+001	3.919851e-012	5.140552e-012	1.717018e-012	1.000000e+000	-2.036504e-014	2.537990e-015	0.000000e+000	0.000000e+000	2.476088e-016	-1.757945e-014	-2.617184e-016	-2.451601e-016
2.830000e+001	2.744745e-012	3.600558e-012	1.221280e-012	1.000000e+000	-1.428770e-014	1.784231e-015	0.000000e+000	0.000000e+000	1.737283e-016	-1.232974e-014	-1.834864e-016	-1.746553e-016
2.840000e+001	1.921307e-012	2.521082e-012	8.682082e-013	1.000000e+000	-1.002012e-014	1.253760e-015	0.000000e+000	0.000000e+000	1.218465e-016	-8.644511e-015	-1.285918e-016	-1.243541e-016
2.850000e+001	1.344497e-012	1.764686e-012	6.168891e-013	1.000000e+000	-7.024635e-015	8.806191e-016	0.000000e+000	0.000000e+000	8.542804e-017	-6.058588e-015	-9.008851e-017	-8.848977e-017
2.860000e+001	9.405814e-013	1.234857e-012	4.380981e-013	1.000000e+000	-4.922908e-015	6.182723e-016	0.000000e+000	0.000000e+000	5.987407e-017	-4.244761e-015	-6.309258e-017	-6.293431e-017
2.870000e+001	6.578274e-013	8.638530e-013	3.109734e-013	1.000000e+000	-3.448839e-015	4.339074e-016	0.000000e+000	0.000000e+000	4.195023e-017	-2.972982e-015	-4.417190e-017	-4.473531e-017
2.880000e+001	4.599509e-013	6.041472e-013	2.206320e-013	1.000000e+000	-2.415369e-015	3.044017e-016	0.000000e+000	0.000000e+000	2.938279e-017	-2.081585e-015	-3.091568e-017	-3.178255e-017
2.890000e+001	3.215140e-013	4.224061e-013	1.564636e-013	1.000000e+000	-1.691061e-015	2.134700e-016	0.000000e+000	0.000000e+000	2.057409e-017	-1.457017e-015	-2.163127e-017	-2.256882e-017
2.900000e+001	2.246890e-013	2.952616e-013	1.109080e-013	1.000000e+000	-1.183603e-015	1.496486e-016	0.000000e+000	0.000000e+000	1.440198e-017	-1.019552e-015	-1.513077e-017	-1.601832e-017
2.910000e+001	1.569862e-013	2.063373e-013	7.858202e-014	1.000000e+000	-8.281875e-016	1.048724e-016	0.000000e+000	0.000000e+000	1.007868e-017	-7.132364e-016	-1.058087e-017	-1.136369e-017
2.920000e+001	1.096588e-013	1.441607e-013	5.565437e-014	1.000000e+000	-5.793389e-016	7.346977e-017	0.000000e+000	0.000000e+000	7.051297e-018	-4.988178e-016	-7.397207e-018	-8.057900e-018
2.930000e+001	7.658296e-014	1.006976e-013	3.940000e-014	1.000000e+000	-4.051565e-016	5.145416e-017	0.000000e+000	0.000000e+000	4.932008e-018	-3.487704e-016	-5.170172e-018	-5.711235e-018
2.940000e+001	5.347257e-014	7.032307e-014	2.788169e-014	1.000000e+000	-2.832722e-016	3.602487e-017	0.000000e+000	0.000000e+000	3.448834e-018	-2.437985e-016	-3.612749e-018	-4.046220e-018
2.950000e+001	3.732880e-014	4.910067e-014	1.972298e-014	1.000000e+000	-1.980070e-016	2.521506e-017	0.000000e+000	0.000000e+000	2.411121e-018	-1.703808e-016	-2.523890e-018	-2.865401e-018
2.960000e+001	2.605402e-014	3.427612e-014	1.394637e-014	1.000000e+000	-1.383748e-016	1.764404e-017	0.000000e+000	0.000000e+000	1.685265e-018	-1.190455e-016	-1.762817e-018	-2.028350e-018
2.970000e+001	1.818138e-014	2.392291e-014	9.858019e-015	1.000000e+000	-9.668017e-017	1.234303e-017	0.000000e+000	0.000000e+000	1.177670e-018	-8.315947e-017	-1.230983e-018	-1.435248e-018
2.980000e+001	1.268538e-014	1.669390e-014	6.965658e-015	1.000000e+000	-6.753453e-017	8.632488e-018	0.000000e+000	0.000000e+000	8.227914e-019	-5.807925e-017	-8.594274e-019	-1.015178e-018
2.990000e+001	8.849282e-015	1.164734e-014	4.920202e-015	1.000000e+000	-4.716570e-017	6.035941e-018	0.000000e+000	0.000000e+000	5.747378e-019	-4.055502e-017	-5.999044e-019	-7.177839e-019
3.000000e+001	6.172249e-015	8.125012e-015	3.474209e-015	1.000000e+000	-3.293383e-017	4.219425e-018	0.000000e+000	0.000000e+000	4.013908e-019	-2.831301e-017	-4.186723e-019	-5.073241e-019
3.010000e+001	4.304401e-015	5.666989e-015	2.452366e-015	1.000000e+000	-2.299203e-017	2.948934e-018	0.000000e+000	0.000000e+000	2.802762e-019	-1.976282e-017	-2.921389e-019	-3.584446e-019
3.020000e+001	3.001365e-015	3.951982e-015	1.730512e-015	1.000000e+000	-1.604851e-017	2.060555e-018	0.000000e+000	0.000000e+000	1.956723e-019	-1.379229e-017	-2.038124e-019	-2.531672e-019
3.030000e+001	2.092494e-015	2.755589e-015	1.220752e-015	1.000000e+000	-1.120000e-017	1.439510e-018	0.000000e+000	0.000000e+000	1.365840e-019	-9.623910e-018	-1.421677e-019	-1.787499e-019
3.040000e+001	1.458652e-015	1.921117e-015	8.608904e-016	1.000000e+000	-7.815026e-018	1.005449e-018	0.000000e+000	0.000000e+000	9.532374e-020	-6.714253e-018	-9.915252e-020	-1.261657e-019
3.050000e+001	1.016678e-015	1.339169e-015	6.069304e-016	1.000000e+000	-5.452235e-018	7.021407e-019	0.000000e+000	0.000000e+000	6.651745e-020	-4.683577e-018	-6.914197e-020	-8.902197e-020
3.060000e+001	7.085369e-016	9.333869e-016	4.277637e-016	1.000000e+000	-3.803238e-018	4.902416e-019	0.000000e+000	0.000000e+000	4.640944e-020	-3.266587e-018	-4.820784e-020	-6.279391e-020
3.070000e+001	4.937312e-016	6.504819e-016	3.014021e-016	1.000000e+000	-2.652589e-018	3.422325e-019	0.000000e+000	0.000000e+000	3.237545e-020	-2.277981e-018	-3.360736e-020	-4.427982e-020
3.080000e+001	3.440092e-016	4.532712e-016	2.123094e-016	1.000000e+000	-1.849808e-018	2.388695e-019	0.000000e+000	0.000000e+000	2.258222e-020	-1.588356e-018	-2.342579e-020	-3.121515e-020
3.090000e+001	2.396641e-016	3.158150e-016	1.495118e-016	1.000000e+000	-1.289810e-018	1.666984e-019	0.000000e+000	0.000000e+000	1.574931e-020	-1.107363e-018	-1.632675e-020	-2.199884e-020
3.100000e+001	1.669519e-016	2.200194e-016	1.052612e-016	1.000000e+000	-8.992288e-019	1.163152e-019	0.000000e+000	0.000000e+000	1.098253e-020	-7.719311e-019	-1.137767e-020	-1.549929e-020
3.110000e+001	1.162886e-016	1.532657e-016	7.408840e-017	1.000000e+000	-6.268477e-019	8.114807e-020	0.000000e+000	0.000000e+000	7.657579e-021	-5.380420e-019	-7.927880e-021	-1.091705e-020
3.120000e+001	8.099204e-017	1.067546e-016	5.213439e-017	1.000000e+000	-4.369216e-019	5.660562e-020	0.000000e+000	0.000000e+000	5.338647e-021	-3.749773e-019	-5.523486e-021	-7.687454e-021
3.130000e+001	5.640381e-017	7.435111e-017	3.667695e-017	1.000000e+000	-3.045066e-019	3.948053e-020	0.000000e+000	0.000000e+000	3.721547e-021	-2.613045e-019	-3.847901e-021	-5.411864e-021
3.140000e+001	3.927690e-017	5.177852e-017	2.579642e-017	1.000000e+000	-2.121992e-019	2.753283e-020	0.000000e+000	0.000000e+000	2.594002e-021	-1.820724e-019	-2.680347e-021	-3.808914e-021
3.150000e+001	2.734830e-017	3.605577e-017	1.813951e-017	1.000000e+000	-1.478586e-019	1.919842e-020	0.000000e+000	0.000000e+000	1.807896e-021	-1.268523e-019	-1.866880e-021	-2.680081e-021
3.160000e+001	1.904098e-017	2.510523e-017	1.275246e-017	1.000000e+000	-1.030166e-019	1.338533e-020	0.000000e+000	0.000000e+000	1.259896e-021	-8.837133e-020	-1.300175e-021	-1.885342e-021
3.170000e+001	1.325610e-017	1.747913e-017	8.963283e-018	1.000000e+000	-7.176734e-020	9.331337e-021	0.000000e+000	0.000000e+000	8.779220e-022	-6.155808e-020	-9.054184e-022	-1.325959e-021
3.180000e+001	9.228066e-018	1.216866e-017	6.298648e-018	1.000000e+000	-4.999284e-020	6.504468e-021	0.000000e+000	0.000000e+000	6.117003e-022	-4.287667e-020	-6.304638e-022	-9.323323e-022
3.190000e+001	6.423560e-018	8.471000e-018	4.425240e-018	1.000000e+000	-3.482183e-020	4.533512e-021	0.000000e+000	0.000000e+000	4.261717e-022	-2.986214e-020	-4.389713e-022	-6.554115e-022
3.200000e+001	4.471078e-018	5.896534e-018	3.108406e-018	1.000000e+000	-2.425267e-020	3.159473e-021	0.000000e+000	0.000000e+000	2.968896e-022	-2.079631e-020	-3.056178e-022	-4.606411e-022
