TIME          	MC CONC       	STS CONC      	HTS CONC      	SED CONC      	ADV dm/dt     	DISP dm/dt    	DECAY dm/dt   	SORPTION dm/dt	STORAGE dm/dt 	MC dm/dt      	STS dm/dt     	HTS dm/dt     
(hr)          	mg/L          	mg/L          	mg/L          	mg/L          	(mg/L)·(m²/s)  	(mg/L)·(m²/s)  	(mg/L)·(m²/s)  	(mg/L)·(m²/s)  	(mg/L)·(m²/s)  	(mg/L)·(m²/s)  	(mg/L)·(m²/s)  	(mg/L)·(m²/s)  
0.000000e+000	4.989279e-004	1.466550e-004	2.030259e-005	0.000000e+000	1.348959e-006	1.150928e-007	0.000000e+000	0.000000e+000	-7.859300e-008	1.385459e-006	0.000000e+000	0.000000e+000
1.000000e-001	4.989279e-004	1.466550e-004	2.030259e-005	1.000000e+000	1.348959e-006	1.150928e-007	0.000000e+000	0.000000e+000	-7.859300e-008	1.385459e-006	1.090555e-022	6.495022e-024
2.000000e-001	4.989279e-004	1.466550e-004	2.030259e-005	1.000000e+000	1.348959e-006	1.150928e-007	0.000000e+000	0.000000e+000	-7.859300e-008	1.385459e-006	1.199610e-022	1.448890e-023
3.000000e-001	4.989279e-004	1.466550e-004	2.030259e-005	1.000000e+000	1.348959e-006	1.150928e-007	0.000000e+000	0.000000e+000	-7.859300e-008	1.385459e-006	1.232327e-021	6.195252e-023
4.000000e-001	4.989279e-004	1.466550e-004	2.030259e-005	1.000000e+000	1.348959e-006	1.150928e-007	0.000000e+000	0.000000e+000	-7.859300e-008	1.385459e-006	2.798549e-018	1.397714e-019
5.000000e-001	4.989279e-004	1.466550e-004	2.030259e-005	1.000000e+000	1.348959e-006	1.150928e-007	0.000000e+000	0.000000e+000	-7.859300e-008	1.385459e-006	5.702792e-016	3.287378e-017
6.000000e-001	4.989281e-004	1.466550e-004	2.030259e-005	1.000000e+000	1.348963e-006	1.150945e-007	0.000000e+000	0.000000e+000	-7.859305e-008	1.385465e-006	2.394981e-014	1.606881e-015
7.000000e-001	4.989327e-004	1.466559e-004	2.030261e-005	1.000000e+000	1.349022e-006	1.151146e-007	0.000000e+000	0.000000e+000	-7.859387e-008	1.385543e-006	3.487017e-013	2.740121e-014
8.000000e-001	4.989690e-004	1.466638e-004	2.030284e-005	1.000000e+000	1.349405e-006	1.152241e-007	0.000000e+000	0.000000e+000	-7.860020e-008	1.386028e-006	2.411362e-012	2.230199e-013
9.000000e-001	4.991322e-004	1.467018e-004	2.030417e-005	1.000000e+000	1.350832e-006	1.155633e-007	0.000000e+000	0.000000e+000	-7.862808e-008	1.387767e-006	9.692044e-012	1.059381e-012
1.000000e+000	4.996119e-004	1.468205e-004	2.030906e-005	1.000000e+000	1.354308e-006	1.162402e-007	0.000000e+000	0.000000e+000	-7.870851e-008	1.391839e-006	2.592758e-011	3.361939e-012
1.100000e+000	5.006266e-004	1.470847e-004	2.032195e-005	1.000000e+000	1.360378e-006	1.171890e-007	0.000000e+000	0.000000e+000	-7.887582e-008	1.398692e-006	5.072953e-011	7.832626e-012
1.200000e+000	5.022839e-004	1.475349e-004	2.034806e-005	1.000000e+000	1.368502e-006	1.181753e-007	0.000000e+000	0.000000e+000	-7.914507e-008	1.407532e-006	7.767608e-011	1.433792e-011
1.300000e+000	5.044859e-004	1.481546e-004	2.039100e-005	1.000000e+000	1.377235e-006	1.189546e-007	0.000000e+000	0.000000e+000	-7.949816e-008	1.416691e-006	9.782422e-011	2.168333e-011
1.400000e+000	5.069619e-004	1.488723e-004	2.045074e-005	1.000000e+000	1.385027e-006	1.194117e-007	0.000000e+000	0.000000e+000	-7.989062e-008	1.424548e-006	1.051903e-010	2.814021e-011
1.500000e+000	5.093905e-004	1.495941e-004	2.052331e-005	1.000000e+000	1.390917e-006	1.195780e-007	0.000000e+000	0.000000e+000	-8.027165e-008	1.430223e-006	9.938309e-011	3.227300e-011
1.600000e+000	5.115182e-004	1.502401e-004	2.060226e-005	1.000000e+000	1.394713e-006	1.195603e-007	0.000000e+000	0.000000e+000	-8.060244e-008	1.433671e-006	8.436163e-011	3.347305e-011
1.700000e+000	5.132146e-004	1.507646e-004	2.068076e-005	1.000000e+000	1.396770e-006	1.194655e-007	0.000000e+000	0.000000e+000	-8.086405e-008	1.435371e-006	6.548491e-011	3.198313e-011
1.800000e+000	5.144641e-004	1.511571e-004	2.075324e-005	1.000000e+000	1.397645e-006	1.193636e-007	0.000000e+000	0.000000e+000	-8.105535e-008	1.435953e-006	4.714810e-011	2.857781e-011
1.900000e+000	5.153248e-004	1.514310e-004	2.081624e-005	1.000000e+000	1.397852e-006	1.192852e-007	0.000000e+000	0.000000e+000	-8.118626e-008	1.435951e-006	3.185279e-011	2.417503e-011
2.000000e+000	5.158850e-004	1.516114e-004	2.086835e-005	1.000000e+000	1.397756e-006	1.192356e-007	0.000000e+000	0.000000e+000	-8.127094e-008	1.435721e-006	2.038817e-011	1.955993e-011
2.100000e+000	5.162324e-004	1.517244e-004	2.090976e-005	1.000000e+000	1.397568e-006	1.192088e-007	0.000000e+000	0.000000e+000	-8.132315e-008	1.435453e-006	1.246574e-011	1.526603e-011
2.200000e+000	5.164392e-004	1.517922e-004	2.094163e-005	1.000000e+000	1.397388e-006	1.191964e-007	0.000000e+000	0.000000e+000	-8.135407e-008	1.435230e-006	7.333069e-012	1.157532e-011
2.300000e+000	5.165581e-004	1.518315e-004	2.096551e-005	1.000000e+000	1.397249e-006	1.191918e-007	0.000000e+000	0.000000e+000	-8.137176e-008	1.435069e-006	4.177506e-012	8.577641e-012
2.400000e+000	5.166247e-004	1.518536e-004	2.098305e-005	1.000000e+000	1.397156e-006	1.191908e-007	0.000000e+000	0.000000e+000	-8.138161e-008	1.434965e-006	2.319080e-012	6.242703e-012
2.500000e+000	5.166612e-004	1.518658e-004	2.099573e-005	1.000000e+000	1.397097e-006	1.191912e-007	0.000000e+000	0.000000e+000	-8.138697e-008	1.434901e-006	1.262411e-012	4.480342e-012
2.600000e+000	5.166808e-004	1.518723e-004	2.100479e-005	1.000000e+000	1.397062e-006	1.191918e-007	0.000000e+000	0.000000e+000	-8.138984e-008	1.434864e-006	6.783407e-013	3.181394e-012
2.700000e+000	5.166913e-004	1.518759e-004	2.101119e-005	1.000000e+000	1.397042e-006	1.191924e-007	0.000000e+000	0.000000e+000	-8.139137e-008	1.434844e-006	3.624180e-013	2.240994e-012
2.800000e+000	5.166970e-004	1.518778e-004	2.101569e-005	1.000000e+000	1.397032e-006	1.191928e-007	0.000000e+000	0.000000e+000	-8.139217e-008	1.434832e-006	1.940744e-013	1.569226e-012
2.900000e+000	5.167000e-004	1.518788e-004	2.101883e-005	1.000000e+000	1.397026e-006	1.191931e-007	0.000000e+000	0.000000e+000	-8.139261e-008	1.434827e-006	1.050642e-013	1.094087e-012
3.000000e+000	5.167016e-004	1.518793e-004	2.102101e-005	1.000000e+000	1.397023e-006	1.191932e-007	0.000000e+000	0.000000e+000	-8.139284e-008	1.434824e-006	5.799214e-014	7.604507e-013
3.100000e+000	5.167026e-004	1.518796e-004	2.102253e-005	1.000000e+000	1.397022e-006	1.191933e-007	0.000000e+000	0.000000e+000	-8.139297e-008	1.434822e-006	3.287701e-014	5.273977e-013
3.200000e+000	5.167031e-004	1.518798e-004	2.102358e-005	1.000000e+000	1.397021e-006	1.191934e-007	0.000000e+000	0.000000e+000	-8.139304e-008	1.434821e-006	1.923638e-014	3.652096e-013
3.300000e+000	5.167034e-004	1.518799e-004	2.102431e-005	1.000000e+000	1.397021e-006	1.191934e-007	0.000000e+000	0.000000e+000	-8.139309e-008	1.434821e-006	1.163313e-014	2.526331e-013
3.400000e+000	5.167036e-004	1.518800e-004	2.102482e-005	1.000000e+000	1.397021e-006	1.191934e-007	0.000000e+000	0.000000e+000	-8.139312e-008	1.434821e-006	7.257590e-015	1.746338e-013
3.500000e+000	5.167038e-004	1.518800e-004	2.102517e-005	1.000000e+000	1.397021e-006	1.191934e-007	0.000000e+000	0.000000e+000	-8.139313e-008	1.434821e-006	4.650960e-015	1.206586e-013
3.600000e+000	5.167038e-004	1.518800e-004	2.102541e-005	1.000000e+000	1.397020e-006	1.191934e-007	0.000000e+000	0.000000e+000	-8.139314e-008	1.434821e-006	3.045140e-015	8.333908e-014
3.700000e+000	5.167039e-004	1.518801e-004	2.102557e-005	1.000000e+000	1.397020e-006	1.191934e-007	0.000000e+000	0.000000e+000	-8.139315e-008	1.434821e-006	2.026170e-015	5.755021e-014
3.800000e+000	5.167039e-004	1.518801e-004	2.102569e-005	1.000000e+000	1.397020e-006	1.191934e-007	0.000000e+000	0.000000e+000	-8.139316e-008	1.434821e-006	1.363845e-015	3.973597e-014
3.900000e+000	5.167040e-004	1.518801e-004	2.102577e-005	1.000000e+000	1.397020e-006	1.191934e-007	0.000000e+000	0.000000e+000	-8.139316e-008	1.434821e-006	9.253873e-016	2.743341e-014
4.000000e+000	5.167040e-004	1.518801e-004	2.102582e-005	1.000000e+000	1.397020e-006	1.191934e-007	0.000000e+000	0.000000e+000	-8.139316e-008	1.434821e-006	6.312670e-016	1.893862e-014
4.100000e+000	5.167040e-004	1.518801e-004	2.102586e-005	1.000000e+000	1.397020e-006	1.191934e-007	0.000000e+000	0.000000e+000	-8.139316e-008	1.434821e-006	4.321513e-016	1.307368e-014
4.200000e+000	5.167040e-004	1.518801e-004	2.102588e-005	1.000000e+000	1.397020e-006	1.191934e-007	0.000000e+000	0.000000e+000	-8.139316e-008	1.434821e-006	2.965175e-016	9.024728e-015
4.300000e+000	5.167040e-004	1.518801e-004	2.102590e-005	1.000000e+000	1.397020e-006	1.191934e-007	0.000000e+000	0.000000e+000	-8.139316e-008	1.434821e-006	2.037502e-016	6.229603e-015
4.400000e+000	5.167040e-004	1.518801e-004	2.102591e-005	1.000000e+000	1.397020e-006	1.191934e-007	0.000000e+000	0.000000e+000	-8.139317e-008	1.434821e-006	1.401346e-016	4.300103e-015
4.500000e+000	5.167040e-004	1.518801e-004	2.102592e-005	1.000000e+000	1.397020e-006	1.191934e-007	0.000000e+000	0.000000e+000	-8.139317e-008	1.434821e-006	9.643680e-017	2.968185e-015
4.600000e+000	5.167040e-004	1.518801e-004	2.102593e-005	1.000000e+000	1.397020e-006	1.191934e-007	0.000000e+000	0.000000e+000	-8.139317e-008	1.434821e-006	6.638889e-017	2.048791e-015
4.700000e+000	5.167040e-004	1.518801e-004	2.102593e-005	1.000000e+000	1.397020e-006	1.191934e-007	0.000000e+000	0.000000e+000	-8.139317e-008	1.434821e-006	4.571341e-017	1.414163e-015
4.800000e+000	5.167040e-004	1.518801e-004	2.102594e-005	1.000000e+000	1.397020e-006	1.191934e-007	0.000000e+000	0.000000e+000	-8.139317e-008	1.434821e-006	3.148111e-017	9.761050e-016
4.900000e+000	5.167040e-004	1.518801e-004	2.102594e-005	1.000000e+000	1.397020e-006	1.191934e-007	0.000000e+000	0.000000e+000	-8.139317e-008	1.434821e-006	2.168168e-017	6.737353e-016
5.000000e+000	5.167040e-004	1.518801e-004	2.102594e-005	1.000000e+000	1.397020e-006	1.191934e-007	0.000000e+000	0.000000e+000	-8.139317e-008	1.434821e-006	1.493280e-017	4.650266e-016
5.100000e+000	5.167040e-004	1.518801e-004	2.102594e-005	1.000000e+000	1.397020e-006	1.191934e-007	0.000000e+000	0.000000e+000	-8.139317e-008	1.434821e-006	7.498307e-018	3.208331e-016
5.200000e+000	5.167040e-004	1.518801e-004	2.102594e-005	1.000000e+000	1.397020e-006	1.191933e-007	0.000000e+000	0.000000e+000	-8.139317e-008	1.434820e-006	-8.134561e-016	1.753550e-016
5.300000e+000	5.167036e-004	1.518800e-004	2.102594e-005	1.000000e+000	1.397013e-006	1.191903e-007	0.000000e+000	0.000000e+000	-8.139308e-008	1.434810e-006	-4.086692e-014	-2.540370e-015
5.400000e+000	5.166952e-004	1.518784e-004	2.102590e-005	1.000000e+000	1.396905e-006	1.191532e-007	0.000000e+000	0.000000e+000	-8.139159e-008	1.434667e-006	-6.389877e-013	-4.955930e-014
5.500000e+000	5.166280e-004	1.518639e-004	2.102547e-005	1.000000e+000	1.396197e-006	1.189514e-007	0.000000e+000	0.000000e+000	-8.137987e-008	1.433768e-006	-4.461136e-012	-4.121707e-013
5.600000e+000	5.163330e-004	1.517948e-004	2.102304e-005	1.000000e+000	1.393659e-006	1.183615e-007	0.000000e+000	0.000000e+000	-8.132954e-008	1.430691e-006	-1.734591e-011	-1.919315e-012
5.700000e+000	5.155017e-004	1.515877e-004	2.101436e-005	1.000000e+000	1.387760e-006	1.172357e-007	0.000000e+000	0.000000e+000	-8.119044e-008	1.423805e-006	-4.451980e-011	-5.878488e-012
5.800000e+000	5.137389e-004	1.511315e-004	2.099199e-005	1.000000e+000	1.376879e-006	1.153690e-007	0.000000e+000	0.000000e+000	-8.089919e-008	1.411349e-006	-8.965386e-011	-1.364830e-011
5.900000e+000	5.103905e-004	1.502564e-004	2.094446e-005	1.000000e+000	1.356962e-006	1.118396e-007	0.000000e+000	0.000000e+000	-8.034777e-008	1.388454e-006	-1.692643e-010	-2.761358e-011
6.000000e+000	5.039540e-004	1.485820e-004	2.085055e-005	1.000000e+000	1.318003e-006	1.047186e-007	0.000000e+000	0.000000e+000	-7.928614e-008	1.343436e-006	-3.279377e-010	-5.405947e-011
6.100000e+000	4.915907e-004	1.453516e-004	2.066767e-005	1.000000e+000	1.244824e-006	9.208794e-008	0.000000e+000	0.000000e+000	-7.725003e-008	1.259662e-006	-6.224022e-010	-1.044610e-010
6.200000e+000	4.696797e-004	1.395212e-004	2.032370e-005	1.000000e+000	1.125642e-006	7.404005e-008	0.000000e+000	0.000000e+000	-7.366420e-008	1.126018e-006	-1.067412e-009	-1.906637e-010
6.300000e+000	4.357678e-004	1.302585e-004	1.972831e-005	1.000000e+000	9.644254e-007	5.397541e-008	0.000000e+000	0.000000e+000	-6.816601e-008	9.502348e-007	-1.581942e-009	-3.141588e-010
6.400000e+000	3.909303e-004	1.176433e-004	1.880996e-005	1.000000e+000	7.868419e-007	3.762366e-008	0.000000e+000	0.000000e+000	-6.097622e-008	7.634893e-007	-1.993590e-009	-4.567984e-010
6.500000e+000	3.407914e-004	1.030716e-004	1.756404e-005	1.000000e+000	6.332129e-007	3.027271e-008	0.000000e+000	0.000000e+000	-5.303747e-008	6.104481e-007	-2.114737e-009	-5.818347e-010
6.600000e+000	2.942206e-004	8.900891e-005	1.608358e-005	1.000000e+000	5.418234e-007	3.406628e-008	0.000000e+000	0.000000e+000	-4.577891e-008	5.301108e-007	-1.842200e-009	-6.470972e-010
6.700000e+000	2.600976e-004	7.813303e-005	1.454953e-005	1.000000e+000	5.308458e-007	4.655721e-008	0.000000e+000	0.000000e+000	-4.058598e-008	5.368170e-007	-1.225310e-009	-6.241951e-010
6.800000e+000	2.434302e-004	7.220222e-005	1.317701e-005	1.000000e+000	5.865485e-007	6.104742e-008	0.000000e+000	0.000000e+000	-3.818610e-008	6.094098e-007	-4.728598e-010	-5.149105e-010
6.900000e+000	2.425881e-004	7.114313e-005	1.213432e-005	1.000000e+000	6.651903e-007	6.934123e-008	0.000000e+000	0.000000e+000	-3.823391e-008	6.962976e-007	1.190921e-010	-3.561791e-010
7.000000e+000	2.495642e-004	7.292549e-005	1.147085e-005	1.000000e+000	7.131990e-007	6.644958e-008	0.000000e+000	0.000000e+000	-3.939637e-008	7.402522e-007	3.147076e-010	-2.070630e-010
7.100000e+000	2.538963e-004	7.452079e-005	1.109639e-005	1.000000e+000	6.965734e-007	5.377023e-008	0.000000e+000	0.000000e+000	-4.001328e-008	7.103304e-007	7.989663e-011	-1.203730e-010
7.200000e+000	2.479628e-004	7.344574e-005	1.082996e-005	1.000000e+000	6.169991e-007	3.738080e-008	0.000000e+000	0.000000e+000	-3.893534e-008	6.154445e-007	-4.080955e-010	-1.164412e-010
7.300000e+000	2.299777e-004	6.882588e-005	1.048856e-005	1.000000e+000	5.030723e-007	2.336400e-008	0.000000e+000	0.000000e+000	-3.595683e-008	4.904795e-007	-8.943711e-010	-1.779002e-010
7.400000e+000	2.032680e-004	6.138660e-005	9.960640e-006	1.000000e+000	3.889167e-007	1.473704e-008	0.000000e+000	0.000000e+000	-3.165754e-008	3.719962e-007	-1.194731e-009	-2.658845e-010
7.500000e+000	1.733884e-004	5.268847e-005	9.230407e-006	1.000000e+000	2.976886e-007	1.126813e-008	0.000000e+000	0.000000e+000	-2.692954e-008	2.820272e-007	-1.256490e-009	-3.423266e-010
7.600000e+000	1.452241e-004	4.424606e-005	8.355722e-006	1.000000e+000	2.359017e-007	1.079570e-008	0.000000e+000	0.000000e+000	-2.252637e-008	2.241711e-007	-1.137024e-009	-3.850446e-010
7.700000e+000	1.215129e-004	3.699205e-005	7.424453e-006	1.000000e+000	1.990301e-007	1.162019e-008	0.000000e+000	0.000000e+000	-1.885202e-008	1.917983e-007	-9.296462e-010	-3.903334e-010
7.800000e+000	1.035959e-004	3.136707e-005	6.520452e-006	1.000000e+000	1.861081e-007	1.487727e-008	0.000000e+000	0.000000e+000	-1.610765e-008	1.848777e-007	-6.681770e-010	-3.628005e-010
7.900000e+000	9.352051e-005	2.790048e-005	5.721151e-006	1.000000e+000	2.090908e-007	2.362024e-008	0.000000e+000	0.000000e+000	-1.463131e-008	2.180798e-007	-2.998145e-010	-3.015213e-010
8.000000e+000	9.470473e-005	2.753700e-005	5.115994e-006	1.000000e+000	2.825847e-007	3.866920e-008	0.000000e+000	0.000000e+000	-1.497459e-008	3.062793e-007	2.192039e-010	-1.986813e-010
8.100000e+000	1.101179e-004	3.120753e-005	4.809075e-006	1.000000e+000	4.097182e-007	5.871830e-008	0.000000e+000	0.000000e+000	-1.759291e-008	4.508436e-007	8.465042e-010	-5.164613e-011
8.200000e+000	1.445903e-004	4.002810e-005	4.912227e-006	1.000000e+000	6.364841e-007	1.014197e-007	0.000000e+000	0.000000e+000	-2.331280e-008	7.145910e-007	1.803660e-009	1.529196e-010
8.300000e+000	2.298192e-004	6.096696e-005	5.700081e-006	1.000000e+000	1.281275e-006	2.536080e-007	0.000000e+000	0.000000e+000	-3.763746e-008	1.497246e-006	4.803948e-009	5.748158e-010
8.400000e+000	4.786330e-004	1.215371e-004	8.252945e-006	1.000000e+000	3.195809e-006	6.789743e-007	0.000000e+000	0.000000e+000	-7.957423e-008	3.795209e-006	1.396974e-008	1.766684e-009
8.500000e+000	1.111195e-003	2.807606e-004	1.549618e-005	1.000000e+000	7.522208e-006	1.492810e-006	0.000000e+000	0.000000e+000	-1.850633e-007	8.829955e-006	3.345339e-008	4.678247e-009
8.600000e+000	2.373778e-003	6.120880e-004	3.256768e-005	1.000000e+000	1.483294e-005	2.609650e-006	0.000000e+000	0.000000e+000	-3.927022e-007	1.704989e-005	6.248099e-008	1.007820e-008
8.700000e+000	4.380436e-003	1.159305e-003	6.540339e-005	1.000000e+000	2.446519e-005	3.761847e-006	0.000000e+000	0.000000e+000	-7.182491e-007	2.750878e-005	9.356826e-008	1.776274e-008
8.800000e+000	7.012105e-003	1.901227e-003	1.179919e-004	1.000000e+000	3.476622e-005	4.676031e-006	0.000000e+000	0.000000e+000	-1.139931e-006	3.830232e-005	1.166406e-007	2.634140e-008
8.900000e+000	9.956633e-003	2.755236e-003	1.901393e-004	1.000000e+000	4.397968e-005	5.222950e-006	0.000000e+000	0.000000e+000	-1.606536e-006	4.759609e-005	1.250329e-007	3.384530e-008
9.000000e+000	1.284519e-002	3.613549e-003	2.771946e-004	1.000000e+000	5.100140e-005	5.433801e-006	0.000000e+000	0.000000e+000	-2.059764e-006	5.437543e-005	1.182860e-007	3.864413e-008
9.100000e+000	1.538361e-002	4.383704e-003	3.716632e-004	1.000000e+000	5.558212e-005	5.424243e-006	0.000000e+000	0.000000e+000	-2.454533e-006	5.855183e-005	1.007712e-007	4.003334e-008
9.200000e+000	1.741496e-002	5.011352e-003	4.655539e-004	1.000000e+000	5.808808e-005	5.313321e-006	0.000000e+000	0.000000e+000	-2.767898e-006	6.063350e-005	7.848708e-008	3.826570e-008
9.300000e+000	1.891277e-002	5.481799e-003	5.522940e-004	1.000000e+000	5.913478e-005	5.182322e-006	0.000000e+000	0.000000e+000	-2.997203e-006	6.131990e-005	5.647348e-008	3.420612e-008
9.400000e+000	1.993743e-002	5.808678e-003	6.276715e-004	1.000000e+000	5.931182e-005	5.070486e-006	0.000000e+000	0.000000e+000	-3.152887e-006	6.122942e-005	3.773520e-008	2.890447e-008
9.500000e+000	2.058813e-002	6.019647e-003	6.898691e-004	1.000000e+000	5.905666e-005	4.988249e-006	0.000000e+000	0.000000e+000	-3.250935e-006	6.079397e-005	2.336495e-008	2.328211e-008
9.600000e+000	2.096780e-002	6.145186e-003	7.389543e-004	1.000000e+000	5.864096e-005	4.932302e-006	0.000000e+000	0.000000e+000	-3.307539e-006	6.026572e-005	1.319865e-008	1.798774e-008
9.700000e+000	2.116442e-002	6.212203e-003	7.761950e-004	1.000000e+000	5.820692e-005	4.894883e-006	0.000000e+000	0.000000e+000	-3.336345e-006	5.976545e-005	6.470200e-009	1.338518e-008
9.800000e+000	2.124446e-002	6.241505e-003	8.034395e-004	1.000000e+000	5.781207e-005	4.868403e-006	0.000000e+000	0.000000e+000	-3.347563e-006	5.933291e-005	2.258878e-009	9.609472e-009
9.900000e+000	2.125410e-002	6.247762e-003	8.226627e-004	1.000000e+000	5.747142e-005	4.848459e-006	0.000000e+000	0.000000e+000	-3.348226e-006	5.897166e-005	-2.386444e-010	6.645357e-009
1.000000e+001	2.122415e-002	6.240818e-003	8.356997e-004	1.000000e+000	5.718799e-005	4.833881e-006	0.000000e+000	0.000000e+000	-3.343018e-006	5.867886e-005	-1.594780e-009	4.401446e-009
1.010000e+001	2.117498e-002	6.227201e-003	8.441290e-004	1.000000e+000	5.696023e-005	4.823471e-006	0.000000e+000	0.000000e+000	-3.335026e-006	5.844867e-005	-2.205231e-009	2.759667e-009
1.020000e+001	2.111891e-002	6.210974e-003	8.492389e-004	1.000000e+000	5.677609e-005	4.814293e-006	0.000000e+000	0.000000e+000	-3.326092e-006	5.826429e-005	-2.390649e-009	1.596215e-009
1.030000e+001	2.106170e-002	6.194174e-003	8.520249e-004	1.000000e+000	5.661605e-005	4.803963e-006	0.000000e+000	0.000000e+000	-3.317045e-006	5.810296e-005	-2.401821e-009	7.912574e-010
1.040000e+001	2.100519e-002	6.177507e-003	8.532145e-004	1.000000e+000	5.646745e-005	4.793147e-006	0.000000e+000	0.000000e+000	-3.308134e-006	5.795247e-005	-2.360134e-009	2.420771e-010
1.050000e+001	2.095066e-002	6.161330e-003	8.533237e-004	1.000000e+000	5.633431e-005	4.784995e-006	0.000000e+000	0.000000e+000	-3.299561e-006	5.781974e-005	-2.251419e-009	-1.243914e-010
1.060000e+001	2.090088e-002	6.146358e-003	8.527327e-004	1.000000e+000	5.623280e-005	4.782392e-006	0.000000e+000	0.000000e+000	-3.291783e-006	5.772341e-005	-2.004097e-009	-3.502170e-010
1.070000e+001	2.085978e-002	6.133708e-003	8.517473e-004	1.000000e+000	5.617710e-005	4.785594e-006	0.000000e+000	0.000000e+000	-3.285425e-006	5.767727e-005	-1.590212e-009	-4.584150e-010
1.080000e+001	2.083037e-002	6.124363e-003	8.506241e-004	1.000000e+000	5.616655e-005	4.791704e-006	0.000000e+000	0.000000e+000	-3.280943e-006	5.767731e-005	-1.078092e-009	-4.699464e-010
1.090000e+001	2.081250e-002	6.118493e-003	8.495585e-004	1.000000e+000	5.617943e-005	4.795302e-006	0.000000e+000	0.000000e+000	-3.278262e-006	5.769647e-005	-6.285107e-010	-4.166992e-010
1.100000e+001	2.080150e-002	6.114984e-003	8.486523e-004	1.000000e+000	5.617839e-005	4.791364e-006	0.000000e+000	0.000000e+000	-3.276591e-006	5.769316e-005	-4.279096e-010	-3.445160e-010
1.110000e+001	2.079021e-002	6.111795e-003	8.478948e-004	1.000000e+000	5.613756e-005	4.781198e-006	0.000000e+000	0.000000e+000	-3.274786e-006	5.764397e-005	-5.234635e-010	-2.976156e-010
1.120000e+001	2.077472e-002	6.107478e-003	8.472023e-004	1.000000e+000	5.607477e-005	4.774234e-006	0.000000e+000	0.000000e+000	-3.272296e-006	5.757671e-005	-6.945491e-010	-2.878154e-010
1.130000e+001	2.075900e-002	6.102727e-003	8.465195e-004	1.000000e+000	5.604519e-005	4.779658e-006	0.000000e+000	0.000000e+000	-3.269849e-006	5.755500e-005	-5.989388e-010	-2.810136e-010
1.140000e+001	2.075212e-002	6.100042e-003	8.459005e-004	1.000000e+000	5.608988e-005	4.796194e-006	0.000000e+000	0.000000e+000	-3.268910e-006	5.761717e-005	-1.154212e-010	-2.276357e-010
1.150000e+001	2.075992e-002	6.101468e-003	8.454849e-004	1.000000e+000	5.619470e-005	4.813208e-006	0.000000e+000	0.000000e+000	-3.270328e-006	5.773758e-005	5.162167e-010	-1.122706e-010
1.160000e+001	2.077993e-002	6.106763e-003	8.453879e-004	1.000000e+000	5.630750e-005	4.822043e-006	0.000000e+000	0.000000e+000	-3.273611e-006	5.785593e-005	9.439122e-010	3.114085e-011
1.170000e+001	2.080453e-002	6.113863e-003	8.456154e-004	1.000000e+000	5.638972e-005	4.823487e-006	0.000000e+000	0.000000e+000	-3.277519e-006	5.793568e-005	1.038514e-009	1.528994e-010
1.180000e+001	2.082786e-002	6.120846e-003	8.460798e-004	1.000000e+000	5.644335e-005	4.824322e-006	0.000000e+000	0.000000e+000	-3.281172e-006	5.798650e-005	9.487975e-010	2.292680e-010
1.190000e+001	2.084939e-002	6.127238e-003	8.466817e-004	1.000000e+000	5.649611e-005	4.829924e-006	0.000000e+000	0.000000e+000	-3.284551e-006	5.804148e-005	9.017032e-010	2.724093e-010
1.200000e+001	2.087233e-002	6.133831e-003	8.473748e-004	1.000000e+000	5.657241e-005	4.840884e-006	0.000000e+000	0.000000e+000	-3.288198e-006	5.812509e-005	1.011329e-009	3.102506e-010
1.210000e+001	2.090004e-002	6.141661e-003	8.481728e-004	1.000000e+000	5.667741e-005	4.854315e-006	0.000000e+000	0.000000e+000	-3.292632e-006	5.823910e-005	1.240151e-009	3.621181e-010
1.220000e+001	2.093340e-002	6.151161e-003	8.491129e-004	1.000000e+000	5.679769e-005	4.866184e-006	0.000000e+000	0.000000e+000	-3.297957e-006	5.836592e-005	1.464759e-009	4.278387e-010
1.230000e+001	2.096979e-002	6.161768e-003	8.502091e-004	1.000000e+000	5.690531e-005	4.871750e-006	0.000000e+000	0.000000e+000	-3.303711e-006	5.847335e-005	1.529900e-009	4.883945e-010
1.240000e+001	2.100279e-002	6.171809e-003	8.514112e-004	1.000000e+000	5.696182e-005	4.866352e-006	0.000000e+000	0.000000e+000	-3.308835e-006	5.851934e-005	1.280000e-009	5.104879e-010
1.250000e+001	2.102342e-002	6.178746e-003	8.525835e-004	1.000000e+000	5.693312e-005	4.848753e-006	0.000000e+000	0.000000e+000	-3.311896e-006	5.846997e-005	6.434625e-010	4.581375e-010
1.260000e+001	2.102386e-002	6.180134e-003	8.535212e-004	1.000000e+000	5.681133e-005	4.823379e-006	0.000000e+000	0.000000e+000	-3.311690e-006	5.832302e-005	-2.747026e-010	3.133467e-010
1.270000e+001	2.100151e-002	6.174854e-003	8.540160e-004	1.000000e+000	5.662352e-005	4.798134e-006	0.000000e+000	0.000000e+000	-3.307884e-006	5.811377e-005	-1.214454e-009	9.231357e-011
1.280000e+001	2.096072e-002	6.163786e-003	8.539387e-004	1.000000e+000	5.642003e-005	4.780400e-006	0.000000e+000	0.000000e+000	-3.301251e-006	5.789918e-005	-1.887292e-009	-1.567756e-010
1.290000e+001	2.091125e-002	6.149544e-003	8.532954e-004	1.000000e+000	5.625312e-005	4.774007e-006	0.000000e+000	0.000000e+000	-3.293384e-006	5.773374e-005	-2.105696e-009	-3.724148e-010
1.300000e+001	2.086433e-002	6.135427e-003	8.522298e-004	1.000000e+000	5.615461e-005	4.777483e-006	0.000000e+000	0.000000e+000	-3.286059e-006	5.764603e-005	-1.867860e-009	-5.051742e-010
1.310000e+001	2.082812e-002	6.124078e-003	8.509669e-004	1.000000e+000	5.612352e-005	4.785298e-006	0.000000e+000	0.000000e+000	-3.280503e-006	5.762832e-005	-1.354292e-009	-5.383581e-010
1.320000e+001	2.080516e-002	6.116574e-003	8.497278e-004	1.000000e+000	5.613567e-005	4.792480e-006	0.000000e+000	0.000000e+000	-3.277052e-006	5.765110e-005	-8.021969e-010	-4.903526e-010
1.330000e+001	2.079398e-002	6.112647e-003	8.486662e-004	1.000000e+000	5.616995e-005	4.798871e-006	0.000000e+000	0.000000e+000	-3.275431e-006	5.769339e-005	-3.357817e-010	-3.948759e-010
1.340000e+001	2.079313e-002	6.111800e-003	8.478644e-004	1.000000e+000	5.622850e-005	4.808715e-006	0.000000e+000	0.000000e+000	-3.275430e-006	5.776178e-005	9.946096e-011	-2.741180e-010
1.350000e+001	2.080395e-002	6.114259e-003	8.473788e-004	1.000000e+000	5.633007e-005	4.825334e-006	0.000000e+000	0.000000e+000	-3.277295e-006	5.787811e-005	6.251872e-010	-1.283929e-010
1.360000e+001	2.082900e-002	6.120774e-003	8.472772e-004	1.000000e+000	5.648198e-005	4.846264e-006	0.000000e+000	0.000000e+000	-3.281430e-006	5.804681e-005	1.244321e-009	4.805966e-011
1.370000e+001	2.086801e-002	6.131490e-003	8.476236e-004	1.000000e+000	5.666230e-005	4.864879e-006	0.000000e+000	0.000000e+000	-3.287743e-006	5.823943e-005	1.791658e-009	2.433843e-010
1.380000e+001	2.091603e-002	6.145210e-003	8.484265e-004	1.000000e+000	5.683339e-005	4.876527e-006	0.000000e+000	0.000000e+000	-3.295401e-006	5.841451e-005	2.081513e-009	4.246246e-010
1.390000e+001	2.096581e-002	6.159864e-003	8.496091e-004	1.000000e+000	5.696841e-005	4.881534e-006	0.000000e+000	0.000000e+000	-3.303243e-006	5.854671e-005	2.065000e-009	5.573114e-010
1.400000e+001	2.101141e-002	6.173581e-003	8.510319e-004	1.000000e+000	5.706292e-005	4.883153e-006	0.000000e+000	0.000000e+000	-3.310362e-006	5.863571e-005	1.836500e-009	6.254480e-010
1.410000e+001	2.105019e-002	6.185386e-003	8.525449e-004	1.000000e+000	5.712868e-005	4.884634e-006	0.000000e+000	0.000000e+000	-3.316385e-006	5.869693e-005	1.541063e-009	6.356881e-010
1.420000e+001	2.108260e-002	6.195247e-003	8.540335e-004	1.000000e+000	5.718276e-005	4.887935e-006	0.000000e+000	0.000000e+000	-3.321416e-006	5.874928e-005	1.295423e-009	6.089394e-010
1.430000e+001	2.111084e-002	6.203744e-003	8.554380e-004	1.000000e+000	5.723892e-005	4.893397e-006	0.000000e+000	0.000000e+000	-3.325822e-006	5.880650e-005	1.153478e-009	5.687722e-010
1.440000e+001	2.113720e-002	6.211573e-003	8.567481e-004	1.000000e+000	5.730110e-005	4.899508e-006	0.000000e+000	0.000000e+000	-3.329956e-006	5.887066e-005	1.094882e-009	5.314073e-010
1.450000e+001	2.116239e-002	6.219055e-003	8.579765e-004	1.000000e+000	5.736068e-005	4.903520e-006	0.000000e+000	0.000000e+000	-3.333905e-006	5.893030e-005	1.037769e-009	4.993863e-010
1.460000e+001	2.118495e-002	6.225880e-003	8.591259e-004	1.000000e+000	5.740239e-005	4.903495e-006	0.000000e+000	0.000000e+000	-3.337415e-006	5.896847e-005	8.962424e-010	4.629494e-010
1.470000e+001	2.120226e-002	6.231318e-003	8.601702e-004	1.000000e+000	5.741480e-005	4.899299e-006	0.000000e+000	0.000000e+000	-3.340065e-006	5.897403e-005	6.409079e-010	4.094442e-010
1.480000e+001	2.121080e-002	6.234441e-003	8.610547e-004	1.000000e+000	5.737611e-005	4.884672e-006	0.000000e+000	0.000000e+000	-3.341275e-006	5.891950e-005	1.936983e-010	3.249214e-010
1.490000e+001	2.119482e-002	6.231781e-003	8.616390e-004	1.000000e+000	5.712638e-005	4.812251e-006	0.000000e+000	0.000000e+000	-3.338314e-006	5.860032e-005	-1.291868e-009	1.306036e-010
1.500000e+001	2.108579e-002	6.207244e-003	8.613287e-004	1.000000e+000	5.608441e-005	4.550457e-006	0.000000e+000	0.000000e+000	-3.319502e-006	5.731536e-005	-6.770131e-009	-5.189104e-010
1.510000e+001	2.071211e-002	6.116770e-003	8.581781e-004	1.000000e+000	5.317228e-005	3.938375e-006	0.000000e+000	0.000000e+000	-3.256410e-006	5.385424e-005	-2.089477e-008	-2.416477e-009
1.520000e+001	1.982207e-002	5.889332e-003	8.480336e-004	1.000000e+000	4.742242e-005	2.953112e-006	0.000000e+000	0.000000e+000	-3.108713e-006	4.726682e-005	-4.582582e-008	-6.520551e-009
1.530000e+001	1.821884e-002	5.460912e-003	8.250278e-004	1.000000e+000	3.888103e-005	1.793750e-006	0.000000e+000	0.000000e+000	-2.846711e-006	3.782807e-005	-7.706984e-008	-1.316833e-008
1.540000e+001	1.590846e-002	4.819929e-003	7.838843e-004	1.000000e+000	2.883932e-005	7.602088e-007	0.000000e+000	0.000000e+000	-2.474256e-006	2.712528e-005	-1.048834e-007	-2.149062e-008
1.550000e+001	1.312888e-002	4.024019e-003	7.226761e-004	1.000000e+000	1.914354e-005	6.115328e-008	0.000000e+000	0.000000e+000	-2.031547e-006	1.717315e-005	-1.202875e-007	-2.965987e-008
1.560000e+001	1.024367e-002	3.175472e-003	6.441162e-004	1.000000e+000	1.126091e-005	-2.705079e-007	0.000000e+000	0.000000e+000	-1.576908e-006	9.413493e-006	-1.199466e-007	-3.577450e-008
1.570000e+001	7.592365e-003	2.377788e-003	5.546791e-004	1.000000e+000	5.795474e-006	-3.303201e-007	0.000000e+000	0.000000e+000	-1.163083e-006	4.302071e-006	-1.065554e-007	-3.867877e-008
1.580000e+001	5.391150e-003	1.702536e-003	4.623639e-004	1.000000e+000	2.574330e-006	-2.491872e-007	0.000000e+000	0.000000e+000	-8.224088e-007	1.502734e-006	-8.596691e-008	-3.824709e-008
1.590000e+001	3.712863e-003	1.179056e-003	3.744340e-004	1.000000e+000	1.017229e-006	-1.289949e-007	0.000000e+000	0.000000e+000	-5.646317e-007	3.236022e-007	-6.396531e-008	-3.515623e-008
1.600000e+001	2.522122e-003	8.022912e-004	2.960228e-004	1.000000e+000	4.851218e-007	-2.426268e-008	0.000000e+000	0.000000e+000	-3.829904e-007	7.786875e-008	-4.444821e-008	-3.044082e-008
1.610000e+001	1.727333e-003	5.476895e-004	2.297734e-004	1.000000e+000	4.735747e-007	4.775078e-008	0.000000e+000	0.000000e+000	-2.625077e-007	2.588177e-007	-2.914451e-008	-2.510361e-008
1.620000e+001	1.223666e-003	3.846237e-004	1.762100e-004	1.000000e+000	6.617921e-007	8.965362e-008	0.000000e+000	0.000000e+000	-1.865999e-007	5.648458e-007	-1.819045e-008	-1.989854e-008
1.630000e+001	9.182444e-004	2.848378e-004	1.344216e-004	1.000000e+000	8.819273e-007	1.105875e-007	0.000000e+000	0.000000e+000	-1.408229e-007	8.516919e-007	-1.088910e-008	-1.527712e-008
1.640000e+001	7.397845e-004	2.260816e-004	1.027418e-004	1.000000e+000	1.065397e-006	1.193119e-007	0.000000e+000	0.000000e+000	-1.142183e-007	1.070490e-006	-6.294097e-009	-1.143363e-008
1.650000e+001	6.386644e-004	1.925757e-004	7.926757e-005	1.000000e+000	1.196382e-006	1.219497e-007	0.000000e+000	0.000000e+000	-9.922446e-008	1.219107e-006	-3.535090e-009	-8.386354e-009
1.660000e+001	5.827569e-004	1.739571e-004	6.218304e-005	1.000000e+000	1.281379e-006	1.220480e-007	0.000000e+000	0.000000e+000	-9.098106e-008	1.312446e-006	-1.941228e-009	-6.055260e-009
1.670000e+001	5.524064e-004	1.638125e-004	4.992098e-005	1.000000e+000	1.332932e-006	1.213628e-007	0.000000e+000	0.000000e+000	-8.653305e-008	1.367762e-006	-1.048911e-009	-4.319549e-009
1.680000e+001	5.361194e-004	1.583570e-004	4.121339e-005	1.000000e+000	1.362632e-006	1.206236e-007	0.000000e+000	0.000000e+000	-8.416225e-008	1.399093e-006	-5.615528e-010	-3.053250e-009
1.690000e+001	5.274158e-004	1.554402e-004	3.507931e-005	1.000000e+000	1.379055e-006	1.200574e-007	0.000000e+000	0.000000e+000	-8.290508e-008	1.416207e-006	-3.001597e-010	-2.143462e-009
1.700000e+001	5.227461e-004	1.538776e-004	3.078375e-005	1.000000e+000	1.387837e-006	1.196832e-007	0.000000e+000	0.000000e+000	-8.223653e-008	1.425283e-006	-1.615373e-010	-1.497229e-009
1.710000e+001	5.202056e-004	1.530308e-004	2.778866e-005	1.000000e+000	1.392354e-006	1.194371e-007	0.000000e+000	0.000000e+000	-8.187632e-008	1.429915e-006	-8.857285e-011	-1.042058e-009
1.720000e+001	5.187432e-004	1.525529e-004	2.570656e-005	1.000000e+000	1.393986e-006	1.190754e-007	0.000000e+000	0.000000e+000	-8.166921e-008	1.431392e-006	-5.351564e-011	-7.236913e-010
1.730000e+001	5.175206e-004	1.521972e-004	2.425997e-005	1.000000e+000	1.390754e-006	1.177582e-007	0.000000e+000	0.000000e+000	-8.148477e-008	1.427028e-006	-5.621340e-011	-5.038220e-010
1.740000e+001	5.151836e-004	1.516081e-004	2.324486e-005	1.000000e+000	1.375061e-006	1.138539e-007	0.000000e+000	0.000000e+000	-8.110156e-008	1.407814e-006	-1.275574e-010	-3.590076e-010
1.750000e+001	5.093859e-004	1.501531e-004	2.249717e-005	1.000000e+000	1.335153e-006	1.059168e-007	0.000000e+000	0.000000e+000	-8.013815e-008	1.360932e-006	-3.092994e-010	-2.784531e-010
1.760000e+001	4.973383e-004	1.470152e-004	2.187004e-005	1.000000e+000	1.263198e-006	9.436376e-008	0.000000e+000	0.000000e+000	-7.815473e-008	1.279407e-006	-6.035759e-010	-2.569072e-010
1.770000e+001	4.773142e-004	1.415997e-004	2.123260e-005	1.000000e+000	1.162727e-006	8.141800e-008	0.000000e+000	0.000000e+000	-7.489847e-008	1.169247e-006	-9.466923e-010	-2.848283e-010
1.780000e+001	4.494463e-004	1.338442e-004	2.048569e-005	1.000000e+000	1.043731e-006	6.847527e-008	0.000000e+000	0.000000e+000	-7.041266e-008	1.041794e-006	-1.264687e-009	-3.457601e-010
1.790000e+001	4.147504e-004	1.240220e-004	1.957041e-005	1.000000e+000	9.117801e-007	5.509750e-008	0.000000e+000	0.000000e+000	-6.486339e-008	9.020142e-007	-1.539119e-009	-4.239242e-010
1.800000e+001	3.742502e-004	1.124295e-004	1.845922e-005	1.000000e+000	7.706389e-007	4.185678e-008	0.000000e+000	0.000000e+000	-5.841327e-008	7.540824e-007	-1.766851e-009	-5.084292e-010
1.810000e+001	3.299157e-004	9.956528e-005	1.715104e-005	1.000000e+000	6.334783e-007	3.164141e-008	0.000000e+000	0.000000e+000	-5.139044e-008	6.137292e-007	-1.888999e-009	-5.864865e-010
1.820000e+001	2.854718e-004	8.643211e-005	1.568240e-005	1.000000e+000	5.190106e-007	2.625033e-008	0.000000e+000	0.000000e+000	-4.440217e-008	5.008587e-007	-1.838423e-009	-6.399876e-010
1.830000e+001	2.447753e-004	7.420454e-005	1.412959e-005	1.000000e+000	4.339108e-007	2.364157e-008	0.000000e+000	0.000000e+000	-3.804770e-008	4.195047e-007	-1.644976e-009	-6.562364e-010
1.840000e+001	2.093333e-004	6.348818e-005	1.258006e-005	1.000000e+000	3.670615e-007	2.029300e-008	0.000000e+000	0.000000e+000	-3.252945e-008	3.548251e-007	-1.427209e-009	-6.393453e-010
1.850000e+001	1.780964e-004	5.409427e-005	1.109436e-005	1.000000e+000	3.040975e-007	1.528548e-008	0.000000e+000	0.000000e+000	-2.765573e-008	2.917272e-007	-1.272501e-009	-6.055673e-010
1.860000e+001	1.497312e-004	4.559911e-005	9.695876e-006	1.000000e+000	2.439257e-007	1.105400e-008	0.000000e+000	0.000000e+000	-2.322287e-008	2.317568e-007	-1.157624e-009	-5.671232e-010
1.870000e+001	1.247483e-004	3.803000e-005	8.394977e-006	1.000000e+000	1.991967e-007	1.048140e-008	0.000000e+000	0.000000e+000	-1.933767e-008	1.903405e-007	-9.930476e-010	-5.223752e-010
1.880000e+001	1.052516e-004	3.194462e-005	7.217766e-006	1.000000e+000	1.813909e-007	1.359115e-008	0.000000e+000	0.000000e+000	-1.634495e-008	1.786371e-007	-7.344600e-010	-4.619562e-010
1.890000e+001	9.263519e-005	2.783912e-005	6.206947e-006	1.000000e+000	1.863413e-007	1.717564e-008	0.000000e+000	0.000000e+000	-1.444587e-008	1.890711e-007	-4.448716e-010	-3.836589e-010
1.900000e+001	8.566339e-005	2.551414e-005	5.392765e-006	1.000000e+000	1.952426e-007	1.769841e-008	0.000000e+000	0.000000e+000	-1.341015e-008	1.995309e-007	-2.437788e-010	-3.001580e-010
1.910000e+001	8.088390e-005	2.405148e-005	4.763539e-006	1.000000e+000	1.892600e-007	1.422400e-008	0.000000e+000	0.000000e+000	-1.267244e-008	1.908116e-007	-2.016379e-010	-2.317283e-010
1.920000e+001	7.480676e-005	2.238606e-005	4.264501e-006	1.000000e+000	1.621870e-007	8.537248e-009	0.000000e+000	0.000000e+000	-1.169084e-008	1.590334e-007	-2.898255e-010	-1.921023e-010
1.930000e+001	6.576692e-005	1.990559e-005	3.824723e-006	1.000000e+000	1.209939e-007	3.154326e-009	0.000000e+000	0.000000e+000	-1.022942e-008	1.139188e-007	-4.187080e-010	-1.807810e-010
1.940000e+001	5.421972e-005	1.663193e-005	3.389135e-006	1.000000e+000	7.780822e-008	-4.054780e-010	0.000000e+000	0.000000e+000	-8.384402e-009	6.901834e-008	-5.066233e-010	-1.861794e-010
1.950000e+001	4.181629e-005	1.300284e-005	2.935061e-006	1.000000e+000	4.209881e-008	-1.970844e-009	0.000000e+000	0.000000e+000	-6.426646e-009	3.370132e-008	-5.188595e-010	-1.941521e-010
1.960000e+001	3.027009e-005	9.534598e-006	2.469381e-006	1.000000e+000	1.767435e-008	-2.152657e-009	0.000000e+000	0.000000e+000	-4.623759e-009	1.089793e-008	-4.646277e-010	-1.948074e-010
1.970000e+001	2.068432e-005	6.592383e-006	2.014902e-006	1.000000e+000	3.747625e-009	-1.686695e-009	0.000000e+000	0.000000e+000	-3.140892e-009	-1.079962e-009	-3.737661e-010	-1.846688e-010
1.980000e+001	1.342833e-005	4.325084e-006	1.596283e-006	1.000000e+000	-2.607439e-009	-1.088018e-009	0.000000e+000	0.000000e+000	-2.027523e-009	-5.722980e-009	-2.756818e-010	-1.652521e-010
1.990000e+001	8.335912e-006	2.709862e-006	1.231259e-006	1.000000e+000	-4.489484e-009	-6.006304e-010	0.000000e+000	0.000000e+000	-1.251732e-009	-6.341846e-009	-1.893537e-010	-1.404135e-010
2.000000e+001	4.978879e-006	1.631566e-006	9.278588e-007	1.000000e+000	-4.230723e-009	-2.830475e-010	0.000000e+000	0.000000e+000	-7.436116e-010	-5.257382e-009	-1.225924e-010	-1.141591e-010
2.010000e+001	2.878468e-006	9.496741e-007	6.856318e-007	1.000000e+000	-3.239388e-009	-1.074946e-010	0.000000e+000	0.000000e+000	-4.275789e-010	-3.774462e-009	-7.554884e-011	-8.948484e-011
2.020000e+001	1.620377e-006	5.375522e-007	4.985351e-007	1.000000e+000	-2.207555e-009	-2.471591e-011	0.000000e+000	0.000000e+000	-2.393432e-010	-2.471614e-009	-4.468178e-011	-6.809318e-011
2.030000e+001	8.935811e-007	2.976805e-007	3.578279e-007	1.000000e+000	-1.390460e-009	6.994476e-012	0.000000e+000	0.000000e+000	-1.311927e-010	-1.514658e-009	-2.554439e-011	-5.060041e-011
2.040000e+001	4.858792e-007	1.623019e-007	2.542304e-007	1.000000e+000	-8.260107e-010	1.473352e-011	0.000000e+000	0.000000e+000	-7.085872e-011	-8.821359e-010	-1.421054e-011	-3.690504e-011
2.050000e+001	2.623521e-007	8.773135e-008	1.792128e-007	1.000000e+000	-4.686786e-010	1.327973e-011	0.000000e+000	0.000000e+000	-3.797121e-011	-4.933700e-010	-7.742961e-012	-2.652861e-011
2.060000e+001	1.417765e-007	4.737755e-008	1.255829e-007	1.000000e+000	-2.562309e-010	9.508654e-012	0.000000e+000	0.000000e+000	-2.034286e-011	-2.670651e-010	-4.160303e-012	-1.885929e-011
2.070000e+001	7.732683e-008	2.577374e-008	8.761447e-008	1.000000e+000	-1.358721e-010	6.044017e-012	0.000000e+000	0.000000e+000	-1.098709e-011	-1.408151e-010	-2.220492e-012	-1.329568e-011
2.080000e+001	4.292278e-008	1.424384e-008	6.092896e-008	1.000000e+000	-7.026222e-011	3.556078e-012	0.000000e+000	0.000000e+000	-6.033431e-012	-7.273957e-011	-1.186813e-012	-9.315607e-012
2.090000e+001	2.442503e-008	8.057958e-009	4.227360e-008	1.000000e+000	-3.560380e-011	1.977003e-012	0.000000e+000	0.000000e+000	-3.394778e-012	-3.702158e-011	-6.407470e-013	-6.497637e-012
2.100000e+001	1.431968e-008	4.692365e-009	2.928240e-008	1.000000e+000	-1.776187e-011	1.050622e-012	0.000000e+000	0.000000e+000	-1.968256e-012	-1.867951e-011	-3.524725e-013	-4.517482e-012
2.110000e+001	8.664924e-009	2.819882e-009	2.026055e-008	1.000000e+000	-8.767428e-012	5.372364e-013	0.000000e+000	0.000000e+000	-1.178905e-012	-9.409097e-012	-1.990622e-013	-3.133616e-012
2.120000e+001	5.403929e-009	1.747491e-009	1.400739e-008	1.000000e+000	-4.306801e-012	2.651930e-013	0.000000e+000	0.000000e+000	-7.288333e-013	-4.770442e-012	-1.160175e-013	-2.170224e-012
2.130000e+001	3.460145e-009	1.112916e-009	9.679064e-009	1.000000e+000	-2.120165e-012	1.263730e-013	0.000000e+000	0.000000e+000	-4.634124e-013	-2.457204e-012	-6.990583e-014	-1.501372e-012
2.140000e+001	2.263227e-009	7.248588e-010	6.685818e-009	1.000000e+000	-1.054872e-012	5.790164e-014	0.000000e+000	0.000000e+000	-3.014985e-013	-1.298469e-012	-4.347623e-014	-1.037886e-012
2.150000e+001	1.504496e-009	4.803348e-010	4.617131e-009	1.000000e+000	-5.357035e-013	2.523082e-014	0.000000e+000	0.000000e+000	-1.996432e-013	-7.101159e-013	-2.779218e-014	-7.171238e-013
2.160000e+001	1.011910e-009	3.223418e-010	3.188018e-009	1.000000e+000	-2.805599e-013	1.019105e-014	0.000000e+000	0.000000e+000	-1.339049e-013	-4.042738e-013	-1.816273e-014	-4.953292e-013
2.170000e+001	6.861796e-010	2.182425e-010	2.201017e-009	1.000000e+000	-1.528972e-013	3.565907e-015	0.000000e+000	0.000000e+000	-9.062289e-014	-2.399542e-013	-1.206917e-014	-3.420563e-013
2.180000e+001	4.678800e-010	1.486566e-010	1.519479e-009	1.000000e+000	-8.717337e-014	8.262943e-016	0.000000e+000	0.000000e+000	-6.170580e-014	-1.480529e-013	-8.116626e-015	-2.361771e-013
2.190000e+001	3.201994e-010	1.016653e-010	1.048926e-009	1.000000e+000	-5.201301e-014	-1.880741e-016	0.000000e+000	0.000000e+000	-4.218605e-014	-9.438713e-014	-5.503952e-015	-1.630555e-013
2.200000e+001	2.196548e-010	6.971091e-011	7.240695e-010	1.000000e+000	-3.233166e-014	-4.765018e-016	0.000000e+000	0.000000e+000	-2.891709e-014	-6.172525e-014	-3.753151e-015	-1.125654e-013
2.210000e+001	1.509123e-010	4.788083e-011	4.998096e-010	1.000000e+000	-2.078173e-014	-4.852413e-016	0.000000e+000	0.000000e+000	-1.985518e-014	-4.112215e-014	-2.568689e-015	-7.770601e-014
2.220000e+001	1.037838e-010	3.292220e-011	3.450012e-010	1.000000e+000	-1.369935e-014	-4.045221e-016	0.000000e+000	0.000000e+000	-1.364768e-014	-2.775155e-014	-1.762213e-015	-5.364023e-014
2.230000e+001	7.141657e-011	2.265216e-011	2.381387e-010	1.000000e+000	-9.193631e-015	-3.097855e-016	0.000000e+000	0.000000e+000	-9.387199e-015	-1.889062e-014	-1.210777e-015	-3.702683e-014
2.240000e+001	4.916242e-011	1.559243e-011	1.643741e-010	1.000000e+000	-6.244919e-015	-2.270618e-016	0.000000e+000	0.000000e+000	-6.459452e-015	-1.293143e-014	-8.326937e-016	-2.555845e-014
2.250000e+001	3.385083e-011	1.073572e-011	1.134572e-010	1.000000e+000	-4.275604e-015	-1.623598e-016	0.000000e+000	0.000000e+000	-4.445985e-015	-8.883949e-015	-5.730159e-016	-1.764193e-014
2.260000e+001	2.331137e-011	7.392959e-012	7.831155e-011	1.000000e+000	-2.942064e-015	-1.144098e-016	0.000000e+000	0.000000e+000	-3.060621e-015	-6.117095e-015	-3.944658e-016	-1.217733e-014
2.270000e+001	1.605478e-011	5.091524e-012	5.405243e-011	1.000000e+000	-2.030809e-015	-7.991127e-017	0.000000e+000	0.000000e+000	-2.107139e-015	-4.217859e-015	-2.716135e-016	-8.405300e-015
2.280000e+001	1.105767e-011	3.506734e-012	3.730786e-011	1.000000e+000	-1.404498e-015	-5.551425e-017	0.000000e+000	0.000000e+000	-1.450782e-015	-2.910794e-015	-1.870484e-016	-5.801625e-015
2.290000e+001	7.616162e-012	2.415312e-012	2.575025e-011	1.000000e+000	-9.724688e-016	-3.843773e-017	0.000000e+000	0.000000e+000	-9.989100e-016	-2.009817e-015	-1.288230e-016	-4.004440e-015
2.300000e+001	5.245861e-012	1.663613e-012	1.777290e-011	1.000000e+000	-6.737930e-016	-2.655970e-017	0.000000e+000	0.000000e+000	-6.877958e-016	-1.388148e-015	-8.872679e-017	-2.763946e-015
2.310000e+001	3.613281e-012	1.145873e-012	1.226680e-011	1.000000e+000	-4.670318e-016	-1.832918e-017	0.000000e+000	0.000000e+000	-4.735848e-016	-9.589458e-016	-6.111237e-017	-1.907714e-015
2.320000e+001	2.488795e-012	7.892662e-013	8.466426e-012	1.000000e+000	-3.237861e-016	-1.263944e-017	0.000000e+000	0.000000e+000	-3.260911e-016	-6.625166e-016	-4.209311e-017	-1.316718e-015
2.330000e+001	1.714263e-012	5.436405e-013	5.843393e-012	1.000000e+000	-2.244992e-016	-8.711785e-018	0.000000e+000	0.000000e+000	-2.245337e-016	-4.577447e-016	-2.899326e-017	-9.088002e-016
2.340000e+001	1.180773e-012	3.744557e-013	4.032981e-012	1.000000e+000	-1.556641e-016	-6.002892e-018	0.000000e+000	0.000000e+000	-1.546054e-016	-3.162724e-016	-1.997033e-017	-6.272491e-016
2.350000e+001	8.133079e-013	2.579225e-013	2.783449e-012	1.000000e+000	-1.079349e-016	-4.135580e-018	0.000000e+000	0.000000e+000	-1.064555e-016	-2.185260e-016	-1.375544e-017	-4.329200e-016
2.360000e+001	5.602002e-013	1.776550e-013	1.921041e-012	1.000000e+000	-7.483862e-017	-2.848816e-018	0.000000e+000	0.000000e+000	-7.330122e-017	-1.509887e-016	-9.474670e-018	-2.987936e-016
2.370000e+001	3.858611e-013	1.223673e-013	1.325825e-012	1.000000e+000	-5.188886e-017	-1.962286e-018	0.000000e+000	0.000000e+000	-5.047241e-017	-1.043236e-016	-6.526096e-018	-2.062202e-016
2.380000e+001	2.657774e-013	8.428545e-014	9.150223e-013	1.000000e+000	-3.597524e-017	-1.351577e-018	0.000000e+000	0.000000e+000	-3.475333e-017	-7.208015e-017	-4.495132e-018	-1.423269e-016
2.390000e+001	1.830646e-013	5.805494e-014	6.315002e-013	1.000000e+000	-2.494094e-017	-9.309069e-019	0.000000e+000	0.000000e+000	-2.392976e-017	-4.980160e-017	-3.096213e-018	-9.822886e-017
2.400000e+001	1.260928e-013	3.998757e-014	4.358244e-013	1.000000e+000	-1.729021e-017	-6.411548e-019	0.000000e+000	0.000000e+000	-1.647706e-017	-3.440843e-017	-2.132645e-018	-6.779338e-017
2.410000e+001	8.685105e-014	2.754293e-014	3.007779e-013	1.000000e+000	-1.198577e-017	-4.415835e-019	0.000000e+000	0.000000e+000	-1.134542e-017	-2.377277e-017	-1.468946e-018	-4.678770e-017
2.420000e+001	5.982177e-014	1.897118e-014	2.075756e-013	1.000000e+000	-8.308253e-018	-3.041288e-019	0.000000e+000	0.000000e+000	-7.811973e-018	-1.642435e-017	-1.011794e-018	-3.229032e-017
2.430000e+001	4.120432e-014	1.306707e-014	1.432528e-013	1.000000e+000	-5.758793e-018	-2.094585e-019	0.000000e+000	0.000000e+000	-5.378986e-018	-1.134724e-017	-6.969117e-019	-2.228482e-017
2.440000e+001	2.838085e-014	9.000382e-015	9.886131e-014	1.000000e+000	-3.991457e-018	-1.442561e-019	0.000000e+000	0.000000e+000	-3.703732e-018	-7.839444e-018	-4.800236e-019	-1.537950e-017
2.450000e+001	1.954823e-014	6.199305e-015	6.822536e-014	1.000000e+000	-2.766367e-018	-9.934980e-020	0.000000e+000	0.000000e+000	-2.550222e-018	-5.415939e-018	-3.306334e-019	-1.061382e-017
2.460000e+001	1.346445e-014	4.269966e-015	4.708273e-014	1.000000e+000	-1.917198e-018	-6.842207e-020	0.000000e+000	0.000000e+000	-1.755965e-018	-3.741585e-018	-2.277352e-019	-7.324824e-018
2.470000e+001	9.274041e-015	2.941067e-015	3.249180e-014	1.000000e+000	-1.328627e-018	-4.712183e-020	0.000000e+000	0.000000e+000	-1.209075e-018	-2.584824e-018	-1.568602e-019	-5.054976e-018
2.480000e+001	6.387762e-015	2.025745e-015	2.242241e-014	1.000000e+000	-9.207003e-019	-3.245224e-020	0.000000e+000	0.000000e+000	-8.325112e-019	-1.785664e-018	-1.080425e-019	-3.488489e-018
2.490000e+001	4.399746e-015	1.395288e-015	1.547345e-014	1.000000e+000	-6.379889e-019	-2.234931e-020	0.000000e+000	0.000000e+000	-5.732265e-019	-1.233565e-018	-7.441760e-020	-2.407421e-018
2.500000e+001	3.030441e-015	9.610418e-016	1.067797e-014	1.000000e+000	-4.420665e-019	-1.539147e-020	0.000000e+000	0.000000e+000	-3.946953e-019	-8.521533e-019	-5.125734e-020	-1.661357e-018
2.510000e+001	2.087292e-015	6.619419e-016	7.368624e-015	1.000000e+000	-3.062966e-019	-1.059969e-020	0.000000e+000	0.000000e+000	-2.717672e-019	-5.886635e-019	-3.530495e-020	-1.146490e-018
2.520000e+001	1.437673e-015	4.559285e-016	5.084879e-015	1.000000e+000	-2.122155e-019	-7.299664e-021	0.000000e+000	0.000000e+000	-1.871248e-019	-4.066400e-019	-2.431725e-020	-7.911779e-019
2.530000e+001	9.902297e-016	3.140313e-016	3.508903e-015	1.000000e+000	-1.470255e-019	-5.027007e-021	0.000000e+000	0.000000e+000	-1.288443e-019	-2.808968e-019	-1.674914e-020	-5.459770e-019
2.540000e+001	6.820421e-016	2.162959e-016	2.421356e-015	1.000000e+000	-1.018565e-019	-3.461887e-021	0.000000e+000	0.000000e+000	-8.871533e-020	-1.940337e-019	-1.153639e-020	-3.767654e-019
2.550000e+001	4.697704e-016	1.489783e-016	1.670869e-015	1.000000e+000	-7.056121e-020	-2.384038e-021	0.000000e+000	0.000000e+000	-6.108456e-020	-1.340298e-019	-7.945964e-021	-2.599945e-019
2.560000e+001	3.235634e-016	1.026117e-016	1.152982e-015	1.000000e+000	-4.887926e-020	-1.641762e-021	0.000000e+000	0.000000e+000	-4.205946e-020	-9.258048e-020	-5.472962e-021	-1.794129e-019
2.570000e+001	2.228601e-016	7.067567e-017	7.956085e-016	1.000000e+000	-3.385827e-020	-1.130588e-021	0.000000e+000	0.000000e+000	-2.895978e-020	-6.394864e-020	-3.769620e-021	-1.238055e-019
2.580000e+001	1.534987e-016	4.867908e-017	5.490006e-016	1.000000e+000	-2.345236e-020	-7.785655e-022	0.000000e+000	0.000000e+000	-1.994006e-020	-4.417098e-020	-2.596402e-021	-8.543236e-020
2.590000e+001	1.057246e-016	3.352850e-017	3.788286e-016	1.000000e+000	-1.624391e-020	-5.361458e-022	0.000000e+000	0.000000e+000	-1.372957e-020	-3.050962e-020	-1.788322e-021	-5.895241e-020
2.600000e+001	7.281939e-017	2.309325e-017	2.614023e-016	1.000000e+000	-1.125062e-020	-3.692050e-022	0.000000e+000	0.000000e+000	-9.453373e-021	-2.107320e-020	-1.231739e-021	-4.067965e-020
2.610000e+001	5.015533e-017	1.590579e-017	1.803734e-016	1.000000e+000	-7.791930e-021	-2.542431e-022	0.000000e+000	0.000000e+000	-6.509028e-021	-1.455520e-020	-8.483807e-022	-2.807046e-020
2.620000e+001	3.454510e-017	1.095531e-017	1.244607e-016	1.000000e+000	-5.396302e-021	-1.750764e-022	0.000000e+000	0.000000e+000	-4.481723e-021	-1.005310e-020	-5.843354e-022	-1.936950e-020
2.630000e+001	2.379332e-017	7.545596e-018	8.587937e-017	1.000000e+000	-3.737062e-021	-1.205599e-022	0.000000e+000	0.000000e+000	-3.085839e-021	-6.943461e-021	-4.024695e-022	-1.336546e-020
2.640000e+001	1.638789e-017	5.197106e-018	5.925732e-017	1.000000e+000	-2.587900e-021	-8.301858e-023	0.000000e+000	0.000000e+000	-2.124716e-021	-4.795635e-021	-2.772062e-022	-9.222443e-021
2.650000e+001	1.128730e-017	3.579554e-018	4.088762e-017	1.000000e+000	-1.792041e-021	-5.716689e-023	0.000000e+000	0.000000e+000	-1.462945e-021	-3.312153e-021	-1.909291e-022	-6.363627e-021
2.660000e+001	7.774216e-018	2.465446e-018	2.821229e-017	1.000000e+000	-1.240886e-021	-3.936504e-023	0.000000e+000	0.000000e+000	-1.007290e-021	-2.287541e-021	-1.315045e-022	-4.390966e-021
2.670000e+001	5.354542e-018	1.698093e-018	1.946622e-017	1.000000e+000	-8.592101e-022	-2.710652e-023	0.000000e+000	0.000000e+000	-6.935546e-022	-1.579871e-021	-9.057505e-023	-3.029788e-021
2.680000e+001	3.687970e-018	1.169571e-018	1.343141e-017	1.000000e+000	-5.949095e-022	-1.866525e-023	0.000000e+000	0.000000e+000	-4.775360e-022	-1.091111e-021	-6.238435e-023	-2.090552e-021
2.690000e+001	2.540105e-018	8.055473e-019	9.267412e-018	1.000000e+000	-4.118949e-022	-1.285260e-023	0.000000e+000	0.000000e+000	-3.287994e-022	-7.535469e-022	-4.296769e-023	-1.442469e-021
2.700000e+001	1.749505e-018	5.548234e-019	6.394285e-018	1.000000e+000	-2.851716e-022	-8.850035e-024	0.000000e+000	0.000000e+000	-2.263890e-022	-5.204106e-022	-2.959427e-023	-9.952878e-022
2.710000e+001	1.204975e-018	3.821358e-019	4.411866e-018	1.000000e+000	-1.974288e-022	-6.093910e-024	0.000000e+000	0.000000e+000	-1.558760e-022	-3.593987e-022	-2.038321e-023	-6.867326e-022
2.720000e+001	8.299277e-019	2.631965e-019	3.044034e-018	1.000000e+000	-1.366782e-022	-4.196082e-024	0.000000e+000	0.000000e+000	-1.073254e-022	-2.481997e-022	-1.403902e-023	-4.738309e-022
2.730000e+001	5.716125e-019	1.812766e-019	2.100262e-018	1.000000e+000	-9.461784e-023	-2.889276e-024	0.000000e+000	0.000000e+000	-7.389671e-023	-1.714038e-022	-9.669418e-024	-3.269308e-022
2.740000e+001	3.936973e-019	1.248540e-019	1.449086e-018	1.000000e+000	-6.549855e-023	-1.989440e-024	0.000000e+000	0.000000e+000	-5.088002e-023	-1.183680e-022	-6.659830e-024	-2.255720e-022
2.750000e+001	2.711580e-019	8.599293e-020	9.997970e-019	1.000000e+000	-4.533937e-023	-1.369840e-024	0.000000e+000	0.000000e+000	-3.503232e-023	-8.174153e-023	-4.586962e-024	-1.556364e-022
2.760000e+001	1.867591e-019	5.922734e-020	6.898050e-019	1.000000e+000	-3.138373e-023	-9.432047e-025	0.000000e+000	0.000000e+000	-2.412070e-023	-5.644764e-023	-3.159269e-024	-1.073827e-022
2.770000e+001	1.286294e-019	4.079256e-020	4.759241e-019	1.000000e+000	-2.172297e-023	-6.494399e-025	0.000000e+000	0.000000e+000	-1.660774e-023	-3.898014e-023	-2.175941e-024	-7.408903e-023
2.780000e+001	8.859278e-020	2.809565e-020	3.283568e-019	1.000000e+000	-1.503555e-023	-4.471663e-025	0.000000e+000	0.000000e+000	-1.143485e-023	-2.691757e-023	-1.498674e-024	-5.111761e-023
2.790000e+001	6.101766e-020	1.935069e-020	2.265433e-019	1.000000e+000	-1.040652e-023	-3.078904e-025	0.000000e+000	0.000000e+000	-7.873174e-024	-1.858758e-023	-1.032206e-024	-3.526826e-023
2.800000e+001	4.202542e-020	1.332763e-020	1.562980e-019	1.000000e+000	-7.202402e-024	-2.119924e-025	0.000000e+000	0.000000e+000	-5.420866e-024	-1.283526e-023	-7.109269e-025	-2.433293e-023
2.810000e+001	2.894462e-020	9.179289e-021	1.078332e-019	1.000000e+000	-4.984659e-024	-1.459625e-025	0.000000e+000	0.000000e+000	-3.732390e-024	-8.863012e-024	-4.896466e-025	-1.678811e-023
2.820000e+001	1.993531e-020	6.322143e-021	7.439580e-020	1.000000e+000	-3.449688e-024	-1.004985e-025	0.000000e+000	0.000000e+000	-2.569833e-024	-6.120019e-024	-3.372406e-025	-1.158260e-023
2.830000e+001	1.373022e-020	4.354305e-021	5.132647e-020	1.000000e+000	-2.387320e-024	-6.919504e-026	0.000000e+000	0.000000e+000	-1.769384e-024	-4.225899e-024	-2.322717e-025	-7.991109e-024
2.840000e+001	9.456516e-021	2.998974e-021	3.541045e-020	1.000000e+000	-1.652068e-024	-4.764171e-026	0.000000e+000	0.000000e+000	-1.218257e-024	-2.917967e-024	-1.599750e-025	-5.513218e-024
2.850000e+001	6.513047e-021	2.065504e-021	2.442972e-020	1.000000e+000	-1.143226e-024	-3.280173e-026	0.000000e+000	0.000000e+000	-8.387934e-025	-2.014821e-024	-1.101811e-025	-3.803647e-024
2.860000e+001	4.485765e-021	1.422586e-021	1.685398e-020	1.000000e+000	-7.910846e-025	-2.258413e-026	0.000000e+000	0.000000e+000	-5.775248e-025	-1.391194e-024	-7.588597e-026	-2.624171e-024
2.870000e+001	3.089500e-021	9.797838e-022	1.162742e-020	1.000000e+000	-5.473950e-025	-1.554916e-026	0.000000e+000	0.000000e+000	-3.976360e-025	-9.605802e-025	-5.226550e-026	-1.810428e-024
2.880000e+001	2.127841e-021	6.748098e-022	8.021610e-021	1.000000e+000	-3.787615e-025	-1.070552e-026	0.000000e+000	0.000000e+000	-2.737791e-025	-6.632462e-025	-3.599715e-026	-1.249014e-024
2.890000e+001	1.465512e-021	4.647633e-022	5.533968e-021	1.000000e+000	-2.620705e-025	-7.370643e-027	0.000000e+000	0.000000e+000	-1.885013e-025	-4.579424e-025	-2.479250e-026	-8.616885e-025
2.900000e+001	1.009344e-021	3.200969e-022	3.817762e-021	1.000000e+000	-1.813251e-025	-5.074582e-027	0.000000e+000	0.000000e+000	-1.297860e-025	-3.161856e-025	-1.707544e-026	-5.944706e-025
2.910000e+001	6.951651e-022	2.204604e-022	2.633772e-021	1.000000e+000	-1.254541e-025	-3.493754e-027	0.000000e+000	0.000000e+000	-8.935952e-026	-2.183074e-025	-1.176042e-026	-4.101167e-025
2.920000e+001	4.787802e-022	1.518375e-022	1.816957e-021	1.000000e+000	-8.679604e-026	-2.405368e-027	0.000000e+000	0.000000e+000	-6.152523e-026	-1.507266e-025	-8.099776e-027	-2.829318e-025
2.930000e+001	3.297492e-022	1.045747e-022	1.253453e-021	1.000000e+000	-6.004855e-026	-1.656028e-027	0.000000e+000	0.000000e+000	-4.236090e-026	-1.040655e-025	-5.578565e-027	-1.951879e-025
2.940000e+001	2.271070e-022	7.202341e-023	8.647065e-022	1.000000e+000	-4.154255e-026	-1.140121e-027	0.000000e+000	0.000000e+000	-2.916598e-026	-7.184865e-026	-3.842124e-027	-1.346546e-025
2.950000e+001	1.564144e-022	4.960438e-023	5.965221e-022	1.000000e+000	-2.873900e-026	-7.849313e-028	0.000000e+000	0.000000e+000	-2.008110e-026	-4.960503e-026	-2.646181e-027	-9.289381e-026
2.960000e+001	1.077264e-022	3.416376e-023	4.115110e-022	1.000000e+000	-1.988101e-026	-5.403925e-028	0.000000e+000	0.000000e+000	-1.382604e-026	-3.424744e-026	-1.822498e-027	-6.408396e-026
2.970000e+001	7.419372e-023	2.352939e-023	2.838792e-022	1.000000e+000	-1.375287e-026	-3.720353e-028	0.000000e+000	0.000000e+000	-9.519356e-027	-2.364427e-026	-1.255202e-027	-4.420884e-026
2.980000e+001	5.109887e-023	1.620522e-023	1.958316e-022	1.000000e+000	-9.513425e-027	-2.561275e-028	0.000000e+000	0.000000e+000	-6.554157e-027	-1.632371e-026	-8.644899e-028	-3.049762e-026
2.990000e+001	3.519288e-023	1.116088e-023	1.350919e-022	1.000000e+000	-6.580650e-027	-1.763296e-028	0.000000e+000	0.000000e+000	-4.512587e-027	-1.126957e-026	-5.953952e-028	-2.103875e-026
3.000000e+001	2.423805e-023	7.686729e-024	9.319080e-023	1.000000e+000	-4.551865e-027	-1.213924e-028	0.000000e+000	0.000000e+000	-3.106947e-027	-7.780204e-027	-4.100626e-028	-1.451347e-026
3.010000e+001	1.669321e-023	5.293999e-024	6.428564e-023	1.000000e+000	-3.148463e-027	-8.357089e-029	0.000000e+000	0.000000e+000	-2.139151e-027	-5.371186e-027	-2.824192e-028	-1.001197e-026
3.020000e+001	1.149691e-023	3.646074e-024	4.434576e-023	1.000000e+000	-2.177693e-027	-5.753282e-029	0.000000e+000	0.000000e+000	-1.472817e-027	-3.708043e-027	-1.945081e-028	-6.906613e-027
3.030000e+001	7.918121e-024	2.511114e-024	3.059056e-023	1.000000e+000	-1.506204e-027	-3.960714e-029	0.000000e+000	0.000000e+000	-1.014041e-027	-2.559852e-027	-1.339616e-028	-4.764397e-027
3.040000e+001	5.453336e-024	1.729445e-024	2.110183e-023	1.000000e+000	-1.041741e-027	-2.726644e-029	0.000000e+000	0.000000e+000	-6.981706e-028	-1.767178e-027	-9.226191e-029	-3.286608e-027
3.050000e+001	3.755794e-024	1.191095e-024	1.455627e-023	1.000000e+000	-7.204855e-028	-1.877071e-029	0.000000e+000	0.000000e+000	-4.806923e-028	-1.219949e-027	-6.354244e-029	-2.267176e-027
3.060000e+001	2.586668e-024	8.203239e-025	1.004101e-023	1.000000e+000	-4.982873e-028	-1.292201e-029	0.000000e+000	0.000000e+000	-3.309575e-028	-8.421669e-028	-4.376275e-029	-1.563939e-027
3.070000e+001	1.781471e-024	5.649678e-025	6.926307e-024	1.000000e+000	-3.446067e-028	-8.895629e-030	0.000000e+000	0.000000e+000	-2.278646e-028	-5.813670e-028	-3.014010e-029	-1.078826e-027
3.080000e+001	1.226920e-024	3.891001e-025	4.777751e-024	1.000000e+000	-2.383182e-028	-6.123793e-030	0.000000e+000	0.000000e+000	-1.568848e-028	-4.013268e-028	-2.075793e-029	-7.441842e-028
3.090000e+001	8.449931e-025	2.679775e-025	3.295662e-024	1.000000e+000	-1.648087e-028	-4.215620e-030	0.000000e+000	0.000000e+000	-1.080151e-028	-2.770395e-028	-1.429627e-029	-5.133420e-028
3.100000e+001	5.819549e-025	1.845588e-025	2.273312e-024	1.000000e+000	-1.139706e-028	-2.902015e-030	0.000000e+000	0.000000e+000	-7.436825e-029	-1.912409e-028	-9.846026e-030	-3.541037e-028
3.110000e+001	4.007974e-025	1.271073e-025	1.568097e-024	1.000000e+000	-7.881254e-029	-1.997723e-030	0.000000e+000	0.000000e+000	-5.120238e-029	-1.320126e-028	-6.781073e-030	-2.442594e-028
3.120000e+001	2.760322e-025	8.753977e-026	1.081643e-024	1.000000e+000	-5.449888e-029	-1.375206e-030	0.000000e+000	0.000000e+000	-3.525268e-029	-9.112677e-029	-4.670197e-030	-1.684883e-028
3.130000e+001	1.901052e-025	6.028923e-026	7.460924e-025	1.000000e+000	-3.768512e-029	-9.466681e-031	0.000000e+000	0.000000e+000	-2.427134e-029	-6.290312e-029	-3.216409e-030	-1.162212e-028
3.140000e+001	1.309265e-025	4.152154e-026	5.146341e-025	1.000000e+000	-2.605807e-029	-6.516657e-031	0.000000e+000	0.000000e+000	-1.671070e-029	-4.342043e-029	-2.215169e-030	-8.016747e-029
3.150000e+001	9.016968e-026	2.859608e-026	3.549783e-025	1.000000e+000	-1.801792e-029	-4.485897e-031	0.000000e+000	0.000000e+000	-1.150523e-029	-2.997174e-029	-1.525603e-030	-5.529788e-029
3.160000e+001	6.210017e-026	1.969423e-026	2.448514e-025	1.000000e+000	-1.245826e-029	-3.087955e-031	0.000000e+000	0.000000e+000	-7.921277e-030	-2.068833e-029	-1.050693e-030	-3.814311e-029
3.170000e+001	4.276854e-026	1.356347e-026	1.688887e-025	1.000000e+000	-8.613911e-030	-2.125640e-031	0.000000e+000	0.000000e+000	-5.453743e-030	-1.428022e-029	-7.236178e-031	-2.631002e-029
3.180000e+001	2.945476e-026	9.341183e-027	1.164920e-025	1.000000e+000	-5.955714e-030	-1.463207e-031	0.000000e+000	0.000000e+000	-3.754859e-030	-9.856894e-030	-4.983588e-031	-1.814779e-029
3.190000e+001	2.028550e-026	6.433279e-027	8.035061e-026	1.000000e+000	-4.117729e-030	-1.007208e-031	0.000000e+000	0.000000e+000	-2.585188e-030	-6.803638e-030	-3.432214e-031	-1.251767e-029
3.200000e+001	1.397061e-026	4.430597e-027	5.542167e-026	1.000000e+000	-2.846900e-030	-6.933139e-032	0.000000e+000	0.000000e+000	-1.779878e-030	-4.696109e-030	-2.363774e-031	-8.634175e-030
