TIME          	MC CONC       	STS CONC      	HTS CONC      	SED CONC      	ADV dm/dt     	DISP dm/dt    	DECAY dm/dt   	SORPTION dm/dt	STORAGE dm/dt 	MC dm/dt      	STS dm/dt     	HTS dm/dt     
(hr)          	mg/L          	mg/L          	mg/L          	mg/L          	(mg/L)·(m²/s)  	(mg/L)·(m²/s)  	(mg/L)·(m²/s)  	(mg/L)·(m²/s)  	(mg/L)·(m²/s)  	(mg/L)·(m²/s)  	(mg/L)·(m²/s)  	(mg/L)·(m²/s)  
0.000000e+000	6.304342e-004	1.853100e-004	6.304342e-004	0.000000e+000	1.645927e-006	1.359848e-007	0.000000e+000	0.000000e+000	-9.543464e-008	1.686478e-006	-2.181110e-023	6.944532e-025
1.000000e-001	6.304342e-004	1.853100e-004	6.304342e-004	1.000000e+000	1.645927e-006	1.359848e-007	0.000000e+000	0.000000e+000	-9.543464e-008	1.686478e-006	0.000000e+000	1.388906e-024
2.000000e-001	6.304342e-004	1.853100e-004	6.304342e-004	1.000000e+000	1.645927e-006	1.359848e-007	0.000000e+000	0.000000e+000	-9.543464e-008	1.686478e-006	0.000000e+000	1.388906e-024
3.000000e-001	6.304342e-004	1.853100e-004	6.304342e-004	1.000000e+000	1.645927e-006	1.359848e-007	0.000000e+000	0.000000e+000	-9.543464e-008	1.686478e-006	1.221422e-021	6.111188e-023
4.000000e-001	6.304342e-004	1.853100e-004	6.304342e-004	1.000000e+000	1.645927e-006	1.359848e-007	0.000000e+000	0.000000e+000	-9.543464e-008	1.686478e-006	2.806347e-018	1.475637e-019
5.000000e-001	6.304342e-004	1.853100e-004	6.304342e-004	1.000000e+000	1.645928e-006	1.359849e-007	0.000000e+000	0.000000e+000	-9.543464e-008	1.686478e-006	5.718828e-016	3.539918e-017
6.000000e-001	6.304345e-004	1.853100e-004	6.304342e-004	1.000000e+000	1.645932e-006	1.359866e-007	0.000000e+000	0.000000e+000	-9.543469e-008	1.686484e-006	2.401762e-014	1.772658e-015
7.000000e-001	6.304391e-004	1.853109e-004	6.304342e-004	1.000000e+000	1.645991e-006	1.360067e-007	0.000000e+000	0.000000e+000	-9.543551e-008	1.686562e-006	3.497016e-013	3.112711e-014
8.000000e-001	6.304755e-004	1.853188e-004	6.304345e-004	1.000000e+000	1.646375e-006	1.361165e-007	0.000000e+000	0.000000e+000	-9.544186e-008	1.687049e-006	2.418431e-012	2.624561e-013
9.000000e-001	6.306392e-004	1.853569e-004	6.304361e-004	1.000000e+000	1.647806e-006	1.364568e-007	0.000000e+000	0.000000e+000	-9.546982e-008	1.688793e-006	9.721538e-012	1.300768e-012
1.000000e+000	6.311204e-004	1.854760e-004	6.304423e-004	1.000000e+000	1.651293e-006	1.371360e-007	0.000000e+000	0.000000e+000	-9.555050e-008	1.692879e-006	2.601139e-011	4.343477e-012
1.100000e+000	6.321386e-004	1.857412e-004	6.304595e-004	1.000000e+000	1.657386e-006	1.380885e-007	0.000000e+000	0.000000e+000	-9.571836e-008	1.699756e-006	5.090962e-011	1.075483e-011
1.200000e+000	6.338023e-004	1.861931e-004	6.304968e-004	1.000000e+000	1.665545e-006	1.390799e-007	0.000000e+000	0.000000e+000	-9.598860e-008	1.708637e-006	7.799291e-011	2.117261e-011
1.300000e+000	6.360146e-004	1.868155e-004	6.305632e-004	1.000000e+000	1.674327e-006	1.398653e-007	0.000000e+000	0.000000e+000	-9.634321e-008	1.717849e-006	9.830925e-011	3.491777e-011
1.400000e+000	6.385053e-004	1.875373e-004	6.306645e-004	1.000000e+000	1.682181e-006	1.403296e-007	0.000000e+000	0.000000e+000	-9.673777e-008	1.725773e-006	1.058660e-010	5.022165e-011
1.500000e+000	6.409534e-004	1.882645e-004	6.308022e-004	1.000000e+000	1.688147e-006	1.405038e-007	0.000000e+000	0.000000e+000	-9.712151e-008	1.731529e-006	1.002655e-010	6.502039e-011
1.600000e+000	6.431056e-004	1.889174e-004	6.309729e-004	1.000000e+000	1.692032e-006	1.404948e-007	0.000000e+000	0.000000e+000	-9.745566e-008	1.735071e-006	8.546080e-011	7.771273e-011
1.700000e+000	6.448318e-004	1.894504e-004	6.311704e-004	1.000000e+000	1.694189e-006	1.404093e-007	0.000000e+000	0.000000e+000	-9.772127e-008	1.736877e-006	6.680265e-011	8.750370e-011
1.800000e+000	6.461161e-004	1.898528e-004	6.313877e-004	1.000000e+000	1.695175e-006	1.403170e-007	0.000000e+000	0.000000e+000	-9.791720e-008	1.737575e-006	4.867579e-011	9.433820e-011
1.900000e+000	6.470164e-004	1.901381e-004	6.316182e-004	1.000000e+000	1.695501e-006	1.402484e-007	0.000000e+000	0.000000e+000	-9.805333e-008	1.737696e-006	3.357145e-011	9.862833e-011
2.000000e+000	6.476202e-004	1.903311e-004	6.318565e-004	1.000000e+000	1.695528e-006	1.402086e-007	0.000000e+000	0.000000e+000	-9.814375e-008	1.737593e-006	2.227094e-011	1.009697e-010
2.100000e+000	6.480146e-004	1.904577e-004	6.320986e-004	1.000000e+000	1.695467e-006	1.401914e-007	0.000000e+000	0.000000e+000	-9.820214e-008	1.737456e-006	1.448168e-011	1.019453e-010
2.200000e+000	6.482711e-004	1.905400e-004	6.323419e-004	1.000000e+000	1.695416e-006	1.401885e-007	0.000000e+000	0.000000e+000	-9.823958e-008	1.737365e-006	9.450877e-012	1.020298e-010
2.300000e+000	6.484417e-004	1.905944e-004	6.325847e-004	1.000000e+000	1.695407e-006	1.401932e-007	0.000000e+000	0.000000e+000	-9.826403e-008	1.737337e-006	6.368314e-012	1.015675e-010
2.400000e+000	6.485612e-004	1.906320e-004	6.328259e-004	1.000000e+000	1.695442e-006	1.402014e-007	0.000000e+000	0.000000e+000	-9.828081e-008	1.737363e-006	4.558056e-012	1.007877e-010
2.500000e+000	6.486514e-004	1.906599e-004	6.330651e-004	1.000000e+000	1.695512e-006	1.402107e-007	0.000000e+000	0.000000e+000	-9.829321e-008	1.737429e-006	3.529316e-012	9.983342e-011
2.600000e+000	6.487252e-004	1.906824e-004	6.333019e-004	1.000000e+000	1.695603e-006	1.402202e-007	0.000000e+000	0.000000e+000	-9.830317e-008	1.737520e-006	2.957372e-012	9.878946e-011
2.700000e+000	6.487899e-004	1.907018e-004	6.335361e-004	1.000000e+000	1.695709e-006	1.402295e-007	0.000000e+000	0.000000e+000	-9.831179e-008	1.737626e-006	2.641651e-012	9.770379e-011
2.800000e+000	6.488496e-004	1.907196e-004	6.337677e-004	1.000000e+000	1.695821e-006	1.402385e-007	0.000000e+000	0.000000e+000	-9.831968e-008	1.737740e-006	2.464766e-012	9.660256e-011
2.900000e+000	6.489064e-004	1.907365e-004	6.339967e-004	1.000000e+000	1.695938e-006	1.402472e-007	0.000000e+000	0.000000e+000	-9.832714e-008	1.737858e-006	2.360957e-012	9.549959e-011
3.000000e+000	6.489614e-004	1.907527e-004	6.342231e-004	1.000000e+000	1.696055e-006	1.402556e-007	0.000000e+000	0.000000e+000	-9.833435e-008	1.737976e-006	2.294710e-012	9.440191e-011
3.100000e+000	6.490152e-004	1.907686e-004	6.344469e-004	1.000000e+000	1.696172e-006	1.402639e-007	0.000000e+000	0.000000e+000	-9.834138e-008	1.738094e-006	2.247428e-012	9.331302e-011
3.200000e+000	6.490680e-004	1.907842e-004	6.346680e-004	1.000000e+000	1.696288e-006	1.402720e-007	0.000000e+000	0.000000e+000	-9.834829e-008	1.738212e-006	2.209629e-012	9.223456e-011
3.300000e+000	6.491200e-004	1.907995e-004	6.348867e-004	1.000000e+000	1.696403e-006	1.402800e-007	0.000000e+000	0.000000e+000	-9.835508e-008	1.738328e-006	2.176589e-012	9.116728e-011
3.400000e+000	6.491712e-004	1.908146e-004	6.351028e-004	1.000000e+000	1.696516e-006	1.402879e-007	0.000000e+000	0.000000e+000	-9.836178e-008	1.738443e-006	2.146000e-012	9.011145e-011
3.500000e+000	6.492218e-004	1.908295e-004	6.353163e-004	1.000000e+000	1.696629e-006	1.402957e-007	0.000000e+000	0.000000e+000	-9.836837e-008	1.738556e-006	2.116755e-012	8.906715e-011
3.600000e+000	6.492717e-004	1.908442e-004	6.355275e-004	1.000000e+000	1.696739e-006	1.403033e-007	0.000000e+000	0.000000e+000	-9.837488e-008	1.738668e-006	2.088327e-012	8.803434e-011
3.700000e+000	6.493209e-004	1.908587e-004	6.357361e-004	1.000000e+000	1.696848e-006	1.403108e-007	0.000000e+000	0.000000e+000	-9.838130e-008	1.738778e-006	2.060471e-012	8.701296e-011
3.800000e+000	6.493694e-004	1.908730e-004	6.359424e-004	1.000000e+000	1.696956e-006	1.403183e-007	0.000000e+000	0.000000e+000	-9.838763e-008	1.738887e-006	2.033070e-012	8.600288e-011
3.900000e+000	6.494173e-004	1.908871e-004	6.361462e-004	1.000000e+000	1.697062e-006	1.403256e-007	0.000000e+000	0.000000e+000	-9.839388e-008	1.738994e-006	2.006070e-012	8.500402e-011
4.000000e+000	6.494646e-004	1.909010e-004	6.363477e-004	1.000000e+000	1.697167e-006	1.403328e-007	0.000000e+000	0.000000e+000	-9.840004e-008	1.739100e-006	1.979444e-012	8.401625e-011
4.100000e+000	6.495112e-004	1.909148e-004	6.365468e-004	1.000000e+000	1.697270e-006	1.403399e-007	0.000000e+000	0.000000e+000	-9.840611e-008	1.739204e-006	1.953176e-012	8.303947e-011
4.200000e+000	6.495572e-004	1.909284e-004	6.367436e-004	1.000000e+000	1.697372e-006	1.403470e-007	0.000000e+000	0.000000e+000	-9.841210e-008	1.739307e-006	1.927257e-012	8.207355e-011
4.300000e+000	6.496026e-004	1.909417e-004	6.369382e-004	1.000000e+000	1.697473e-006	1.403539e-007	0.000000e+000	0.000000e+000	-9.841802e-008	1.739408e-006	1.901682e-012	8.111839e-011
4.400000e+000	6.496474e-004	1.909549e-004	6.371304e-004	1.000000e+000	1.697572e-006	1.403607e-007	0.000000e+000	0.000000e+000	-9.842385e-008	1.739509e-006	1.876445e-012	8.017388e-011
4.500000e+000	6.496917e-004	1.909680e-004	6.373205e-004	1.000000e+000	1.697669e-006	1.403674e-007	0.000000e+000	0.000000e+000	-9.842960e-008	1.739607e-006	1.851541e-012	7.923989e-011
4.600000e+000	6.497353e-004	1.909808e-004	6.375083e-004	1.000000e+000	1.697766e-006	1.403741e-007	0.000000e+000	0.000000e+000	-9.843527e-008	1.739705e-006	1.826966e-012	7.831634e-011
4.700000e+000	6.497783e-004	1.909935e-004	6.376939e-004	1.000000e+000	1.697861e-006	1.403806e-007	0.000000e+000	0.000000e+000	-9.844087e-008	1.739801e-006	1.802715e-012	7.740309e-011
4.800000e+000	6.498208e-004	1.910060e-004	6.378774e-004	1.000000e+000	1.697955e-006	1.403871e-007	0.000000e+000	0.000000e+000	-9.844639e-008	1.739896e-006	1.778784e-012	7.650006e-011
4.900000e+000	6.498627e-004	1.910184e-004	6.380587e-004	1.000000e+000	1.698048e-006	1.403935e-007	0.000000e+000	0.000000e+000	-9.845183e-008	1.739989e-006	1.755168e-012	7.560713e-011
5.000000e+000	6.499041e-004	1.910306e-004	6.382379e-004	1.000000e+000	1.698139e-006	1.403997e-007	0.000000e+000	0.000000e+000	-9.845720e-008	1.740081e-006	1.731865e-012	7.472419e-011
5.100000e+000	6.499449e-004	1.910426e-004	6.384150e-004	1.000000e+000	1.698229e-006	1.404059e-007	0.000000e+000	0.000000e+000	-9.846250e-008	1.740172e-006	1.708866e-012	7.385114e-011
5.200000e+000	6.499851e-004	1.910545e-004	6.385900e-004	1.000000e+000	1.698318e-006	1.404120e-007	0.000000e+000	0.000000e+000	-9.846772e-008	1.740262e-006	1.685355e-012	7.298783e-011
5.300000e+000	6.500244e-004	1.910661e-004	6.387630e-004	1.000000e+000	1.698398e-006	1.404150e-007	0.000000e+000	0.000000e+000	-9.847279e-008	1.740340e-006	1.622910e-012	7.213135e-011
5.400000e+000	6.500553e-004	1.910760e-004	6.389339e-004	1.000000e+000	1.698377e-006	1.403838e-007	0.000000e+000	0.000000e+000	-9.847638e-008	1.740284e-006	1.002650e-012	7.123419e-011
5.500000e+000	6.500267e-004	1.910729e-004	6.391024e-004	1.000000e+000	1.697753e-006	1.401878e-007	0.000000e+000	0.000000e+000	-9.846967e-008	1.739472e-006	-2.841858e-012	6.997246e-011
5.600000e+000	6.497698e-004	1.910151e-004	6.392665e-004	1.000000e+000	1.695299e-006	1.396035e-007	0.000000e+000	0.000000e+000	-9.842429e-008	1.736478e-006	-1.575196e-011	6.727595e-011
5.700000e+000	6.489758e-004	1.908190e-004	6.394205e-004	1.000000e+000	1.689480e-006	1.384826e-007	0.000000e+000	0.000000e+000	-9.829002e-008	1.729673e-006	-4.296309e-011	6.120352e-011
5.800000e+000	6.472491e-004	1.903734e-004	6.395537e-004	1.000000e+000	1.678672e-006	1.366196e-007	0.000000e+000	0.000000e+000	-9.800343e-008	1.717288e-006	-8.816509e-011	4.929045e-011
5.900000e+000	6.439341e-004	1.895083e-004	6.396478e-004	1.000000e+000	1.658814e-006	1.330917e-007	0.000000e+000	0.000000e+000	-9.745634e-008	1.694450e-006	-1.679045e-010	2.745460e-011
6.000000e+000	6.375262e-004	1.878427e-004	6.396694e-004	1.000000e+000	1.619888e-006	1.259677e-007	0.000000e+000	0.000000e+000	-9.639842e-008	1.649457e-006	-3.268192e-010	-1.372790e-011
6.100000e+000	6.251826e-004	1.846187e-004	6.395529e-004	1.000000e+000	1.546691e-006	1.133259e-007	0.000000e+000	0.000000e+000	-9.436485e-008	1.565652e-006	-6.217376e-010	-9.204506e-011
6.200000e+000	6.032742e-004	1.787902e-004	6.391829e-004	1.000000e+000	1.427400e-006	9.525179e-008	0.000000e+000	0.000000e+000	-9.077937e-008	1.431872e-006	-1.067599e-009	-2.300022e-010
6.300000e+000	5.693343e-004	1.695214e-004	6.383964e-004	1.000000e+000	1.265912e-006	7.513672e-008	0.000000e+000	0.000000e+000	-8.527753e-008	1.255771e-006	-1.583653e-009	-4.423565e-010
6.400000e+000	5.244171e-004	1.568862e-004	6.370199e-004	1.000000e+000	1.087810e-006	5.870169e-008	0.000000e+000	0.000000e+000	-7.807738e-008	1.068434e-006	-1.997785e-009	-7.212435e-010
6.500000e+000	4.741211e-004	1.422732e-004	6.349330e-004	1.000000e+000	9.333320e-007	5.123089e-008	0.000000e+000	0.000000e+000	-7.011814e-008	9.144448e-007	-2.122535e-009	-1.030033e-009
6.600000e+000	4.272902e-004	1.281404e-004	6.321298e-004	1.000000e+000	8.407194e-007	5.487235e-008	0.000000e+000	0.000000e+000	-6.282567e-008	8.327661e-007	-1.854607e-009	-1.312039e-009
6.700000e+000	3.927869e-004	1.171599e-004	6.287434e-004	1.000000e+000	8.281620e-007	6.719130e-008	0.000000e+000	0.000000e+000	-5.758309e-008	8.377702e-007	-1.242893e-009	-1.511349e-009
6.800000e+000	3.756166e-004	1.110882e-004	6.250147e-004	1.000000e+000	8.820124e-007	8.150643e-008	0.000000e+000	0.000000e+000	-5.511745e-008	9.084013e-007	-4.955081e-010	-1.597444e-009
6.900000e+000	3.741632e-004	1.098552e-004	6.212081e-004	1.000000e+000	9.586562e-007	8.963681e-008	0.000000e+000	0.000000e+000	-5.508526e-008	9.932077e-007	9.218581e-011	-1.582372e-009
7.000000e+000	3.804470e-004	1.114382e-004	6.175089e-004	1.000000e+000	1.004646e-006	8.659985e-008	0.000000e+000	0.000000e+000	-5.615705e-008	1.035088e-006	2.847930e-010	-1.518429e-009
7.100000e+000	3.840364e-004	1.128176e-004	6.139529e-004	1.000000e+000	9.860536e-007	7.378881e-008	0.000000e+000	0.000000e+000	-5.667664e-008	1.003166e-006	4.822695e-011	-1.472661e-009
7.200000e+000	3.773335e-004	1.115177e-004	6.104332e-004	1.000000e+000	9.045669e-007	5.726899e-008	0.000000e+000	0.000000e+000	-5.549786e-008	9.063380e-007	-4.406882e-010	-1.493050e-009
7.300000e+000	3.585616e-004	1.066675e-004	6.067720e-004	1.000000e+000	7.887210e-007	4.310968e-008	0.000000e+000	0.000000e+000	-5.241625e-008	7.794144e-007	-9.276823e-010	-1.589837e-009
7.400000e+000	3.310431e-004	9.899199e-005	6.028091e-004	1.000000e+000	6.725547e-007	3.431950e-008	0.000000e+000	0.000000e+000	-4.801105e-008	6.588632e-007	-1.229106e-009	-1.740715e-009
7.500000e+000	3.003194e-004	9.004804e-005	5.984577e-004	1.000000e+000	5.791532e-007	3.066506e-008	0.000000e+000	0.000000e+000	-4.317255e-008	5.666458e-007	-1.292556e-009	-1.909635e-009
7.600000e+000	2.712605e-004	8.134581e-005	5.937145e-004	1.000000e+000	5.149958e-007	2.998873e-008	0.000000e+000	0.000000e+000	-3.865232e-008	5.063322e-007	-1.175385e-009	-2.065382e-009
7.700000e+000	2.465931e-004	7.381444e-005	5.886339e-004	1.000000e+000	4.755597e-007	3.059716e-008	0.000000e+000	0.000000e+000	-3.485292e-008	4.713039e-007	-9.706802e-010	-2.190840e-009
7.800000e+000	2.276546e-004	6.789295e-005	5.832984e-004	1.000000e+000	4.599087e-007	3.363201e-008	0.000000e+000	0.000000e+000	-3.197493e-008	4.615657e-007	-7.119688e-010	-2.277970e-009
7.900000e+000	2.164948e-004	6.411111e-005	5.778122e-004	1.000000e+000	4.800434e-007	4.215251e-008	0.000000e+000	0.000000e+000	-3.035675e-008	4.918391e-007	-3.461618e-010	-2.314310e-009
8.000000e+000	2.165414e-004	6.341607e-005	5.723206e-004	1.000000e+000	5.506328e-007	5.698656e-008	0.000000e+000	0.000000e+000	-3.055124e-008	5.770681e-007	1.707977e-010	-2.278837e-009
8.100000e+000	2.307812e-004	6.674336e-005	5.670178e-004	1.000000e+000	6.748916e-007	7.683861e-008	0.000000e+000	0.000000e+000	-3.301604e-008	7.187142e-007	7.968740e-010	-2.153663e-009
8.200000e+000	2.640701e-004	7.521610e-005	5.621427e-004	1.000000e+000	8.989221e-007	1.193728e-007	0.000000e+000	0.000000e+000	-3.858108e-008	9.797138e-007	1.754006e-009	-1.909215e-009
8.300000e+000	3.481424e-004	9.581259e-005	5.581545e-004	1.000000e+000	1.541279e-006	2.714486e-007	0.000000e+000	0.000000e+000	-5.275434e-008	1.759974e-006	4.756024e-009	-1.345170e-009
8.400000e+000	5.958947e-004	1.560633e-004	5.565304e-004	1.000000e+000	3.454102e-006	6.968487e-007	0.000000e+000	0.000000e+000	-9.455197e-008	4.056399e-006	1.392721e-008	2.521358e-010
8.500000e+000	1.227667e-003	3.150339e-004	5.612757e-004	1.000000e+000	7.780737e-006	1.511121e-006	0.000000e+000	0.000000e+000	-1.999369e-007	9.091921e-006	3.342602e-008	4.268368e-009
8.600000e+000	2.490165e-003	6.462842e-004	5.800502e-004	1.000000e+000	1.509639e-005	2.629274e-006	0.000000e+000	0.000000e+000	-4.075626e-007	1.731810e-005	6.249156e-008	1.223466e-008
8.700000e+000	4.498289e-003	1.193823e-003	6.233311e-004	1.000000e+000	2.474271e-005	3.784260e-006	0.000000e+000	0.000000e+000	-7.332973e-007	2.779368e-005	9.365838e-008	2.481988e-008
8.800000e+000	7.134274e-003	1.936823e-003	7.014531e-004	1.000000e+000	3.507238e-005	4.703199e-006	0.000000e+000	0.000000e+000	-1.155537e-006	3.862004e-005	1.168699e-007	4.120350e-008
8.900000e+000	1.008755e-002	2.793119e-003	8.212114e-004	1.000000e+000	4.433385e-005	5.257019e-006	0.000000e+000	0.000000e+000	-1.623278e-006	4.796759e-005	1.254691e-007	5.935273e-008
9.000000e+000	1.299081e-002	3.655387e-003	9.839704e-004	1.000000e+000	5.142571e-005	5.476727e-006	0.000000e+000	0.000000e+000	-2.078421e-006	5.482401e-005	1.189905e-007	7.690622e-008
9.100000e+000	1.555105e-002	4.431533e-003	1.185943e-003	1.000000e+000	5.609876e-005	5.477529e-006	0.000000e+000	0.000000e+000	-2.476036e-006	5.910025e-005	1.017853e-007	9.201139e-008
9.200000e+000	1.761189e-002	5.067402e-003	1.419969e-003	1.000000e+000	5.871688e-005	5.377925e-006	0.000000e+000	0.000000e+000	-2.793250e-006	6.130156e-005	7.982528e-008	1.037125e-007
9.300000e+000	1.914673e-002	5.548308e-003	1.677650e-003	1.000000e+000	5.989176e-005	5.258713e-006	0.000000e+000	0.000000e+000	-3.027395e-006	6.212307e-005	5.812359e-008	1.118930e-007
9.400000e+000	2.021534e-002	5.887721e-003	1.951036e-003	1.000000e+000	6.020862e-005	5.158765e-006	0.000000e+000	0.000000e+000	-3.188827e-006	6.217856e-005	3.966444e-008	1.169865e-007
9.500000e+000	2.091589e-002	6.113022e-003	2.233545e-003	1.000000e+000	6.010088e-005	5.088293e-006	0.000000e+000	0.000000e+000	-3.293399e-006	6.189577e-005	2.552825e-008	1.196641e-007
9.600000e+000	2.135016e-002	6.254357e-003	2.520244e-003	1.000000e+000	5.983683e-005	5.043871e-006	0.000000e+000	0.000000e+000	-3.357150e-006	6.152355e-005	1.554652e-008	1.206094e-007
9.700000e+000	2.160496e-002	6.338290e-003	2.807721e-003	1.000000e+000	5.955615e-005	5.017695e-006	0.000000e+000	0.000000e+000	-3.393574e-006	6.118027e-005	8.954790e-009	1.204001e-007
9.800000e+000	2.174573e-002	6.385313e-003	3.093767e-003	1.000000e+000	5.931461e-005	5.002172e-006	0.000000e+000	0.000000e+000	-3.412743e-006	6.090404e-005	4.837668e-009	1.194696e-007
9.900000e+000	2.181773e-002	6.409819e-003	3.377043e-003	1.000000e+000	5.912610e-005	4.992918e-006	0.000000e+000	0.000000e+000	-3.421572e-006	6.069745e-005	2.398852e-009	1.181163e-007
1.000000e+001	2.185106e-002	6.421433e-003	3.656793e-003	1.000000e+000	5.899293e-005	4.988785e-006	0.000000e+000	0.000000e+000	-3.424649e-006	6.055707e-005	1.073192e-009	1.165379e-007
1.010000e+001	2.186552e-002	6.426508e-003	3.932646e-003	1.000000e+000	5.891319e-005	4.988597e-006	0.000000e+000	0.000000e+000	-3.424987e-006	6.047680e-005	4.716510e-010	1.148636e-007
1.020000e+001	2.187302e-002	6.428977e-003	4.204474e-003	1.000000e+000	5.887464e-005	4.989435e-006	0.000000e+000	0.000000e+000	-3.424373e-006	6.043971e-005	2.792780e-010	1.131706e-007
1.030000e+001	2.187902e-002	6.430782e-003	4.472281e-003	1.000000e+000	5.885774e-005	4.988935e-006	0.000000e+000	0.000000e+000	-3.423596e-006	6.042308e-005	2.498936e-010	1.114937e-007
1.040000e+001	2.188516e-002	6.432565e-003	4.736120e-003	1.000000e+000	5.884983e-005	4.987772e-006	0.000000e+000	0.000000e+000	-3.422879e-006	6.041472e-005	2.656389e-010	1.098430e-007
1.050000e+001	2.189257e-002	6.434636e-003	4.996061e-003	1.000000e+000	5.885496e-005	4.989104e-006	0.000000e+000	0.000000e+000	-3.422406e-006	6.042166e-005	3.432646e-010	1.082255e-007
1.060000e+001	2.190393e-002	6.437683e-003	5.252201e-003	1.000000e+000	5.888938e-005	4.995823e-006	0.000000e+000	0.000000e+000	-3.422621e-006	6.046258e-005	5.562121e-010	1.066576e-007
1.070000e+001	2.192311e-002	6.442804e-003	5.504686e-003	1.000000e+000	5.896733e-005	5.008194e-006	0.000000e+000	0.000000e+000	-3.424141e-006	6.055138e-005	9.338419e-010	1.051633e-007
1.080000e+001	2.195312e-002	6.450974e-003	5.753716e-003	1.000000e+000	5.908826e-005	5.023332e-006	0.000000e+000	0.000000e+000	-3.427421e-006	6.068417e-005	1.408947e-009	1.037604e-007
1.090000e+001	2.199378e-002	6.462360e-003	5.999510e-003	1.000000e+000	5.923055e-005	5.035829e-006	0.000000e+000	0.000000e+000	-3.432383e-006	6.083400e-005	1.821647e-009	1.024465e-007
1.100000e+001	2.204045e-002	6.475852e-003	6.242249e-003	1.000000e+000	5.935700e-005	5.040667e-006	0.000000e+000	0.000000e+000	-3.438240e-006	6.095942e-005	1.986112e-009	1.011906e-007
1.110000e+001	2.208598e-002	6.489414e-003	6.482017e-003	1.000000e+000	5.944180e-005	5.039156e-006	0.000000e+000	0.000000e+000	-3.443850e-006	6.103710e-005	1.855406e-009	9.994650e-008
1.120000e+001	2.212650e-002	6.501605e-003	6.718803e-003	1.000000e+000	5.950283e-005	5.040720e-006	0.000000e+000	0.000000e+000	-3.448666e-006	6.109489e-005	1.650036e-009	9.868936e-008
1.130000e+001	2.216598e-002	6.513126e-003	6.952598e-003	1.000000e+000	5.959528e-005	5.054542e-006	0.000000e+000	0.000000e+000	-3.453416e-006	6.119640e-005	1.711983e-009	9.744475e-008
1.140000e+001	2.221351e-002	6.526479e-003	7.183497e-003	1.000000e+000	5.976022e-005	5.079354e-006	0.000000e+000	0.000000e+000	-3.459569e-006	6.138001e-005	2.162410e-009	9.627022e-008
1.150000e+001	2.227494e-002	6.543715e-003	7.411721e-003	1.000000e+000	5.998359e-005	5.104535e-006	0.000000e+000	0.000000e+000	-3.467977e-006	6.162015e-005	2.761818e-009	9.520189e-008
1.160000e+001	2.234783e-002	6.564597e-003	7.637511e-003	1.000000e+000	6.021337e-005	5.121444e-006	0.000000e+000	0.000000e+000	-3.478149e-006	6.185667e-005	3.158577e-009	9.422256e-008
1.170000e+001	2.242461e-002	6.587075e-003	7.861025e-003	1.000000e+000	6.041110e-005	5.130874e-006	0.000000e+000	0.000000e+000	-3.488850e-006	6.205313e-005	3.223774e-009	9.328268e-008
1.180000e+001	2.249945e-002	6.609235e-003	8.082304e-003	1.000000e+000	6.057886e-005	5.139603e-006	0.000000e+000	0.000000e+000	-3.499207e-006	6.221926e-005	3.106074e-009	9.234471e-008
1.190000e+001	2.257183e-002	6.630613e-003	8.301342e-003	1.000000e+000	6.074439e-005	5.153003e-006	0.000000e+000	0.000000e+000	-3.509203e-006	6.238819e-005	3.032100e-009	9.140535e-008
1.200000e+001	2.264500e-002	6.652006e-003	8.518159e-003	1.000000e+000	6.093210e-005	5.171666e-006	0.000000e+000	0.000000e+000	-3.519384e-006	6.258439e-005	3.115670e-009	9.048526e-008
1.210000e+001	2.272233e-002	6.674458e-003	8.732828e-003	1.000000e+000	6.114720e-005	5.192709e-006	0.000000e+000	0.000000e+000	-3.530270e-006	6.280964e-005	3.319156e-009	8.960559e-008
1.220000e+001	2.280473e-002	6.698404e-003	8.945454e-003	1.000000e+000	6.137629e-005	5.212104e-006	0.000000e+000	0.000000e+000	-3.541969e-006	6.304643e-005	3.519206e-009	8.877145e-008
1.230000e+001	2.288959e-002	6.723289e-003	9.156132e-003	1.000000e+000	6.159150e-005	5.225118e-006	0.000000e+000	0.000000e+000	-3.554020e-006	6.326260e-005	3.560645e-009	8.796553e-008
1.240000e+001	2.297049e-002	6.747444e-003	9.364883e-003	1.000000e+000	6.175443e-005	5.227087e-006	0.000000e+000	0.000000e+000	-3.565368e-006	6.341615e-005	3.287853e-009	8.714665e-008
1.250000e+001	2.303851e-002	6.768339e-003	9.571610e-003	1.000000e+000	6.183095e-005	5.216767e-006	0.000000e+000	0.000000e+000	-3.574582e-006	6.347314e-005	2.628941e-009	8.625816e-008
1.260000e+001	2.308579e-002	6.783528e-003	9.776085e-003	1.000000e+000	6.181315e-005	5.198566e-006	0.000000e+000	0.000000e+000	-3.580457e-006	6.343126e-005	1.688352e-009	8.525133e-008
1.270000e+001	2.310975e-002	6.791889e-003	9.977999e-003	1.000000e+000	6.172795e-005	5.180372e-006	0.000000e+000	0.000000e+000	-3.582660e-006	6.332566e-005	7.254048e-010	8.411146e-008
1.280000e+001	2.311468e-002	6.794297e-003	1.017706e-002	1.000000e+000	6.162554e-005	5.169551e-006	0.000000e+000	0.000000e+000	-3.581959e-006	6.321313e-005	2.797159e-011	8.286805e-008
1.290000e+001	2.311033e-002	6.793352e-003	1.037310e-002	1.000000e+000	6.155805e-005	5.169932e-006	0.000000e+000	0.000000e+000	-3.579944e-006	6.314804e-005	-2.167087e-010	8.158449e-008
1.300000e+001	2.310788e-002	6.792344e-003	1.056610e-002	1.000000e+000	6.155724e-005	5.180051e-006	0.000000e+000	0.000000e+000	-3.578383e-006	6.315890e-005	-6.640257e-012	8.033259e-008
1.310000e+001	2.311545e-002	6.793905e-003	1.075621e-002	1.000000e+000	6.162215e-005	5.194390e-006	0.000000e+000	0.000000e+000	-3.578503e-006	6.323804e-005	4.782707e-010	7.916341e-008
1.320000e+001	2.313560e-002	6.799110e-003	1.094365e-002	1.000000e+000	6.172868e-005	5.207996e-006	0.000000e+000	0.000000e+000	-3.580635e-006	6.335604e-005	1.001600e-009	7.809189e-008
1.330000e+001	2.316684e-002	6.807694e-003	1.112864e-002	1.000000e+000	6.185584e-005	5.220722e-006	0.000000e+000	0.000000e+000	-3.584509e-006	6.349205e-005	1.439835e-009	7.710713e-008
1.340000e+001	2.320777e-002	6.819164e-003	1.131137e-002	1.000000e+000	6.200589e-005	5.236820e-006	0.000000e+000	0.000000e+000	-3.589916e-006	6.365279e-005	1.847944e-009	7.619882e-008
1.350000e+001	2.325974e-002	6.833754e-003	1.149204e-002	1.000000e+000	6.219768e-005	5.259619e-006	0.000000e+000	0.000000e+000	-3.597106e-006	6.386020e-005	2.347857e-009	7.537449e-008
1.360000e+001	2.332535e-002	6.852225e-003	1.167085e-002	1.000000e+000	6.243865e-005	5.286665e-006	0.000000e+000	0.000000e+000	-3.606488e-006	6.411883e-005	2.942721e-009	7.464941e-008
1.370000e+001	2.340437e-002	6.874733e-003	1.184806e-002	1.000000e+000	6.270700e-005	5.311343e-006	0.000000e+000	0.000000e+000	-3.617976e-006	6.440036e-005	3.467564e-009	7.402052e-008
1.380000e+001	2.349191e-002	6.900095e-003	1.202385e-002	1.000000e+000	6.296520e-005	5.329008e-006	0.000000e+000	0.000000e+000	-3.630741e-006	6.466346e-005	3.736840e-009	7.345524e-008
1.390000e+001	2.358074e-002	6.926254e-003	1.219832e-002	1.000000e+000	6.318652e-005	5.339986e-006	0.000000e+000	0.000000e+000	-3.643629e-006	6.488287e-005	3.701561e-009	7.290668e-008
1.400000e+001	2.366497e-002	6.951350e-003	1.237147e-002	1.000000e+000	6.336653e-005	5.347523e-006	0.000000e+000	0.000000e+000	-3.655738e-006	6.505831e-005	3.455749e-009	7.233718e-008
1.410000e+001	2.374199e-002	6.974416e-003	1.254321e-002	1.000000e+000	6.351701e-005	5.354864e-006	0.000000e+000	0.000000e+000	-3.666698e-006	6.520517e-005	3.143939e-009	7.173043e-008
1.420000e+001	2.381225e-002	6.995426e-003	1.271346e-002	1.000000e+000	6.365499e-005	5.363959e-006	0.000000e+000	0.000000e+000	-3.676617e-006	6.534233e-005	2.882372e-009	7.108994e-008
1.430000e+001	2.387797e-002	7.014961e-003	1.288217e-002	1.000000e+000	6.379418e-005	5.375147e-006	0.000000e+000	0.000000e+000	-3.685860e-006	6.548347e-005	2.724595e-009	7.043034e-008
1.440000e+001	2.394143e-002	7.033717e-003	1.304929e-002	1.000000e+000	6.393852e-005	5.386915e-006	0.000000e+000	0.000000e+000	-3.694781e-006	6.563065e-005	2.650096e-009	6.976638e-008
1.450000e+001	2.400334e-002	7.052015e-003	1.321483e-002	1.000000e+000	6.407935e-005	5.396519e-006	0.000000e+000	0.000000e+000	-3.703467e-006	6.577240e-005	2.576983e-009	6.910259e-008
1.460000e+001	2.406224e-002	7.069542e-003	1.337878e-002	1.000000e+000	6.420140e-005	5.402020e-006	0.000000e+000	0.000000e+000	-3.711663e-006	6.589176e-005	2.419381e-009	6.842970e-008
1.470000e+001	2.411550e-002	7.085572e-003	1.354109e-002	1.000000e+000	6.429326e-005	5.403282e-006	0.000000e+000	0.000000e+000	-3.718948e-006	6.597760e-005	2.147862e-009	6.773120e-008
1.480000e+001	2.415961e-002	7.099172e-003	1.370170e-002	1.000000e+000	6.433308e-005	5.394040e-006	0.000000e+000	0.000000e+000	-3.724743e-006	6.600238e-005	1.684234e-009	6.698501e-008
1.490000e+001	2.417880e-002	7.106872e-003	1.386038e-002	1.000000e+000	6.416087e-005	5.326919e-006	0.000000e+000	0.000000e+000	-3.726312e-006	6.576148e-005	1.817425e-010	6.609151e-008
1.500000e+001	2.410451e-002	7.092573e-003	1.401639e-002	1.000000e+000	6.319522e-005	5.070293e-006	0.000000e+000	0.000000e+000	-3.711976e-006	6.455354e-005	-5.314961e-009	6.461644e-008
1.510000e+001	2.376507e-002	7.012193e-003	1.416718e-002	1.000000e+000	6.035751e-005	4.463082e-006	0.000000e+000	0.000000e+000	-3.653292e-006	6.116730e-005	-1.946329e-008	6.147638e-008
1.520000e+001	2.290848e-002	6.794640e-003	1.430693e-002	1.000000e+000	5.467826e-005	3.482023e-006	0.000000e+000	0.000000e+000	-3.509901e-006	5.465038e-005	-4.443290e-008	5.509459e-008
1.530000e+001	2.133729e-002	6.375736e-003	1.442631e-002	1.000000e+000	4.620002e-005	2.325638e-006	0.000000e+000	0.000000e+000	-3.252023e-006	4.527363e-005	-7.574699e-008	4.426623e-008
1.540000e+001	1.905648e-002	5.743611e-003	1.451451e-002	1.000000e+000	3.620892e-005	1.293275e-006	0.000000e+000	0.000000e+000	-2.883371e-006	3.461882e-005	-1.036816e-007	2.909223e-008
1.550000e+001	1.630254e-002	4.955492e-003	1.456280e-002	1.000000e+000	2.654593e-005	5.932597e-007	0.000000e+000	0.000000e+000	-2.443950e-006	2.469524e-005	-1.192717e-007	1.114339e-008
1.560000e+001	1.343744e-002	4.113202e-003	1.456730e-002	1.000000e+000	1.867449e-005	2.585291e-007	0.000000e+000	0.000000e+000	-1.991880e-006	1.694114e-005	-1.191822e-007	-7.236990e-009
1.570000e+001	1.079939e-002	3.319827e-003	1.452968e-002	1.000000e+000	1.319735e-005	1.938939e-007	0.000000e+000	0.000000e+000	-1.579724e-006	1.181152e-005	-1.060935e-007	-2.389329e-008
1.580000e+001	8.603737e-003	2.646662e-003	1.445584e-002	1.000000e+000	9.942983e-006	2.689728e-007	0.000000e+000	0.000000e+000	-1.239713e-006	8.972243e-006	-8.583393e-008	-3.748388e-008
1.590000e+001	6.923155e-003	2.122957e-003	1.435374e-002	1.000000e+000	8.334409e-006	3.824004e-007	0.000000e+000	0.000000e+000	-9.815680e-007	7.735241e-006	-6.416041e-008	-4.759439e-008
1.600000e+001	5.722675e-003	1.743747e-003	1.423146e-002	1.000000e+000	7.736730e-006	4.800675e-007	0.000000e+000	0.000000e+000	-7.985819e-007	7.418216e-006	-4.494728e-008	-5.450045e-008
1.610000e+001	4.911551e-003	1.484706e-003	1.409592e-002	1.000000e+000	7.649637e-006	5.449831e-007	0.000000e+000	0.000000e+000	-6.758879e-007	7.518732e-006	-2.990804e-008	-5.882774e-008
1.620000e+001	4.386027e-003	1.315514e-003	1.395245e-002	1.000000e+000	7.755863e-006	5.798986e-007	0.000000e+000	0.000000e+000	-5.970431e-007	7.738719e-006	-1.917180e-008	-6.127484e-008
1.630000e+001	4.054348e-003	1.208244e-003	1.380476e-002	1.000000e+000	7.890277e-006	5.940131e-007	0.000000e+000	0.000000e+000	-5.477512e-007	7.936539e-006	-1.204136e-008	-6.245333e-008
1.640000e+001	3.846286e-003	1.140963e-003	1.365529e-002	1.000000e+000	7.986212e-006	5.960943e-007	0.000000e+000	0.000000e+000	-5.171926e-007	8.065114e-006	-7.574503e-009	-6.282865e-008
1.650000e+001	3.713130e-003	1.098166e-003	1.350556e-002	1.000000e+000	8.029113e-006	5.922518e-007	0.000000e+000	0.000000e+000	-4.979259e-007	8.123439e-006	-4.907333e-009	-6.272245e-008
1.660000e+001	3.623503e-003	1.069722e-003	1.335644e-002	1.000000e+000	8.026256e-006	5.860126e-007	0.000000e+000	0.000000e+000	-4.851893e-007	8.127079e-006	-3.376010e-009	-6.234138e-008
1.670000e+001	3.558333e-003	1.049397e-003	1.320842e-002	1.000000e+000	7.990638e-006	5.791146e-007	0.000000e+000	0.000000e+000	-4.761052e-007	8.093647e-006	-2.523519e-009	-6.181073e-008
1.680000e+001	3.506572e-003	1.033545e-003	1.306177e-002	1.000000e+000	7.934098e-006	5.722727e-007	0.000000e+000	0.000000e+000	-4.690140e-007	8.037357e-006	-2.058912e-009	-6.120295e-008
1.690000e+001	3.462069e-003	1.020120e-003	1.291662e-002	1.000000e+000	7.865337e-006	5.657032e-007	0.000000e+000	0.000000e+000	-4.629957e-007	7.968045e-006	-1.807752e-009	-6.055828e-008
1.700000e+001	3.421512e-003	1.008010e-003	1.277303e-002	1.000000e+000	7.790046e-006	5.594182e-007	0.000000e+000	0.000000e+000	-4.575564e-007	7.891908e-006	-1.670365e-009	-5.989832e-008
1.710000e+001	3.383164e-003	9.966309e-004	1.263101e-002	1.000000e+000	7.711619e-006	5.533488e-007	0.000000e+000	0.000000e+000	-4.524383e-007	7.812530e-006	-1.592279e-009	-5.923433e-008
1.720000e+001	3.346092e-003	9.856728e-004	1.249058e-002	1.000000e+000	7.631432e-006	5.472476e-007	0.000000e+000	0.000000e+000	-4.475015e-007	7.731178e-006	-1.547680e-009	-5.857229e-008
1.730000e+001	3.309539e-003	9.749150e-004	1.235172e-002	1.000000e+000	7.547498e-006	5.402724e-007	0.000000e+000	0.000000e+000	-4.426264e-007	7.645144e-006	-1.537812e-009	-5.791700e-008
1.740000e+001	3.272206e-003	9.640191e-004	1.221441e-002	1.000000e+000	7.452200e-006	5.307887e-007	0.000000e+000	0.000000e+000	-4.375987e-007	7.545390e-006	-1.594573e-009	-5.727661e-008
1.750000e+001	3.231781e-003	9.523641e-004	1.207859e-002	1.000000e+000	7.333757e-006	5.173469e-007	0.000000e+000	0.000000e+000	-4.320414e-007	7.419062e-006	-1.760470e-009	-5.666560e-008
1.760000e+001	3.185495e-003	9.391395e-004	1.194418e-002	1.000000e+000	7.184296e-006	5.003577e-007	0.000000e+000	0.000000e+000	-4.255175e-007	7.259136e-006	-2.038256e-009	-5.610113e-008
1.770000e+001	3.131627e-003	9.237533e-004	1.181105e-002	1.000000e+000	7.007287e-006	4.820368e-007	0.000000e+000	0.000000e+000	-4.177748e-007	7.071549e-006	-2.364772e-009	-5.559341e-008
1.780000e+001	3.070306e-003	9.061422e-004	1.167905e-002	1.000000e+000	6.812646e-006	4.637727e-007	0.000000e+000	0.000000e+000	-4.088560e-007	6.867563e-006	-2.666499e-009	-5.514076e-008
1.790000e+001	3.002533e-003	8.865759e-004	1.154808e-002	1.000000e+000	6.605870e-006	4.451220e-007	0.000000e+000	0.000000e+000	-3.989253e-007	6.652067e-006	-2.925308e-009	-5.473597e-008
1.800000e+001	2.929314e-003	8.653458e-004	1.141803e-002	1.000000e+000	6.390654e-006	4.266530e-007	0.000000e+000	0.000000e+000	-3.881429e-007	6.429164e-006	-3.138239e-009	-5.437192e-008
1.810000e+001	2.852598e-003	8.429443e-004	1.128881e-002	1.000000e+000	6.180108e-006	4.112512e-007	0.000000e+000	0.000000e+000	-3.768343e-007	6.214525e-006	-3.246475e-009	-5.403559e-008
1.820000e+001	2.776090e-003	8.203681e-004	1.116037e-002	1.000000e+000	5.992902e-006	4.007159e-007	0.000000e+000	0.000000e+000	-3.656037e-007	6.028014e-006	-3.182834e-009	-5.370301e-008
1.830000e+001	2.703628e-003	7.987864e-004	1.103275e-002	1.000000e+000	5.835694e-006	3.930084e-007	0.000000e+000	0.000000e+000	-3.550483e-007	5.873654e-006	-2.976981e-009	-5.334972e-008
1.840000e+001	2.636709e-003	7.788011e-004	1.090601e-002	1.000000e+000	5.697379e-006	3.846121e-007	0.000000e+000	0.000000e+000	-3.453688e-007	5.736623e-006	-2.747180e-009	-5.296656e-008
1.850000e+001	2.574279e-003	7.602219e-004	1.078022e-002	1.000000e+000	5.563619e-006	3.746115e-007	0.000000e+000	0.000000e+000	-3.363731e-007	5.601858e-006	-2.580534e-009	-5.256068e-008
1.860000e+001	2.515005e-003	7.426252e-004	1.065540e-002	1.000000e+000	5.433346e-006	3.654426e-007	0.000000e+000	0.000000e+000	-3.278574e-007	5.470932e-006	-2.453643e-009	-5.214089e-008
1.870000e+001	2.459402e-003	7.260389e-004	1.053161e-002	1.000000e+000	5.319229e-006	3.599885e-007	0.000000e+000	0.000000e+000	-3.199290e-007	5.359289e-006	-2.276902e-009	-5.170411e-008
1.880000e+001	2.409578e-003	7.110222e-004	1.040889e-002	1.000000e+000	5.232768e-006	3.582751e-007	0.000000e+000	0.000000e+000	-3.129333e-007	5.278110e-006	-2.005931e-009	-5.123721e-008
1.890000e+001	2.366934e-003	6.980729e-004	1.028733e-002	1.000000e+000	5.169827e-006	3.570989e-007	0.000000e+000	0.000000e+000	-3.070722e-007	5.219854e-006	-1.703624e-009	-5.073174e-008
1.900000e+001	2.330245e-003	6.869947e-004	1.016702e-002	1.000000e+000	5.111642e-006	3.529275e-007	0.000000e+000	0.000000e+000	-3.021168e-007	5.162452e-006	-1.489346e-009	-5.019609e-008
1.910000e+001	2.296070e-003	6.768727e-004	1.004799e-002	1.000000e+000	5.039411e-006	3.448259e-007	0.000000e+000	0.000000e+000	-2.975033e-007	5.086734e-006	-1.433505e-009	-4.965262e-008
1.920000e+001	2.260931e-003	6.666453e-004	9.930252e-003	1.000000e+000	4.946941e-006	3.345757e-007	0.000000e+000	0.000000e+000	-2.926912e-007	4.988826e-006	-1.507578e-009	-4.912353e-008
1.930000e+001	2.223168e-003	6.557024e-004	9.813742e-003	1.000000e+000	4.841188e-006	3.246880e-007	0.000000e+000	0.000000e+000	-2.874455e-007	4.878431e-006	-1.622143e-009	-4.861915e-008
1.940000e+001	2.183238e-003	6.440664e-004	9.698408e-003	1.000000e+000	4.734252e-006	3.166781e-007	0.000000e+000	0.000000e+000	-2.818623e-007	4.769068e-006	-1.695765e-009	-4.813616e-008
1.950000e+001	2.142790e-003	6.321743e-004	9.584210e-003	1.000000e+000	4.635571e-006	3.107154e-007	0.000000e+000	0.000000e+000	-2.762121e-007	4.670074e-006	-1.693887e-009	-4.766379e-008
1.960000e+001	2.103530e-003	6.205410e-004	9.471137e-003	1.000000e+000	4.548933e-006	3.061894e-007	0.000000e+000	0.000000e+000	-2.707618e-007	4.584361e-006	-1.625767e-009	-4.719100e-008
1.970000e+001	2.066558e-003	6.095300e-004	9.359200e-003	1.000000e+000	4.473545e-006	3.023656e-007	0.000000e+000	0.000000e+000	-2.656759e-007	4.510235e-006	-1.521206e-009	-4.671083e-008
1.980000e+001	2.032239e-003	5.992893e-004	9.248418e-003	1.000000e+000	4.406482e-006	2.987307e-007	0.000000e+000	0.000000e+000	-2.610034e-007	4.444210e-006	-1.409534e-009	-4.622107e-008
1.990000e+001	2.000407e-003	5.897955e-004	9.138814e-003	1.000000e+000	4.344653e-006	2.950417e-007	0.000000e+000	0.000000e+000	-2.567121e-007	4.382982e-006	-1.309650e-009	-4.572293e-008
2.000000e+001	1.970632e-003	5.809335e-004	9.030406e-003	1.000000e+000	4.285731e-006	2.912403e-007	0.000000e+000	0.000000e+000	-2.527322e-007	4.324239e-006	-1.229315e-009	-4.521926e-008
2.010000e+001	1.942438e-003	5.725628e-004	8.923201e-003	1.000000e+000	4.228314e-006	2.873543e-007	0.000000e+000	0.000000e+000	-2.489880e-007	4.266680e-006	-1.168659e-009	-4.471319e-008
2.020000e+001	1.915410e-003	5.645572e-004	8.817204e-003	1.000000e+000	4.171709e-006	2.834323e-007	0.000000e+000	0.000000e+000	-2.454155e-007	4.209726e-006	-1.124146e-009	-4.420737e-008
2.030000e+001	1.889238e-003	5.568193e-004	8.712409e-003	1.000000e+000	4.115660e-006	2.795151e-007	0.000000e+000	0.000000e+000	-2.419668e-007	4.153208e-006	-1.091353e-009	-4.370378e-008
2.040000e+001	1.863710e-003	5.492813e-004	8.608812e-003	1.000000e+000	4.060123e-006	2.756292e-007	0.000000e+000	0.000000e+000	-2.386098e-007	4.097142e-006	-1.066385e-009	-4.320373e-008
2.050000e+001	1.838689e-003	5.418992e-004	8.506401e-003	1.000000e+000	4.005137e-006	2.717884e-007	0.000000e+000	0.000000e+000	-2.353237e-007	4.041601e-006	-1.046335e-009	-4.270803e-008
2.060000e+001	1.814093e-003	5.346460e-004	8.405167e-003	1.000000e+000	3.950755e-006	2.679987e-007	0.000000e+000	0.000000e+000	-2.320963e-007	3.986657e-006	-1.029252e-009	-4.221715e-008
2.070000e+001	1.789873e-003	5.275056e-004	8.305097e-003	1.000000e+000	3.897021e-006	2.642620e-007	0.000000e+000	0.000000e+000	-2.289202e-007	3.932363e-006	-1.013915e-009	-4.173132e-008
2.080000e+001	1.765999e-003	5.204685e-004	8.206179e-003	1.000000e+000	3.843963e-006	2.605782e-007	0.000000e+000	0.000000e+000	-2.257910e-007	3.878750e-006	-9.996075e-010	-4.125064e-008
2.090000e+001	1.742454e-003	5.135291e-004	8.108401e-003	1.000000e+000	3.791595e-006	2.569465e-007	0.000000e+000	0.000000e+000	-2.227064e-007	3.825836e-006	-9.859232e-010	-4.077516e-008
2.100000e+001	1.719228e-003	5.066838e-004	8.011751e-003	1.000000e+000	3.739922e-006	2.533659e-007	0.000000e+000	0.000000e+000	-2.196647e-007	3.773624e-006	-9.726420e-010	-4.030486e-008
2.110000e+001	1.696313e-003	4.999303e-004	7.916215e-003	1.000000e+000	3.688943e-006	2.498355e-007	0.000000e+000	0.000000e+000	-2.166648e-007	3.722113e-006	-9.596473e-010	-3.983971e-008
2.120000e+001	1.673703e-003	4.932669e-004	7.821782e-003	1.000000e+000	3.638651e-006	2.463544e-007	0.000000e+000	0.000000e+000	-2.137059e-007	3.671299e-006	-9.468784e-010	-3.937968e-008
2.130000e+001	1.651394e-003	4.866920e-004	7.728440e-003	1.000000e+000	3.589040e-006	2.429217e-007	0.000000e+000	0.000000e+000	-2.107874e-007	3.621174e-006	-9.343039e-010	-3.892470e-008
2.140000e+001	1.629380e-003	4.802044e-004	7.636177e-003	1.000000e+000	3.540101e-006	2.395368e-007	0.000000e+000	0.000000e+000	-2.079086e-007	3.571730e-006	-9.219075e-010	-3.847473e-008
2.150000e+001	1.607659e-003	4.738028e-004	7.544981e-003	1.000000e+000	3.491827e-006	2.361990e-007	0.000000e+000	0.000000e+000	-2.050690e-007	3.522957e-006	-9.096802e-010	-3.802973e-008
2.160000e+001	1.586226e-003	4.674861e-004	7.454839e-003	1.000000e+000	3.444208e-006	2.329076e-007	0.000000e+000	0.000000e+000	-2.022681e-007	3.474848e-006	-8.976167e-010	-3.758964e-008
2.170000e+001	1.565076e-003	4.612532e-004	7.365741e-003	1.000000e+000	3.397237e-006	2.296619e-007	0.000000e+000	0.000000e+000	-1.995053e-007	3.427393e-006	-8.857134e-010	-3.715442e-008
2.180000e+001	1.544208e-003	4.551030e-004	7.277675e-003	1.000000e+000	3.350903e-006	2.264613e-007	0.000000e+000	0.000000e+000	-1.967800e-007	3.380584e-006	-8.739675e-010	-3.672401e-008
2.190000e+001	1.523616e-003	4.490343e-004	7.190630e-003	1.000000e+000	3.305198e-006	2.233052e-007	0.000000e+000	0.000000e+000	-1.940919e-007	3.334412e-006	-8.623766e-010	-3.629836e-008
2.200000e+001	1.503297e-003	4.430461e-004	7.104593e-003	1.000000e+000	3.260115e-006	2.201930e-007	0.000000e+000	0.000000e+000	-1.914404e-007	3.288867e-006	-8.509386e-010	-3.587742e-008
2.210000e+001	1.483248e-003	4.371373e-004	7.019555e-003	1.000000e+000	3.215644e-006	2.171240e-007	0.000000e+000	0.000000e+000	-1.888249e-007	3.243943e-006	-8.396514e-010	-3.546116e-008
2.220000e+001	1.463464e-003	4.313069e-004	6.935503e-003	1.000000e+000	3.171777e-006	2.140977e-007	0.000000e+000	0.000000e+000	-1.862450e-007	3.199630e-006	-8.285130e-010	-3.504950e-008
2.230000e+001	1.443943e-003	4.255539e-004	6.852428e-003	1.000000e+000	3.128507e-006	2.111134e-007	0.000000e+000	0.000000e+000	-1.837003e-007	3.155920e-006	-8.175214e-010	-3.464242e-008
2.240000e+001	1.424681e-003	4.198771e-004	6.770317e-003	1.000000e+000	3.085824e-006	2.081707e-007	0.000000e+000	0.000000e+000	-1.811902e-007	3.112805e-006	-8.066748e-010	-3.423987e-008
2.250000e+001	1.405675e-003	4.142757e-004	6.689161e-003	1.000000e+000	3.043722e-006	2.052688e-007	0.000000e+000	0.000000e+000	-1.787143e-007	3.070276e-006	-7.959713e-010	-3.384179e-008
2.260000e+001	1.386921e-003	4.087487e-004	6.608949e-003	1.000000e+000	3.002191e-006	2.024072e-007	0.000000e+000	0.000000e+000	-1.762720e-007	3.028327e-006	-7.854089e-010	-3.344813e-008
2.270000e+001	1.368416e-003	4.032949e-004	6.529670e-003	1.000000e+000	2.961226e-006	1.995855e-007	0.000000e+000	0.000000e+000	-1.738630e-007	2.986948e-006	-7.749858e-010	-3.305887e-008
2.280000e+001	1.350156e-003	3.979136e-004	6.451314e-003	1.000000e+000	2.920817e-006	1.968030e-007	0.000000e+000	0.000000e+000	-1.714869e-007	2.946133e-006	-7.647001e-010	-3.267394e-008
2.290000e+001	1.332139e-003	3.926037e-004	6.373870e-003	1.000000e+000	2.880957e-006	1.940591e-007	0.000000e+000	0.000000e+000	-1.691430e-007	2.905873e-006	-7.545502e-010	-3.229330e-008
2.300000e+001	1.314361e-003	3.873642e-004	6.297329e-003	1.000000e+000	2.841640e-006	1.913534e-007	0.000000e+000	0.000000e+000	-1.668311e-007	2.866162e-006	-7.445342e-010	-3.191691e-008
2.310000e+001	1.296819e-003	3.821943e-004	6.221680e-003	1.000000e+000	2.802856e-006	1.886854e-007	0.000000e+000	0.000000e+000	-1.645507e-007	2.826991e-006	-7.346503e-010	-3.154472e-008
2.320000e+001	1.279509e-003	3.770931e-004	6.146914e-003	1.000000e+000	2.764601e-006	1.860544e-007	0.000000e+000	0.000000e+000	-1.623013e-007	2.788354e-006	-7.248968e-010	-3.117670e-008
2.330000e+001	1.262430e-003	3.720596e-004	6.073020e-003	1.000000e+000	2.726865e-006	1.834600e-007	0.000000e+000	0.000000e+000	-1.600826e-007	2.750242e-006	-7.152721e-010	-3.081279e-008
2.340000e+001	1.245577e-003	3.670929e-004	5.999989e-003	1.000000e+000	2.689642e-006	1.809017e-007	0.000000e+000	0.000000e+000	-1.578941e-007	2.712650e-006	-7.057743e-010	-3.045296e-008
2.350000e+001	1.228948e-003	3.621921e-004	5.927811e-003	1.000000e+000	2.652926e-006	1.783789e-007	0.000000e+000	0.000000e+000	-1.557354e-007	2.675569e-006	-6.964020e-010	-3.009715e-008
2.360000e+001	1.212540e-003	3.573565e-004	5.856476e-003	1.000000e+000	2.616709e-006	1.758913e-007	0.000000e+000	0.000000e+000	-1.536061e-007	2.638994e-006	-6.871533e-010	-2.974534e-008
2.370000e+001	1.196350e-003	3.525850e-004	5.785975e-003	1.000000e+000	2.580984e-006	1.734382e-007	0.000000e+000	0.000000e+000	-1.515058e-007	2.602917e-006	-6.780267e-010	-2.939747e-008
2.380000e+001	1.180375e-003	3.478770e-004	5.716300e-003	1.000000e+000	2.545745e-006	1.710193e-007	0.000000e+000	0.000000e+000	-1.494341e-007	2.567331e-006	-6.690207e-010	-2.905350e-008
2.390000e+001	1.164612e-003	3.432315e-004	5.647439e-003	1.000000e+000	2.510986e-006	1.686340e-007	0.000000e+000	0.000000e+000	-1.473907e-007	2.532229e-006	-6.601335e-010	-2.871340e-008
2.400000e+001	1.149059e-003	3.386477e-004	5.579385e-003	1.000000e+000	2.476700e-006	1.662819e-007	0.000000e+000	0.000000e+000	-1.453751e-007	2.497606e-006	-6.513637e-010	-2.837712e-008
2.410000e+001	1.133712e-003	3.341248e-004	5.512128e-003	1.000000e+000	2.442879e-006	1.639625e-007	0.000000e+000	0.000000e+000	-1.433869e-007	2.463455e-006	-6.427097e-010	-2.804463e-008
2.420000e+001	1.118569e-003	3.296619e-004	5.445659e-003	1.000000e+000	2.409519e-006	1.616753e-007	0.000000e+000	0.000000e+000	-1.414259e-007	2.429769e-006	-6.341700e-010	-2.771588e-008
2.430000e+001	1.103628e-003	3.252584e-004	5.379970e-003	1.000000e+000	2.376613e-006	1.594200e-007	0.000000e+000	0.000000e+000	-1.394915e-007	2.396542e-006	-6.257431e-010	-2.739083e-008
2.440000e+001	1.088884e-003	3.209134e-004	5.315051e-003	1.000000e+000	2.344155e-006	1.571961e-007	0.000000e+000	0.000000e+000	-1.375835e-007	2.363767e-006	-6.174276e-010	-2.706944e-008
2.450000e+001	1.074337e-003	3.166262e-004	5.250894e-003	1.000000e+000	2.312138e-006	1.550031e-007	0.000000e+000	0.000000e+000	-1.357016e-007	2.331439e-006	-6.092218e-010	-2.675168e-008
2.460000e+001	1.059983e-003	3.123959e-004	5.187490e-003	1.000000e+000	2.280557e-006	1.528406e-007	0.000000e+000	0.000000e+000	-1.338453e-007	2.299552e-006	-6.011245e-010	-2.643751e-008
2.470000e+001	1.045820e-003	3.082219e-004	5.124832e-003	1.000000e+000	2.249405e-006	1.507082e-007	0.000000e+000	0.000000e+000	-1.320142e-007	2.268099e-006	-5.931342e-010	-2.612688e-008
2.480000e+001	1.031846e-003	3.041033e-004	5.062909e-003	1.000000e+000	2.218678e-006	1.486054e-007	0.000000e+000	0.000000e+000	-1.302082e-007	2.237075e-006	-5.852495e-010	-2.581977e-008
2.490000e+001	1.018057e-003	3.000395e-004	5.001715e-003	1.000000e+000	2.188368e-006	1.465319e-007	0.000000e+000	0.000000e+000	-1.284267e-007	2.206474e-006	-5.774690e-010	-2.551613e-008
2.500000e+001	1.004451e-003	2.960297e-004	4.941240e-003	1.000000e+000	2.158472e-006	1.444873e-007	0.000000e+000	0.000000e+000	-1.266696e-007	2.176289e-006	-5.697913e-010	-2.521592e-008
2.510000e+001	9.910261e-004	2.920732e-004	4.881477e-003	1.000000e+000	2.128982e-006	1.424711e-007	0.000000e+000	0.000000e+000	-1.249364e-007	2.146517e-006	-5.622151e-010	-2.491912e-008
2.520000e+001	9.777799e-004	2.881694e-004	4.822418e-003	1.000000e+000	2.099893e-006	1.404830e-007	0.000000e+000	0.000000e+000	-1.232268e-007	2.117150e-006	-5.547390e-010	-2.462568e-008
2.530000e+001	9.647097e-004	2.843174e-004	4.764054e-003	1.000000e+000	2.071201e-006	1.385226e-007	0.000000e+000	0.000000e+000	-1.215406e-007	2.088183e-006	-5.473618e-010	-2.433556e-008
2.540000e+001	9.518135e-004	2.805167e-004	4.706378e-003	1.000000e+000	2.042899e-006	1.365894e-007	0.000000e+000	0.000000e+000	-1.198773e-007	2.059611e-006	-5.400821e-010	-2.404874e-008
2.550000e+001	9.390887e-004	2.767665e-004	4.649382e-003	1.000000e+000	2.014982e-006	1.346832e-007	0.000000e+000	0.000000e+000	-1.182367e-007	2.031429e-006	-5.328987e-010	-2.376517e-008
2.560000e+001	9.265332e-004	2.730663e-004	4.593058e-003	1.000000e+000	1.987446e-006	1.328034e-007	0.000000e+000	0.000000e+000	-1.166185e-007	2.003631e-006	-5.258103e-010	-2.348483e-008
2.570000e+001	9.141447e-004	2.694152e-004	4.537399e-003	1.000000e+000	1.960284e-006	1.309499e-007	0.000000e+000	0.000000e+000	-1.150223e-007	1.976212e-006	-5.188156e-010	-2.320767e-008
2.580000e+001	9.019210e-004	2.658127e-004	4.482397e-003	1.000000e+000	1.933493e-006	1.291221e-007	0.000000e+000	0.000000e+000	-1.134480e-007	1.949167e-006	-5.119134e-010	-2.293366e-008
2.590000e+001	8.898600e-004	2.622581e-004	4.428044e-003	1.000000e+000	1.907066e-006	1.273198e-007	0.000000e+000	0.000000e+000	-1.118951e-007	1.922490e-006	-5.051025e-010	-2.266278e-008
2.600000e+001	8.779594e-004	2.587509e-004	4.374333e-003	1.000000e+000	1.880999e-006	1.255426e-007	0.000000e+000	0.000000e+000	-1.103633e-007	1.896178e-006	-4.983818e-010	-2.239497e-008
2.610000e+001	8.662172e-004	2.552903e-004	4.321257e-003	1.000000e+000	1.855287e-006	1.237901e-007	0.000000e+000	0.000000e+000	-1.088525e-007	1.870224e-006	-4.917499e-010	-2.213022e-008
2.620000e+001	8.546312e-004	2.518757e-004	4.268809e-003	1.000000e+000	1.829925e-006	1.220620e-007	0.000000e+000	0.000000e+000	-1.073623e-007	1.844625e-006	-4.852058e-010	-2.186849e-008
2.630000e+001	8.431994e-004	2.485066e-004	4.216981e-003	1.000000e+000	1.804908e-006	1.203580e-007	0.000000e+000	0.000000e+000	-1.058924e-007	1.819374e-006	-4.787483e-010	-2.160975e-008
2.640000e+001	8.319198e-004	2.451823e-004	4.165767e-003	1.000000e+000	1.780233e-006	1.186777e-007	0.000000e+000	0.000000e+000	-1.044426e-007	1.794468e-006	-4.723762e-010	-2.135396e-008
2.650000e+001	8.207903e-004	2.419023e-004	4.115159e-003	1.000000e+000	1.755893e-006	1.170207e-007	0.000000e+000	0.000000e+000	-1.030125e-007	1.769902e-006	-4.660885e-010	-2.110109e-008
2.660000e+001	8.098090e-004	2.386659e-004	4.065150e-003	1.000000e+000	1.731885e-006	1.153869e-007	0.000000e+000	0.000000e+000	-1.016020e-007	1.745670e-006	-4.598840e-010	-2.085111e-008
2.670000e+001	7.989739e-004	2.354727e-004	4.015734e-003	1.000000e+000	1.708204e-006	1.137758e-007	0.000000e+000	0.000000e+000	-1.002107e-007	1.721770e-006	-4.537616e-010	-2.060399e-008
2.680000e+001	7.882830e-004	2.323219e-004	3.966904e-003	1.000000e+000	1.684846e-006	1.121872e-007	0.000000e+000	0.000000e+000	-9.883836e-008	1.698195e-006	-4.477203e-010	-2.035970e-008
2.690000e+001	7.777344e-004	2.292131e-004	3.918653e-003	1.000000e+000	1.661806e-006	1.106206e-007	0.000000e+000	0.000000e+000	-9.748477e-008	1.674942e-006	-4.417589e-010	-2.011821e-008
2.700000e+001	7.673264e-004	2.261457e-004	3.870974e-003	1.000000e+000	1.639080e-006	1.090759e-007	0.000000e+000	0.000000e+000	-9.614966e-008	1.652006e-006	-4.358765e-010	-1.987948e-008
2.710000e+001	7.570569e-004	2.231191e-004	3.823861e-003	1.000000e+000	1.616664e-006	1.075527e-007	0.000000e+000	0.000000e+000	-9.483277e-008	1.629384e-006	-4.300720e-010	-1.964349e-008
2.720000e+001	7.469242e-004	2.201328e-004	3.777307e-003	1.000000e+000	1.594553e-006	1.060508e-007	0.000000e+000	0.000000e+000	-9.353385e-008	1.607070e-006	-4.243443e-010	-1.941021e-008
2.730000e+001	7.369264e-004	2.171863e-004	3.731307e-003	1.000000e+000	1.572743e-006	1.045697e-007	0.000000e+000	0.000000e+000	-9.225267e-008	1.585060e-006	-4.186925e-010	-1.917960e-008
2.740000e+001	7.270618e-004	2.142791e-004	3.685853e-003	1.000000e+000	1.551231e-006	1.031093e-007	0.000000e+000	0.000000e+000	-9.098897e-008	1.563351e-006	-4.131155e-010	-1.895165e-008
2.750000e+001	7.173286e-004	2.114106e-004	3.640939e-003	1.000000e+000	1.530012e-006	1.016692e-007	0.000000e+000	0.000000e+000	-8.974252e-008	1.541938e-006	-4.076124e-010	-1.872631e-008
2.760000e+001	7.077251e-004	2.085803e-004	3.596560e-003	1.000000e+000	1.509082e-006	1.002491e-007	0.000000e+000	0.000000e+000	-8.851309e-008	1.520818e-006	-4.021823e-010	-1.850356e-008
2.770000e+001	6.982495e-004	2.057877e-004	3.552708e-003	1.000000e+000	1.488437e-006	9.884890e-008	0.000000e+000	0.000000e+000	-8.730044e-008	1.499986e-006	-3.968240e-010	-1.828338e-008
2.780000e+001	6.889002e-004	2.030323e-004	3.509379e-003	1.000000e+000	1.468074e-006	9.746815e-008	0.000000e+000	0.000000e+000	-8.610435e-008	1.479438e-006	-3.915368e-010	-1.806573e-008
2.790000e+001	6.796754e-004	2.003136e-004	3.466565e-003	1.000000e+000	1.447988e-006	9.610665e-008	0.000000e+000	0.000000e+000	-8.492459e-008	1.459170e-006	-3.863196e-010	-1.785058e-008
2.800000e+001	6.705736e-004	1.976311e-004	3.424261e-003	1.000000e+000	1.428176e-006	9.476411e-008	0.000000e+000	0.000000e+000	-8.376094e-008	1.439180e-006	-3.811715e-010	-1.763792e-008
2.810000e+001	6.615930e-004	1.949844e-004	3.382462e-003	1.000000e+000	1.408635e-006	9.344028e-008	0.000000e+000	0.000000e+000	-8.261318e-008	1.419462e-006	-3.760917e-010	-1.742771e-008
2.820000e+001	6.527322e-004	1.923730e-004	3.341160e-003	1.000000e+000	1.389359e-006	9.213490e-008	0.000000e+000	0.000000e+000	-8.148109e-008	1.400013e-006	-3.710792e-010	-1.721992e-008
2.830000e+001	6.439894e-004	1.897964e-004	3.300351e-003	1.000000e+000	1.370347e-006	9.084770e-008	0.000000e+000	0.000000e+000	-8.036447e-008	1.380830e-006	-3.661331e-010	-1.701453e-008
2.840000e+001	6.353632e-004	1.872541e-004	3.260030e-003	1.000000e+000	1.351594e-006	8.957844e-008	0.000000e+000	0.000000e+000	-7.926309e-008	1.361909e-006	-3.612526e-010	-1.681151e-008
2.850000e+001	6.268520e-004	1.847457e-004	3.220189e-003	1.000000e+000	1.333096e-006	8.832687e-008	0.000000e+000	0.000000e+000	-7.817676e-008	1.343246e-006	-3.564368e-010	-1.661084e-008
2.860000e+001	6.184543e-004	1.822707e-004	3.180824e-003	1.000000e+000	1.314851e-006	8.709274e-008	0.000000e+000	0.000000e+000	-7.710526e-008	1.324839e-006	-3.516849e-010	-1.641249e-008
2.870000e+001	6.101685e-004	1.798288e-004	3.141929e-003	1.000000e+000	1.296855e-006	8.587580e-008	0.000000e+000	0.000000e+000	-7.604840e-008	1.306682e-006	-3.469959e-010	-1.621643e-008
2.880000e+001	6.019932e-004	1.774194e-004	3.103498e-003	1.000000e+000	1.279104e-006	8.467583e-008	0.000000e+000	0.000000e+000	-7.500598e-008	1.288774e-006	-3.423692e-010	-1.602264e-008
2.890000e+001	5.939269e-004	1.750421e-004	3.065528e-003	1.000000e+000	1.261595e-006	8.349258e-008	0.000000e+000	0.000000e+000	-7.397779e-008	1.271110e-006	-3.378038e-010	-1.583110e-008
2.900000e+001	5.859681e-004	1.726966e-004	3.028011e-003	1.000000e+000	1.244325e-006	8.232582e-008	0.000000e+000	0.000000e+000	-7.296366e-008	1.253687e-006	-3.332989e-010	-1.564177e-008
2.910000e+001	5.781156e-004	1.703823e-004	2.990943e-003	1.000000e+000	1.227291e-006	8.117533e-008	0.000000e+000	0.000000e+000	-7.196338e-008	1.236503e-006	-3.288538e-010	-1.545464e-008
2.920000e+001	5.703677e-004	1.680989e-004	2.954318e-003	1.000000e+000	1.210489e-006	8.004087e-008	0.000000e+000	0.000000e+000	-7.097676e-008	1.219553e-006	-3.244677e-010	-1.526968e-008
2.930000e+001	5.627232e-004	1.658459e-004	2.918132e-003	1.000000e+000	1.193916e-006	7.892223e-008	0.000000e+000	0.000000e+000	-7.000363e-008	1.202835e-006	-3.201397e-010	-1.508686e-008
2.940000e+001	5.551807e-004	1.636230e-004	2.882379e-003	1.000000e+000	1.177569e-006	7.781918e-008	0.000000e+000	0.000000e+000	-6.904379e-008	1.186345e-006	-3.158692e-010	-1.490617e-008
2.950000e+001	5.477387e-004	1.614297e-004	2.847054e-003	1.000000e+000	1.161446e-006	7.673151e-008	0.000000e+000	0.000000e+000	-6.809708e-008	1.170080e-006	-3.116553e-010	-1.472758e-008
2.960000e+001	5.403961e-004	1.592657e-004	2.812153e-003	1.000000e+000	1.145542e-006	7.565900e-008	0.000000e+000	0.000000e+000	-6.716329e-008	1.154038e-006	-3.074974e-010	-1.455106e-008
2.970000e+001	5.331514e-004	1.571306e-004	2.777670e-003	1.000000e+000	1.129855e-006	7.460144e-008	0.000000e+000	0.000000e+000	-6.624227e-008	1.138215e-006	-3.033946e-010	-1.437659e-008
2.980000e+001	5.260034e-004	1.550240e-004	2.743601e-003	1.000000e+000	1.114383e-006	7.355863e-008	0.000000e+000	0.000000e+000	-6.533384e-008	1.122608e-006	-2.993462e-010	-1.420415e-008
2.990000e+001	5.189508e-004	1.529454e-004	2.709940e-003	1.000000e+000	1.099122e-006	7.253035e-008	0.000000e+000	0.000000e+000	-6.443783e-008	1.107214e-006	-2.953516e-010	-1.403373e-008
3.000000e+001	5.119923e-004	1.508947e-004	2.676683e-003	1.000000e+000	1.084068e-006	7.151642e-008	0.000000e+000	0.000000e+000	-6.355406e-008	1.092031e-006	-2.914101e-010	-1.386528e-008
3.010000e+001	5.051267e-004	1.488712e-004	2.643826e-003	1.000000e+000	1.069221e-006	7.051662e-008	0.000000e+000	0.000000e+000	-6.268237e-008	1.077055e-006	-2.875208e-010	-1.369880e-008
3.020000e+001	4.983527e-004	1.468748e-004	2.611363e-003	1.000000e+000	1.054576e-006	6.953076e-008	0.000000e+000	0.000000e+000	-6.182260e-008	1.062284e-006	-2.836832e-010	-1.353425e-008
3.030000e+001	4.916691e-004	1.449051e-004	2.579290e-003	1.000000e+000	1.040131e-006	6.855866e-008	0.000000e+000	0.000000e+000	-6.097458e-008	1.047715e-006	-2.798965e-010	-1.337163e-008
3.040000e+001	4.850747e-004	1.429616e-004	2.547603e-003	1.000000e+000	1.025883e-006	6.760011e-008	0.000000e+000	0.000000e+000	-6.013815e-008	1.033345e-006	-2.761601e-010	-1.321091e-008
3.050000e+001	4.785684e-004	1.410441e-004	2.516296e-003	1.000000e+000	1.011829e-006	6.665492e-008	0.000000e+000	0.000000e+000	-5.931317e-008	1.019171e-006	-2.724734e-010	-1.305206e-008
3.060000e+001	4.721490e-004	1.391521e-004	2.485366e-003	1.000000e+000	9.979678e-007	6.572292e-008	0.000000e+000	0.000000e+000	-5.849946e-008	1.005191e-006	-2.688356e-010	-1.289506e-008
3.070000e+001	4.658152e-004	1.372855e-004	2.454809e-003	1.000000e+000	9.842955e-007	6.480392e-008	0.000000e+000	0.000000e+000	-5.769687e-008	9.914025e-007	-2.652461e-010	-1.273990e-008
3.080000e+001	4.595660e-004	1.354437e-004	2.424618e-003	1.000000e+000	9.708099e-007	6.389773e-008	0.000000e+000	0.000000e+000	-5.690527e-008	9.778023e-007	-2.617042e-010	-1.258655e-008
3.090000e+001	4.534003e-004	1.336266e-004	2.394792e-003	1.000000e+000	9.575084e-007	6.300419e-008	0.000000e+000	0.000000e+000	-5.612448e-008	9.643881e-007	-2.582095e-010	-1.243500e-008
3.100000e+001	4.473169e-004	1.318337e-004	2.365324e-003	1.000000e+000	9.443885e-007	6.212310e-008	0.000000e+000	0.000000e+000	-5.535438e-008	9.511572e-007	-2.547611e-010	-1.228522e-008
3.110000e+001	4.413148e-004	1.300648e-004	2.336212e-003	1.000000e+000	9.314478e-007	6.125431e-008	0.000000e+000	0.000000e+000	-5.459480e-008	9.381073e-007	-2.513586e-010	-1.213719e-008
3.120000e+001	4.353928e-004	1.283195e-004	2.307450e-003	1.000000e+000	9.186838e-007	6.039764e-008	0.000000e+000	0.000000e+000	-5.384562e-008	9.252358e-007	-2.480012e-010	-1.199090e-008
3.130000e+001	4.295499e-004	1.265975e-004	2.279035e-003	1.000000e+000	9.060941e-007	5.955292e-008	0.000000e+000	0.000000e+000	-5.310668e-008	9.125404e-007	-2.446885e-010	-1.184632e-008
3.140000e+001	4.237851e-004	1.248985e-004	2.250963e-003	1.000000e+000	8.936764e-007	5.871998e-008	0.000000e+000	0.000000e+000	-5.237785e-008	9.000186e-007	-2.414198e-010	-1.170344e-008
3.150000e+001	4.180973e-004	1.232222e-004	2.223230e-003	1.000000e+000	8.814283e-007	5.789867e-008	0.000000e+000	0.000000e+000	-5.165899e-008	8.876680e-007	-2.381946e-010	-1.156223e-008
3.160000e+001	4.124855e-004	1.215683e-004	2.195831e-003	1.000000e+000	8.693475e-007	5.708881e-008	0.000000e+000	0.000000e+000	-5.094997e-008	8.754863e-007	-2.350122e-010	-1.142268e-008
3.170000e+001	4.069486e-004	1.199365e-004	2.168762e-003	1.000000e+000	8.574317e-007	5.629025e-008	0.000000e+000	0.000000e+000	-5.025064e-008	8.634713e-007	-2.318721e-010	-1.128477e-008
3.180000e+001	4.014858e-004	1.183265e-004	2.142021e-003	1.000000e+000	8.456787e-007	5.550284e-008	0.000000e+000	0.000000e+000	-4.956088e-008	8.516206e-007	-2.287737e-010	-1.114848e-008
3.190000e+001	3.960959e-004	1.167380e-004	2.115603e-003	1.000000e+000	8.340862e-007	5.472641e-008	0.000000e+000	0.000000e+000	-4.888056e-008	8.399321e-007	-2.257166e-010	-1.101379e-008
3.200000e+001	3.907781e-004	1.151707e-004	2.089504e-003	1.000000e+000	8.226521e-007	5.396082e-008	0.000000e+000	0.000000e+000	-4.820955e-008	8.284034e-007	-2.227000e-010	-1.088068e-008
