TIME          	MC CONC       	STS CONC      	HTS CONC      	SED CONC      	ADV dm/dt     	DISP dm/dt    	DECAY dm/dt   	SORPTION dm/dt	STORAGE dm/dt 	MC dm/dt      	STS dm/dt     	HTS dm/dt     
(hr)          	mg/L          	mg/L          	mg/L          	mg/L          	(mg/L)·(m²/s)  	(mg/L)·(m²/s)  	(mg/L)·(m²/s)  	(mg/L)·(m²/s)  	(mg/L)·(m²/s)  	(mg/L)·(m²/s)  	(mg/L)·(m²/s)  	(mg/L)·(m²/s)  
0.000000e+000	3.484254e-001	3.484254e-001	1.471727e-003	0.000000e+000	4.843348e-005	5.498366e-007	0.000000e+000	0.000000e+000	-2.222307e-006	4.676101e-005	0.000000e+000	2.558040e-022
1.000000e-001	3.484254e-001	3.484254e-001	1.471727e-003	1.000000e+000	4.843348e-005	5.498366e-007	0.000000e+000	0.000000e+000	-2.222307e-006	4.676101e-005	3.570477e-020	1.279020e-021
2.000000e-001	3.484254e-001	3.484254e-001	1.471727e-003	1.000000e+000	4.843348e-005	5.498366e-007	0.000000e+000	0.000000e+000	-2.222307e-006	4.676101e-005	3.570477e-020	1.279020e-021
3.000000e-001	3.484254e-001	3.484254e-001	1.471727e-003	1.000000e+000	4.843348e-005	5.498366e-007	0.000000e+000	0.000000e+000	-2.222307e-006	4.676101e-005	3.570477e-020	1.279020e-021
4.000000e-001	3.484254e-001	3.484254e-001	1.471727e-003	1.000000e+000	4.843348e-005	5.498366e-007	0.000000e+000	0.000000e+000	-2.222307e-006	4.676101e-005	5.022471e-018	1.197162e-019
5.000000e-001	3.484254e-001	3.484254e-001	1.471727e-003	1.000000e+000	4.843348e-005	5.498367e-007	0.000000e+000	0.000000e+000	-2.222307e-006	4.676101e-005	1.219389e-015	2.727075e-017
6.000000e-001	3.484254e-001	3.484254e-001	1.471727e-003	1.000000e+000	4.843349e-005	5.498395e-007	0.000000e+000	0.000000e+000	-2.222307e-006	4.676102e-005	6.594081e-014	1.388623e-015
7.000000e-001	3.484254e-001	3.484254e-001	1.471727e-003	1.000000e+000	4.843361e-005	5.498809e-007	0.000000e+000	0.000000e+000	-2.222309e-006	4.676118e-005	1.304716e-012	2.592982e-014
8.000000e-001	3.484255e-001	3.484254e-001	1.471727e-003	1.000000e+000	4.843463e-005	5.501903e-007	0.000000e+000	0.000000e+000	-2.222321e-006	4.676250e-005	1.292613e-011	2.433474e-013
9.000000e-001	3.484260e-001	3.484257e-001	1.471729e-003	1.000000e+000	4.844003e-005	5.516004e-007	0.000000e+000	0.000000e+000	-2.222390e-006	4.676924e-005	7.819169e-011	1.400697e-012
1.000000e+000	3.484284e-001	3.484269e-001	1.471736e-003	1.000000e+000	4.845988e-005	5.560628e-007	0.000000e+000	0.000000e+000	-2.222656e-006	4.679328e-005	3.289976e-010	5.634382e-012
1.100000e+000	3.484362e-001	3.484313e-001	1.471761e-003	1.000000e+000	4.851520e-005	5.667609e-007	0.000000e+000	0.000000e+000	-2.223429e-006	4.685854e-005	1.051866e-009	1.730072e-011
1.200000e+000	3.484565e-001	3.484438e-001	1.471830e-003	1.000000e+000	4.863966e-005	5.873838e-007	0.000000e+000	0.000000e+000	-2.225224e-006	4.700182e-005	2.718029e-009	4.311599e-011
1.300000e+000	3.485006e-001	3.484730e-001	1.471985e-003	1.000000e+000	4.887568e-005	6.206843e-007	0.000000e+000	0.000000e+000	-2.228721e-006	4.726765e-005	5.932771e-009	9.111026e-011
1.400000e+000	3.485845e-001	3.485318e-001	1.472288e-003	1.000000e+000	4.926518e-005	6.669821e-007	0.000000e+000	0.000000e+000	-2.234622e-006	4.769754e-005	1.129901e-008	1.685508e-010
1.500000e+000	3.487267e-001	3.486369e-001	1.472815e-003	1.000000e+000	4.983759e-005	7.233575e-007	0.000000e+000	0.000000e+000	-2.243468e-006	4.831748e-005	1.923765e-008	2.795764e-010
1.600000e+000	3.489461e-001	3.488070e-001	1.473647e-003	1.000000e+000	5.059960e-005	7.839220e-007	0.000000e+000	0.000000e+000	-2.255461e-006	4.912806e-005	2.983076e-008	4.234367e-010
1.700000e+000	3.492588e-001	3.490594e-001	1.474855e-003	1.000000e+000	5.152996e-005	8.410403e-007	0.000000e+000	0.000000e+000	-2.270369e-006	5.010063e-005	4.274328e-008	5.939444e-010
1.800000e+000	3.496753e-001	3.494083e-001	1.476492e-003	1.000000e+000	5.258086e-005	8.870251e-007	0.000000e+000	0.000000e+000	-2.287529e-006	5.118036e-005	5.724627e-008	7.802544e-010
1.900000e+000	3.501985e-001	3.498611e-001	1.478578e-003	1.000000e+000	5.368507e-005	9.157363e-007	0.000000e+000	0.000000e+000	-2.305950e-006	5.229485e-005	7.232885e-008	9.686470e-010
2.000000e+000	3.508233e-001	3.504182e-001	1.481101e-003	1.000000e+000	5.476648e-005	9.236588e-007	0.000000e+000	0.000000e+000	-2.324469e-006	5.336567e-005	8.686191e-008	1.144757e-009
2.100000e+000	3.515371e-001	3.510717e-001	1.484016e-003	1.000000e+000	5.575135e-005	9.102784e-007	0.000000e+000	0.000000e+000	-2.341929e-006	5.431970e-005	9.976937e-008	1.295686e-009
2.200000e+000	3.523210e-001	3.518071e-001	1.487251e-003	1.000000e+000	5.657783e-005	8.778099e-007	0.000000e+000	0.000000e+000	-2.357331e-006	5.509831e-005	1.101703e-007	1.411591e-009
2.300000e+000	3.531526e-001	3.526047e-001	1.490714e-003	1.000000e+000	5.720224e-005	8.304752e-007	0.000000e+000	0.000000e+000	-2.369934e-006	5.566278e-005	1.174696e-007	1.486548e-009
2.400000e+000	3.540077e-001	3.534415e-001	1.494305e-003	1.000000e+000	5.760176e-005	7.735845e-007	0.000000e+000	0.000000e+000	-2.379311e-006	5.599603e-005	1.213920e-007	1.518696e-009
2.500000e+000	3.548629e-001	3.542940e-001	1.497923e-003	1.000000e+000	5.777386e-005	7.126401e-007	0.000000e+000	0.000000e+000	-2.385339e-006	5.610116e-005	1.219658e-007	1.509806e-009
2.600000e+000	3.556967e-001	3.551395e-001	1.501475e-003	1.000000e+000	5.773320e-005	6.526182e-007	0.000000e+000	0.000000e+000	-2.388161e-006	5.599766e-005	1.194699e-007	1.464478e-009
2.700000e+000	3.564916e-001	3.559582e-001	1.504882e-003	1.000000e+000	5.750723e-005	5.974983e-007	0.000000e+000	0.000000e+000	-2.388124e-006	5.571661e-005	1.143629e-007	1.389175e-009
2.800000e+000	3.572336e-001	3.567336e-001	1.508081e-003	1.000000e+000	5.713124e-005	5.500446e-007	0.000000e+000	0.000000e+000	-2.385700e-006	5.529559e-005	1.072065e-007	1.291271e-009
2.900000e+000	3.579134e-001	3.574536e-001	1.511027e-003	1.000000e+000	5.664380e-005	5.118013e-007	0.000000e+000	0.000000e+000	-2.381425e-006	5.477418e-005	9.859597e-008	1.178237e-009
3.000000e+000	3.585256e-001	3.581100e-001	1.513692e-003	1.000000e+000	5.608294e-005	4.832356e-007	0.000000e+000	0.000000e+000	-2.375837e-006	5.419034e-005	8.910466e-008	1.057014e-009
3.100000e+000	3.590681e-001	3.586985e-001	1.516065e-003	1.000000e+000	5.548334e-005	4.639665e-007	0.000000e+000	0.000000e+000	-2.369436e-006	5.357787e-005	7.924393e-008	9.336055e-010
3.200000e+000	3.595419e-001	3.592180e-001	1.518146e-003	1.000000e+000	5.487460e-005	4.530217e-007	0.000000e+000	0.000000e+000	-2.362654e-006	5.296496e-005	6.944000e-008	8.128612e-010
3.300000e+000	3.599501e-001	3.596702e-001	1.519946e-003	1.000000e+000	5.428034e-005	4.490828e-007	0.000000e+000	0.000000e+000	-2.355841e-006	5.237358e-005	6.002423e-008	6.984239e-010
3.400000e+000	3.602976e-001	3.600586e-001	1.521483e-003	1.000000e+000	5.371813e-005	4.506913e-007	0.000000e+000	0.000000e+000	-2.349267e-006	5.181956e-005	5.123435e-008	5.927912e-010
3.500000e+000	3.605899e-001	3.603883e-001	1.522781e-003	1.000000e+000	5.319991e-005	4.564077e-007	0.000000e+000	0.000000e+000	-2.343120e-006	5.131320e-005	4.322291e-008	4.974529e-010
3.600000e+000	3.608331e-001	3.606649e-001	1.523864e-003	1.000000e+000	5.273267e-005	4.649183e-007	0.000000e+000	0.000000e+000	-2.337518e-006	5.086007e-005	3.607006e-008	4.130665e-010
3.700000e+000	3.610336e-001	3.608946e-001	1.524759e-003	1.000000e+000	5.231940e-005	4.750978e-007	0.000000e+000	0.000000e+000	-2.332524e-006	5.046197e-005	2.979802e-008	3.396435e-010
3.800000e+000	3.611973e-001	3.610835e-001	1.525492e-003	1.000000e+000	5.195998e-005	4.860362e-007	0.000000e+000	0.000000e+000	-2.328155e-006	5.011786e-005	2.438563e-008	2.767262e-010
3.900000e+000	3.613297e-001	3.612374e-001	1.526086e-003	1.000000e+000	5.165204e-005	4.970379e-007	0.000000e+000	0.000000e+000	-2.324396e-006	4.982468e-005	1.978143e-008	2.235444e-010
4.000000e+000	3.614360e-001	3.613618e-001	1.526565e-003	1.000000e+000	5.139174e-005	5.076041e-007	0.000000e+000	0.000000e+000	-2.321207e-006	4.957814e-005	1.591500e-008	1.791448e-010
4.100000e+000	3.615207e-001	3.614615e-001	1.526947e-003	1.000000e+000	5.117438e-005	5.174053e-007	0.000000e+000	0.000000e+000	-2.318538e-006	4.937325e-005	1.270597e-008	1.424921e-010
4.200000e+000	3.615877e-001	3.615408e-001	1.527250e-003	1.000000e+000	5.099488e-005	5.262497e-007	0.000000e+000	0.000000e+000	-2.316330e-006	4.920480e-005	1.007092e-008	1.125448e-010
4.300000e+000	3.616404e-001	3.616034e-001	1.527488e-003	1.000000e+000	5.084815e-005	5.340518e-007	0.000000e+000	0.000000e+000	-2.314524e-006	4.906768e-005	7.928344e-009	8.830674e-011
4.400000e+000	3.616815e-001	3.616526e-001	1.527674e-003	1.000000e+000	5.072932e-005	5.408041e-007	0.000000e+000	0.000000e+000	-2.313059e-006	4.895706e-005	6.201883e-009	6.885989e-011
4.500000e+000	3.617134e-001	3.616909e-001	1.527819e-003	1.000000e+000	5.063391e-005	5.465524e-007	0.000000e+000	0.000000e+000	-2.311883e-006	4.886858e-005	4.822311e-009	5.338270e-011
4.600000e+000	3.617381e-001	3.617207e-001	1.527932e-003	1.000000e+000	5.055792e-005	5.513759e-007	0.000000e+000	0.000000e+000	-2.310946e-006	4.879835e-005	3.728444e-009	4.115685e-011
4.700000e+000	3.617570e-001	3.617436e-001	1.528018e-003	1.000000e+000	5.049784e-005	5.553720e-007	0.000000e+000	0.000000e+000	-2.310206e-006	4.874300e-005	2.867345e-009	3.156646e-011
4.800000e+000	3.617714e-001	3.617612e-001	1.528084e-003	1.000000e+000	5.045067e-005	5.586449e-007	0.000000e+000	0.000000e+000	-2.309625e-006	4.869969e-005	2.194022e-009	2.409222e-011
4.900000e+000	3.617824e-001	3.617746e-001	1.528134e-003	1.000000e+000	5.041387e-005	5.612981e-007	0.000000e+000	0.000000e+000	-2.309172e-006	4.866599e-005	1.670824e-009	1.830252e-011
5.000000e+000	3.617907e-001	3.617848e-001	1.528172e-003	1.000000e+000	5.038534e-005	5.634288e-007	0.000000e+000	0.000000e+000	-2.308820e-006	4.863994e-005	1.266660e-009	1.384320e-011
5.100000e+000	3.617970e-001	3.617925e-001	1.528201e-003	1.000000e+000	5.036334e-005	5.651253e-007	0.000000e+000	0.000000e+000	-2.308550e-006	4.861991e-005	9.561659e-010	1.042686e-011
5.200000e+000	3.618017e-001	3.617984e-001	1.528222e-003	1.000000e+000	5.034647e-005	5.664654e-007	0.000000e+000	0.000000e+000	-2.308343e-006	4.860459e-005	7.188619e-010	7.822658e-012
5.300000e+000	3.618052e-001	3.618027e-001	1.528239e-003	1.000000e+000	5.033358e-005	5.675120e-007	0.000000e+000	0.000000e+000	-2.308185e-006	4.859291e-005	5.382801e-010	5.844840e-012
5.400000e+000	3.618079e-001	3.618060e-001	1.528251e-003	1.000000e+000	5.032361e-005	5.682606e-007	0.000000e+000	0.000000e+000	-2.308062e-006	4.858381e-005	3.995761e-010	4.311494e-012
5.500000e+000	3.618096e-001	3.618084e-001	1.528259e-003	1.000000e+000	5.031447e-005	5.683640e-007	0.000000e+000	0.000000e+000	-2.307951e-006	4.857488e-005	2.766978e-010	2.816773e-012
5.600000e+000	3.618101e-001	3.618097e-001	1.528263e-003	1.000000e+000	5.029978e-005	5.664877e-007	0.000000e+000	0.000000e+000	-2.307766e-006	4.855850e-005	8.875020e-011	1.859909e-014
5.700000e+000	3.618072e-001	3.618090e-001	1.528256e-003	1.000000e+000	5.026290e-005	5.595986e-007	0.000000e+000	0.000000e+000	-2.307275e-006	4.851522e-005	-3.838045e-010	-7.581995e-012
5.800000e+000	3.617951e-001	3.618026e-001	1.528218e-003	1.000000e+000	5.016939e-005	5.423849e-007	0.000000e+000	0.000000e+000	-2.305975e-006	4.840580e-005	-1.606609e-009	-2.707291e-011
5.900000e+000	3.617620e-001	3.617828e-001	1.528107e-003	1.000000e+000	4.995505e-005	5.056451e-007	0.000000e+000	0.000000e+000	-2.302922e-006	4.815777e-005	-4.448408e-009	-7.141405e-011
6.000000e+000	3.616839e-001	3.617330e-001	1.527839e-003	1.000000e+000	4.949949e-005	4.319414e-007	0.000000e+000	0.000000e+000	-2.296348e-006	4.763508e-005	-1.052393e-008	-1.647809e-010
6.100000e+000	3.615146e-001	3.616212e-001	1.527247e-003	1.000000e+000	4.857733e-005	2.893212e-007	0.000000e+000	0.000000e+000	-2.282926e-006	4.658372e-005	-2.286447e-008	-3.525000e-010
6.200000e+000	3.611683e-001	3.613865e-001	1.526022e-003	1.000000e+000	4.679834e-005	2.853821e-008	0.000000e+000	0.000000e+000	-2.256786e-006	4.457009e-005	-4.679435e-008	-7.124843e-010
6.300000e+000	3.604993e-001	3.609212e-001	1.523623e-003	1.000000e+000	4.357756e-005	-4.085497e-007	0.000000e+000	0.000000e+000	-2.208868e-006	4.096014e-005	-9.044353e-008	-1.358952e-009
6.400000e+000	3.592868e-001	3.600521e-001	1.519206e-003	1.000000e+000	3.818902e-005	-1.066179e-006	0.000000e+000	0.000000e+000	-2.127494e-006	3.499535e-005	-1.640795e-007	-2.427626e-009
6.500000e+000	3.572380e-001	3.585335e-001	1.511614e-003	1.000000e+000	2.993223e-005	-1.943775e-006	0.000000e+000	0.000000e+000	-2.000742e-006	2.598771e-005	-2.777565e-007	-4.038402e-009
6.600000e+000	3.540195e-001	3.560606e-001	1.499474e-003	1.000000e+000	1.838479e-005	-2.971289e-006	0.000000e+000	0.000000e+000	-1.820355e-006	1.359314e-005	-4.376066e-007	-6.243817e-009
6.700000e+000	3.493163e-001	3.523108e-001	1.481414e-003	1.000000e+000	3.656227e-006	-4.006614e-006	0.000000e+000	0.000000e+000	-1.585942e-006	-1.936329e-006	-6.420101e-007	-8.982852e-009
6.800000e+000	3.429055e-001	3.470072e-001	1.456367e-003	1.000000e+000	-1.347360e-005	-4.864259e-006	0.000000e+000	0.000000e+000	-1.307644e-006	-1.964550e-005	-8.794063e-007	-1.206367e-008
6.900000e+000	3.347198e-001	3.399868e-001	1.423853e-003	1.000000e+000	-3.162685e-005	-5.370653e-006	0.000000e+000	0.000000e+000	-1.005586e-006	-3.800309e-005	-1.129241e-006	-1.519157e-008
7.000000e+000	3.248766e-001	3.312495e-001	1.384154e-003	1.000000e+000	-4.912454e-005	-5.425008e-006	0.000000e+000	0.000000e+000	-7.056648e-007	-5.525522e-005	-1.366369e-006	-1.803947e-008
7.100000e+000	3.136575e-001	3.209687e-001	1.338280e-003	1.000000e+000	-6.441107e-005	-5.036982e-006	0.000000e+000	0.000000e+000	-4.329455e-007	-6.988100e-005	-1.567522e-006	-2.033557e-008
7.200000e+000	3.014456e-001	3.094554e-001	1.287751e-003	1.000000e+000	-7.644119e-005	-4.322621e-006	0.000000e+000	0.000000e+000	-2.052625e-007	-8.096908e-005	-1.717308e-006	-2.193238e-008
7.300000e+000	2.886416e-001	2.970904e-001	1.234260e-003	1.000000e+000	-8.488613e-005	-3.462211e-006	0.000000e+000	0.000000e+000	-2.946761e-008	-8.837781e-005	-1.811434e-006	-2.283151e-008
7.400000e+000	2.755883e-001	2.842462e-001	1.179341e-003	1.000000e+000	-9.010558e-005	-2.640948e-006	0.000000e+000	0.000000e+000	9.859068e-008	-9.264794e-005	-1.856235e-006	-2.316016e-008
7.500000e+000	2.625232e-001	2.712229e-001	1.124125e-003	1.000000e+000	-9.293018e-005	-1.997204e-006	0.000000e+000	0.000000e+000	1.909068e-007	-9.473647e-005	-1.865220e-006	-2.311531e-008
7.600000e+000	2.495669e-001	2.582156e-001	1.069256e-003	1.000000e+000	-9.436027e-005	-1.595442e-006	0.000000e+000	0.000000e+000	2.626109e-007	-9.569310e-005	-1.854288e-006	-2.290025e-008
7.700000e+000	2.367425e-001	2.453124e-001	1.014938e-003	1.000000e+000	-9.528952e-005	-1.426360e-006	0.000000e+000	0.000000e+000	3.275121e-007	-9.638837e-005	-1.837394e-006	-2.267458e-008
7.800000e+000	2.240141e-001	2.325199e-001	9.610760e-004	1.000000e+000	-9.631078e-005	-1.422931e-006	0.000000e+000	0.000000e+000	3.949415e-007	-9.733877e-005	-1.823641e-006	-2.252537e-008
7.900000e+000	2.113338e-001	2.198027e-001	9.074680e-004	1.000000e+000	-9.760202e-005	-1.478790e-006	0.000000e+000	0.000000e+000	4.679127e-007	-9.861290e-005	-1.815735e-006	-2.245422e-008
8.000000e+000	1.986910e-001	2.071306e-001	8.540137e-004	1.000000e+000	-9.887705e-005	-1.466031e-006	0.000000e+000	0.000000e+000	5.422662e-007	-9.980081e-005	-1.809452e-006	-2.237529e-008
8.100000e+000	1.861584e-001	1.945263e-001	8.009122e-004	1.000000e+000	-9.940614e-005	-1.254907e-006	0.000000e+000	0.000000e+000	6.068256e-007	-1.000542e-004	-1.794077e-006	-2.212564e-008
8.200000e+000	1.739308e-001	1.821075e-001	7.488322e-004	1.000000e+000	-9.802844e-005	-7.036966e-007	0.000000e+000	0.000000e+000	6.438117e-007	-9.808832e-005	-1.753077e-006	-2.147149e-008
8.300000e+000	1.624026e-001	1.701392e-001	6.991673e-004	1.000000e+000	-9.265267e-005	5.059860e-007	0.000000e+000	0.000000e+000	6.229748e-007	-9.152371e-005	-1.658718e-006	-1.999963e-008
8.400000e+000	1.524437e-001	1.591871e-001	6.549073e-004	1.000000e+000	-7.821024e-005	3.314377e-006	0.000000e+000	0.000000e+000	4.735422e-007	-7.442232e-005	-1.445780e-006	-1.667231e-008
8.500000e+000	1.461112e-001	1.505629e-001	6.230833e-004	1.000000e+000	-4.257885e-005	9.827359e-006	0.000000e+000	0.000000e+000	2.255353e-008	-3.272893e-005	-9.544343e-007	-8.975096e-009
8.600000e+000	1.478723e-001	1.472297e-001	6.193724e-004	1.000000e+000	3.790845e-005	2.341155e-005	0.000000e+000	0.000000e+000	-1.080961e-006	6.023904e-005	1.377767e-007	7.932417e-009
8.700000e+000	1.660123e-001	1.550777e-001	6.739794e-004	1.000000e+000	1.999650e-004	4.790230e-005	0.000000e+000	0.000000e+000	-3.403404e-006	2.444639e-004	2.344379e-006	4.131611e-008
8.800000e+000	2.135605e-001	1.841164e-001	8.363069e-004	1.000000e+000	4.890718e-004	8.607673e-005	0.000000e+000	0.000000e+000	-7.675360e-006	5.674732e-004	6.312819e-006	9.971779e-008
8.900000e+000	3.080741e-001	2.489420e-001	1.175503e-003	1.000000e+000	9.494629e-004	1.380888e-004	0.000000e+000	0.000000e+000	-1.464367e-005	1.072908e-003	1.267792e-005	1.907381e-007
9.000000e+000	4.699999e-001	3.679887e-001	1.775192e-003	1.000000e+000	1.611450e-003	2.006387e-004	0.000000e+000	0.000000e+000	-2.487027e-005	1.787218e-003	2.187120e-005	3.185329e-007
9.100000e+000	7.198671e-001	5.614941e-001	2.722845e-003	1.000000e+000	2.480522e-003	2.672718e-004	0.000000e+000	0.000000e+000	-3.854862e-005	2.709245e-003	3.395516e-005	4.819569e-007
9.200000e+000	1.074976e+000	8.485725e-001	4.096166e-003	1.000000e+000	3.531891e-003	3.296802e-004	0.000000e+000	0.000000e+000	-5.540021e-005	3.806171e-003	4.854101e-005	6.739913e-007
9.300000e+000	1.546391e+000	1.244086e+000	5.949835e-003	1.000000e+000	4.711997e-003	3.795079e-004	0.000000e+000	0.000000e+000	-7.468092e-005	5.016824e-003	6.481409e-005	8.825813e-007
9.400000e+000	2.136894e+000	1.756044e+000	8.305617e-003	1.000000e+000	5.946180e-003	4.100651e-004	0.000000e+000	0.000000e+000	-9.528820e-005	6.260957e-003	8.165417e-005	1.092551e-006
9.500000e+000	2.840276e+000	2.384063e+000	1.114776e-002	1.000000e+000	7.150096e-003	4.175005e-004	0.000000e+000	0.000000e+000	-1.159332e-004	7.451664e-003	9.781204e-005	1.288011e-006
9.600000e+000	3.641958e+000	3.119124e+000	1.442412e-002	1.000000e+000	8.241930e-003	4.012303e-004	0.000000e+000	0.000000e+000	-1.353308e-004	8.507829e-003	1.120957e-004	1.454666e-006
9.700000e+000	4.520695e+000	3.944545e+000	1.805216e-002	1.000000e+000	9.152850e-003	3.636698e-004	0.000000e+000	0.000000e+000	-1.523668e-004	9.364153e-003	1.235265e-004	1.581562e-006
9.800000e+000	5.450925e+000	4.837863e+000	2.192831e-002	1.000000e+000	9.834072e-003	3.094682e-004	0.000000e+000	0.000000e+000	-1.662143e-004	9.977326e-003	1.314405e-004	1.662070e-006
9.900000e+000	6.405335e+000	5.773207e+000	2.593856e-002	1.000000e+000	1.025998e-002	2.445161e-004	0.000000e+000	0.000000e+000	-1.763897e-004	1.032810e-002	1.355284e-004	1.694080e-006
1.000000e+001	7.357239e+000	6.723750e+000	2.996892e-002	1.000000e+000	1.042760e-002	1.749660e-004	0.000000e+000	0.000000e+000	-1.827526e-004	1.041982e-002	1.358200e-004	1.679555e-006
1.010000e+001	8.282513e+000	7.663908e+000	3.391408e-002	1.000000e+000	1.035345e-002	1.064340e-004	0.000000e+000	0.000000e+000	-1.854628e-004	1.027442e-002	1.326289e-004	1.623673e-006
1.020000e+001	9.160952e+000	8.571055e+000	3.768384e-002	1.000000e+000	1.006862e-002	4.346002e-005	0.000000e+000	0.000000e+000	-1.849103e-004	9.927171e-003	1.264740e-004	1.533764e-006
1.030000e+001	9.977013e+000	9.426663e+000	4.120701e-002	1.000000e+000	9.613361e-003	-1.076196e-005	0.000000e+000	0.000000e+000	-1.816359e-004	9.420963e-003	1.179950e-004	1.418245e-006
1.040000e+001	1.072001e+001	1.021686e+001	4.443279e-002	1.000000e+000	9.031862e-003	-5.441620e-005	0.000000e+000	0.000000e+000	-1.762530e-004	8.801193e-003	1.078738e-004	1.285684e-006
1.050000e+001	1.138386e+001	1.093251e+001	4.733025e-002	1.000000e+000	8.367880e-003	-8.691672e-005	0.000000e+000	0.000000e+000	-1.693820e-004	8.111581e-003	9.676924e-005	1.144076e-006
1.060000e+001	1.196657e+001	1.156885e+001	4.988635e-002	1.000000e+000	7.661511e-003	-1.086500e-004	0.000000e+000	0.000000e+000	-1.616009e-004	7.391260e-003	8.527219e-005	1.000369e-006
1.070000e+001	1.246949e+001	1.212492e+001	5.210309e-002	1.000000e+000	6.947159e-003	-1.206792e-004	0.000000e+000	0.000000e+000	-1.534137e-004	6.673066e-003	7.387785e-005	8.602177e-007
1.080000e+001	1.289658e+001	1.260286e+001	5.399433e-002	1.000000e+000	6.252558e-003	-1.244671e-004	0.000000e+000	0.000000e+000	-1.452341e-004	5.982857e-003	6.297480e-005	7.279136e-007
1.090000e+001	1.325363e+001	1.300715e+001	5.558259e-002	1.000000e+000	5.598582e-003	-1.216535e-004	0.000000e+000	0.000000e+000	-1.373817e-004	5.339547e-003	5.284553e-005	6.064484e-007
1.100000e+001	1.354761e+001	1.334391e+001	5.689610e-002	1.000000e+000	4.999565e-003	-1.138991e-004	0.000000e+000	0.000000e+000	-1.300848e-004	4.755581e-003	4.367407e-005	4.976363e-007
1.110000e+001	1.378606e+001	1.362021e+001	5.796615e-002	1.000000e+000	4.463939e-003	-1.027760e-004	0.000000e+000	0.000000e+000	-1.234887e-004	4.237674e-003	3.555759e-005	4.022745e-007
1.120000e+001	1.397657e+001	1.384355e+001	5.882492e-002	1.000000e+000	3.995109e-003	-8.967949e-005	0.000000e+000	0.000000e+000	-1.176666e-004	3.787763e-003	2.852068e-005	3.203341e-007
1.130000e+001	1.412649e+001	1.402139e+001	5.950375e-002	1.000000e+000	3.592559e-003	-7.575163e-005	0.000000e+000	0.000000e+000	-1.126342e-004	3.404173e-003	2.253238e-005	2.511823e-007
1.140000e+001	1.424259e+001	1.416085e+001	6.003199e-002	1.000000e+000	3.253048e-003	-6.183863e-005	0.000000e+000	0.000000e+000	-1.083666e-004	3.082842e-003	1.752448e-005	1.938137e-007
1.150000e+001	1.433101e+001	1.426848e+001	6.043633e-002	1.000000e+000	2.971703e-003	-4.850589e-005	0.000000e+000	0.000000e+000	-1.048140e-004	2.818383e-003	1.340814e-005	1.470437e-007
1.160000e+001	1.439720e+001	1.435016e+001	6.074058e-002	1.000000e+000	2.742827e-003	-3.610084e-005	0.000000e+000	0.000000e+000	-1.019139e-004	2.604812e-003	1.008597e-005	1.096343e-007
1.170000e+001	1.444590e+001	1.441111e+001	6.096556e-002	1.000000e+000	2.560379e-003	-2.482714e-005	0.000000e+000	0.000000e+000	-9.959726e-005	2.435954e-003	7.458909e-006	8.035531e-008
1.180000e+001	1.448116e+001	1.445583e+001	6.112924e-002	1.000000e+000	2.418254e-003	-1.479712e-005	0.000000e+000	0.000000e+000	-9.779284e-005	2.305664e-003	5.429668e-006	5.801281e-008
1.190000e+001	1.450641e+001	1.448819e+001	6.124679e-002	1.000000e+000	2.310484e-003	-6.054763e-006	0.000000e+000	0.000000e+000	-9.642909e-005	2.208000e-003	3.904958e-006	4.147326e-008
1.200000e+001	1.452445e+001	1.451140e+001	6.133078e-002	1.000000e+000	2.231424e-003	1.418294e-006	0.000000e+000	0.000000e+000	-9.543697e-005	2.137406e-003	2.797794e-006	2.969244e-008
1.210000e+001	1.453756e+001	1.452810e+001	6.139142e-002	1.000000e+000	2.175935e-003	7.696531e-006	0.000000e+000	0.000000e+000	-9.475257e-005	2.088879e-003	2.029781e-006	2.174317e-008
1.220000e+001	1.454756e+001	1.454041e+001	6.143687e-002	1.000000e+000	2.139491e-003	1.289412e-005	0.000000e+000	0.000000e+000	-9.431917e-005	2.058066e-003	1.532668e-006	1.683014e-008
1.230000e+001	1.455584e+001	1.455002e+001	6.147355e-002	1.000000e+000	2.118195e-003	1.713617e-005	0.000000e+000	0.000000e+000	-9.408775e-005	2.041243e-003	1.248405e-006	1.428258e-008
1.240000e+001	1.456350e+001	1.455824e+001	6.150639e-002	1.000000e+000	2.108653e-003	2.052301e-005	0.000000e+000	0.000000e+000	-9.401545e-005	2.035161e-003	1.127278e-006	1.352195e-008
1.250000e+001	1.457130e+001	1.456606e+001	6.153902e-002	1.000000e+000	2.107761e-003	2.310227e-005	0.000000e+000	0.000000e+000	-9.406244e-005	2.036800e-003	1.124506e-006	1.401333e-008
1.260000e+001	1.457972e+001	1.457414e+001	6.157378e-002	1.000000e+000	2.112475e-003	2.486649e-005	0.000000e+000	0.000000e+000	-9.418833e-005	2.043153e-003	1.196698e-006	1.522299e-008
1.270000e+001	1.458892e+001	1.458286e+001	6.161174e-002	1.000000e+000	2.119720e-003	2.578273e-005	0.000000e+000	0.000000e+000	-9.435041e-005	2.051153e-003	1.300067e-006	1.660660e-008
1.280000e+001	1.459878e+001	1.459229e+001	6.165269e-002	1.000000e+000	2.126482e-003	2.584380e-005	0.000000e+000	0.000000e+000	-9.450484e-005	2.057821e-003	1.391644e-006	1.763934e-008
1.290000e+001	1.460888e+001	1.460220e+001	6.169522e-002	1.000000e+000	2.130092e-003	2.511874e-005	0.000000e+000	0.000000e+000	-9.461106e-005	2.060600e-003	1.433401e-006	1.787993e-008
1.300000e+001	1.461866e+001	1.461214e+001	6.173708e-002	1.000000e+000	2.128591e-003	2.377791e-005	0.000000e+000	0.000000e+000	-9.463776e-005	2.057731e-003	1.397733e-006	1.704273e-008
1.310000e+001	1.462746e+001	1.462153e+001	6.177555e-002	1.000000e+000	2.121018e-003	2.207797e-005	0.000000e+000	0.000000e+000	-9.456805e-005	2.048528e-003	1.271922e-006	1.504535e-008
1.320000e+001	1.463467e+001	1.462972e+001	6.180799e-002	1.000000e+000	2.107506e-003	2.031398e-005	0.000000e+000	0.000000e+000	-9.440164e-005	2.033418e-003	1.059565e-006	1.201050e-008
1.330000e+001	1.463981e+001	1.463618e+001	6.183222e-002	1.000000e+000	2.089152e-003	1.876321e-005	0.000000e+000	0.000000e+000	-9.415343e-005	2.013762e-003	7.785548e-007	8.224936e-009
1.340000e+001	1.464264e+001	1.464051e+001	6.184692e-002	1.000000e+000	2.067760e-003	1.764651e-005	0.000000e+000	0.000000e+000	-9.384977e-005	1.991557e-003	4.568478e-007	4.078423e-009
1.350000e+001	1.464315e+001	1.464255e+001	6.185173e-002	1.000000e+000	2.045550e-003	1.711508e-005	0.000000e+000	0.000000e+000	-9.352398e-005	1.969141e-003	1.278686e-007	6.761869e-012
1.360000e+001	1.464156e+001	1.464237e+001	6.184736e-002	1.000000e+000	2.024899e-003	1.724966e-005	0.000000e+000	0.000000e+000	-9.321249e-005	1.948936e-003	-1.734645e-007	-3.554284e-009
1.370000e+001	1.463833e+001	1.464027e+001	6.183550e-002	1.000000e+000	2.008085e-003	1.805726e-005	0.000000e+000	0.000000e+000	-9.295105e-005	1.933192e-003	-4.143435e-007	-6.212545e-009
1.380000e+001	1.463413e+001	1.463678e+001	6.181870e-002	1.000000e+000	1.997021e-003	1.946522e-005	0.000000e+000	0.000000e+000	-9.277077e-005	1.923715e-003	-5.677984e-007	-7.666338e-009
1.390000e+001	1.462970e+001	1.463258e+001	6.180004e-002	1.000000e+000	1.992998e-003	2.132384e-005	0.000000e+000	0.000000e+000	-9.269404e-005	1.921628e-003	-6.162755e-007	-7.747208e-009
1.400000e+001	1.462584e+001	1.462842e+001	6.178286e-002	1.000000e+000	1.996516e-003	2.342618e-005	0.000000e+000	0.000000e+000	-9.273156e-005	1.927210e-003	-5.541166e-007	-6.444152e-009
1.410000e+001	1.462326e+001	1.462507e+001	6.177031e-002	1.000000e+000	2.007239e-003	2.554306e-005	0.000000e+000	0.000000e+000	-9.288122e-005	1.939901e-003	-3.880467e-007	-3.899411e-009
1.420000e+001	1.462257e+001	1.462320e+001	6.176505e-002	1.000000e+000	2.024111e-003	2.746373e-005	0.000000e+000	0.000000e+000	-9.312945e-005	1.958446e-003	-1.353997e-007	-3.757423e-010
1.430000e+001	1.462416e+001	1.462332e+001	6.176903e-002	1.000000e+000	2.045579e-003	2.903003e-005	0.000000e+000	0.000000e+000	-9.345448e-005	1.981155e-003	1.794432e-007	3.795393e-009
1.440000e+001	1.462826e+001	1.462579e+001	6.178339e-002	1.000000e+000	2.069872e-003	3.015341e-005	0.000000e+000	0.000000e+000	-9.383053e-005	2.006195e-003	5.293518e-007	8.269254e-009
1.450000e+001	1.463489e+001	1.463075e+001	6.180845e-002	1.000000e+000	2.095246e-003	3.081086e-005	0.000000e+000	0.000000e+000	-9.423172e-005	2.031825e-003	8.882258e-007	1.273086e-008
1.460000e+001	1.464393e+001	1.463817e+001	6.184387e-002	1.000000e+000	2.120141e-003	3.102531e-005	0.000000e+000	0.000000e+000	-9.463451e-005	2.056532e-003	1.233348e-006	1.691669e-008
1.470000e+001	1.465512e+001	1.464791e+001	6.188872e-002	1.000000e+000	2.143238e-003	3.084208e-005	0.000000e+000	0.000000e+000	-9.501876e-005	2.079061e-003	1.546172e-006	2.061726e-008
1.480000e+001	1.466813e+001	1.465968e+001	6.194166e-002	1.000000e+000	2.163427e-003	3.030011e-005	0.000000e+000	0.000000e+000	-9.536734e-005	2.098360e-003	1.811774e-006	2.366351e-008
1.490000e+001	1.468249e+001	1.467310e+001	6.200088e-002	1.000000e+000	2.179476e-003	2.933193e-005	0.000000e+000	0.000000e+000	-9.566197e-005	2.113146e-003	2.014787e-006	2.585308e-008
1.500000e+001	1.469753e+001	1.468763e+001	6.206385e-002	1.000000e+000	2.188652e-003	2.744543e-005	0.000000e+000	0.000000e+000	-9.586497e-005	2.120232e-003	2.121911e-006	2.665235e-008
1.510000e+001	1.471182e+001	1.470232e+001	6.212566e-002	1.000000e+000	2.183391e-003	2.317843e-005	0.000000e+000	0.000000e+000	-9.587088e-005	2.110699e-003	2.036633e-006	2.449089e-008
1.520000e+001	1.472227e+001	1.471513e+001	6.217551e-002	1.000000e+000	2.146520e-003	1.372115e-005	0.000000e+000	0.000000e+000	-9.543036e-005	2.064811e-003	1.529536e-006	1.580678e-008
1.530000e+001	1.472262e+001	1.472176e+001	6.219104e-002	1.000000e+000	2.047799e-003	-4.722418e-006	0.000000e+000	0.000000e+000	-9.408578e-005	1.948990e-003	1.828248e-007	-5.511666e-009
1.540000e+001	1.470224e+001	1.471435e+001	6.213272e-002	1.000000e+000	1.845261e-003	-3.567214e-005	0.000000e+000	0.000000e+000	-9.117604e-005	1.718412e-003	-2.596779e-006	-4.758570e-008
1.550000e+001	1.464573e+001	1.468057e+001	6.194094e-002	1.000000e+000	1.492806e-003	-8.070051e-005	0.000000e+000	0.000000e+000	-8.594235e-005	1.326163e-003	-7.469715e-006	-1.187462e-007
1.560000e+001	1.453384e+001	1.460373e+001	6.153844e-002	1.000000e+000	9.522165e-004	-1.381737e-004	0.000000e+000	0.000000e+000	-7.771356e-005	7.363292e-004	-1.498445e-005	-2.250305e-007
1.570000e+001	1.434587e+001	1.446429e+001	6.083866e-002	1.000000e+000	2.054294e-004	-2.030239e-004	0.000000e+000	0.000000e+000	-6.610723e-005	-6.370179e-005	-2.539122e-005	-3.679206e-007
1.580000e+001	1.406272e+001	1.424237e+001	5.975824e-002	1.000000e+000	-7.372404e-004	-2.676564e-004	0.000000e+000	0.000000e+000	-5.117493e-005	-1.056072e-003	-3.851686e-005	-5.431498e-007
1.590000e+001	1.367022e+001	1.392088e+001	5.823075e-002	1.000000e+000	-1.835518e-003	-3.236157e-004	0.000000e+000	0.000000e+000	-3.344525e-005	-2.192578e-003	-5.374224e-005	-7.409401e-007
1.600000e+001	1.316151e+001	1.348840e+001	5.621824e-002	1.000000e+000	-3.024369e-003	-3.634106e-004	0.000000e+000	0.000000e+000	-1.385730e-005	-3.401637e-003	-7.008474e-005	-9.475095e-007
1.610000e+001	1.253844e+001	1.294122e+001	5.371820e-002	1.000000e+000	-4.224102e-003	-3.819533e-004	0.000000e+000	0.000000e+000	6.388320e-006	-4.599667e-003	-8.635547e-005	-1.147334e-006
1.620000e+001	1.181141e+001	1.228410e+001	5.076478e-002	1.000000e+000	-5.352473e-003	-3.772989e-004	0.000000e+000	0.000000e+000	2.601599e-005	-5.703755e-003	-1.013453e-004	-1.325541e-006
1.630000e+001	1.099814e+001	1.152983e+001	4.742479e-002	1.000000e+000	-6.335966e-003	-3.506397e-004	0.000000e+000	0.000000e+000	4.385352e-005	-6.642753e-003	-1.139950e-004	-1.469897e-006
1.640000e+001	1.012159e+001	1.069770e+001	4.378967e-002	1.000000e+000	-7.118222e-003	-3.057096e-004	0.000000e+000	0.000000e+000	5.896900e-005	-7.364963e-003	-1.235193e-004	-1.572093e-006
1.650000e+001	9.207461e+000	9.811329e+000	3.996548e-002	1.000000e+000	-7.664631e-003	-2.478566e-004	0.000000e+000	0.000000e+000	7.074956e-005	-7.841738e-003	-1.294692e-004	-1.628228e-006
1.660000e+001	8.281818e+000	8.896262e+000	3.606245e-002	1.000000e+000	-7.963142e-003	-1.830432e-004	0.000000e+000	0.000000e+000	7.892127e-005	-8.067264e-003	-1.317370e-004	-1.638589e-006
1.670000e+001	7.368987e+000	7.977730e+000	3.218584e-002	1.000000e+000	-8.022000e-003	-1.169741e-004	0.000000e+000	0.000000e+000	8.352076e-005	-8.055454e-003	-1.305144e-004	-1.606934e-006
1.680000e+001	6.490042e+000	7.078767e+000	2.842876e-002	1.000000e+000	-7.865468e-003	-5.446698e-005	0.000000e+000	0.000000e+000	8.483470e-005	-7.835101e-003	-1.262226e-004	-1.539499e-006
1.690000e+001	5.661860e+000	6.218903e+000	2.486756e-002	1.000000e+000	-7.528639e-003	8.992405e-007	0.000000e+000	0.000000e+000	8.332399e-005	-7.444416e-003	-1.194301e-004	-1.443950e-006
1.700000e+001	4.896747e+000	5.413414e+000	2.155959e-002	1.000000e+000	-7.052249e-003	4.688477e-005	0.000000e+000	0.000000e+000	7.954676e-005	-6.925817e-003	-1.107733e-004	-1.328421e-006
1.710000e+001	4.202519e+000	4.673086e+000	1.854301e-002	1.000000e+000	-6.478146e-003	8.249620e-005	0.000000e+000	0.000000e+000	7.409045e-005	-6.321559e-003	-1.008897e-004	-1.200744e-006
1.720000e+001	3.582919e+000	4.004404e+000	1.583826e-002	1.000000e+000	-5.845771e-003	1.077721e-004	0.000000e+000	0.000000e+000	6.751844e-005	-5.670480e-003	-9.036630e-005	-1.067906e-006
1.730000e+001	3.038250e+000	3.410021e+000	1.345045e-002	1.000000e+000	-5.189768e-003	1.235112e-004	0.000000e+000	0.000000e+000	6.033322e-005	-5.005924e-003	-7.970766e-005	-9.357301e-007
1.740000e+001	2.566090e+000	2.889406e+000	1.137233e-002	1.000000e+000	-4.538674e-003	1.309937e-004	0.000000e+000	0.000000e+000	5.295549e-005	-4.354725e-003	-6.931897e-005	-8.087464e-007
1.750000e+001	2.162022e+000	2.439556e+000	9.587412e-003	1.000000e+000	-3.914515e-003	1.317320e-004	0.000000e+000	0.000000e+000	4.571665e-005	-3.737066e-003	-5.950342e-005	-6.902204e-007
1.760000e+001	1.820289e+000	2.055685e+000	8.072770e-003	1.000000e+000	-3.333076e-003	1.272733e-004	0.000000e+000	0.000000e+000	3.886140e-005	-3.166942e-003	-5.046901e-005	-5.822789e-007
1.770000e+001	1.534364e+000	1.731850e+000	6.801612e-003	1.000000e+000	-2.804591e-003	1.190659e-004	0.000000e+000	0.000000e+000	3.255667e-005	-2.652968e-003	-4.234102e-005	-4.860897e-007
1.780000e+001	1.297409e+000	1.461480e+000	5.745307e-003	1.000000e+000	-2.334624e-003	1.083835e-004	0.000000e+000	0.000000e+000	2.690356e-005	-2.199337e-003	-3.517692e-005	-4.020523e-007
1.790000e+001	1.102620e+000	1.237794e+000	4.875007e-003	1.000000e+000	-1.925011e-003	9.629045e-005	0.000000e+000	0.000000e+000	2.194999e-005	-1.806771e-003	-2.898126e-005	-3.299829e-007
1.800000e+001	9.434926e-001	1.054124e+000	4.162829e-003	1.000000e+000	-1.574745e-003	8.363765e-005	0.000000e+000	0.000000e+000	1.770285e-005	-1.473405e-003	-2.371945e-005	-2.692773e-007
1.810000e+001	8.139910e-001	9.041470e-001	3.582697e-003	1.000000e+000	-1.280750e-003	7.108222e-005	0.000000e+000	0.000000e+000	1.413862e-005	-1.195529e-003	-1.932944e-005	-2.190454e-007
1.820000e+001	7.086679e-001	7.820400e-001	3.110892e-003	1.000000e+000	-1.038504e-003	5.911849e-005	0.000000e+000	0.000000e+000	1.121173e-005	-9.681739e-004	-1.573096e-005	-1.782132e-007
1.830000e+001	6.227322e-001	6.825853e-001	2.726398e-003	1.000000e+000	-8.425325e-004	4.810539e-005	0.000000e+000	0.000000e+000	8.861258e-006	-7.855658e-004	-1.283252e-005	-1.455999e-007
1.840000e+001	5.520787e-001	6.012266e-001	2.411072e-003	1.000000e+000	-6.868323e-004	3.828223e-005	0.000000e+000	0.000000e+000	7.016562e-006	-6.415335e-004	-1.053729e-005	-1.199867e-007
1.850000e+001	4.932826e-001	5.340869e-001	2.149658e-003	1.000000e+000	-5.652557e-004	2.977845e-005	0.000000e+000	0.000000e+000	5.602627e-006	-5.298746e-004	-8.748432e-006	-1.001793e-007
1.860000e+001	4.435614e-001	4.779531e-001	1.929668e-003	1.000000e+000	-4.718342e-004	2.262823e-005	0.000000e+000	0.000000e+000	4.544839e-006	-4.446612e-004	-7.373579e-006	-8.505964e-008
1.870000e+001	4.007170e-001	4.302323e-001	1.741152e-003	1.000000e+000	-4.010105e-004	1.679379e-005	0.000000e+000	0.000000e+000	3.772559e-006	-3.804442e-004	-6.328079e-006	-7.361910e-008
1.880000e+001	3.630672e-001	3.888910e-001	1.576418e-003	1.000000e+000	-3.477674e-004	1.219067e-005	0.000000e+000	0.000000e+000	3.221199e-006	-3.323555e-004	-5.536619e-006	-6.497101e-008
1.890000e+001	3.293756e-001	3.523878e-001	1.429743e-003	1.000000e+000	-3.076921e-004	8.704526e-006	0.000000e+000	0.000000e+000	2.833258e-006	-2.961543e-004	-4.933817e-006	-5.835402e-008
1.900000e+001	2.987790e-001	3.196026e-001	1.297065e-003	1.000000e+000	-2.770250e-004	6.196518e-006	0.000000e+000	0.000000e+000	2.559137e-006	-2.682693e-004	-4.464568e-006	-5.313588e-008
1.910000e+001	2.707121e-001	2.897632e-001	1.175666e-003	1.000000e+000	-2.527118e-004	4.504053e-006	0.000000e+000	0.000000e+000	2.358118e-006	-2.458496e-004	-4.084553e-006	-4.882045e-008
1.920000e+001	2.448280e-001	2.623682e-001	1.063847e-003	1.000000e+000	-2.324396e-004	3.446458e-006	0.000000e+000	0.000000e+000	2.199257e-006	-2.267939e-004	-3.760615e-006	-4.505118e-008
1.930000e+001	2.209228e-001	2.371096e-001	9.605993e-004	1.000000e+000	-2.146211e-004	2.839372e-006	0.000000e+000	0.000000e+000	2.061547e-006	-2.097202e-004	-3.470448e-006	-4.160332e-008
1.940000e+001	1.988699e-001	2.138010e-001	8.653117e-004	1.000000e+000	-1.983072e-004	2.514214e-006	0.000000e+000	0.000000e+000	1.932971e-006	-1.938601e-004	-3.201230e-006	-3.836180e-008
1.950000e+001	1.785722e-001	1.923191e-001	7.775490e-004	1.000000e+000	-1.830399e-004	2.335557e-006	0.000000e+000	0.000000e+000	1.808530e-006	-1.788958e-004	-2.947340e-006	-3.528897e-008
1.960000e+001	1.599334e-001	1.725624e-001	6.969083e-004	1.000000e+000	-1.686781e-004	2.210564e-006	0.000000e+000	0.000000e+000	1.687728e-006	-1.647798e-004	-2.707670e-006	-3.239009e-008
1.970000e+001	1.428472e-001	1.544290e-001	6.229526e-004	1.000000e+000	-1.552358e-004	2.088637e-006	0.000000e+000	0.000000e+000	1.572166e-006	-1.515750e-004	-2.483140e-006	-2.968400e-008
1.980000e+001	1.271984e-001	1.378087e-001	5.552046e-004	1.000000e+000	-1.427589e-004	1.953182e-006	0.000000e+000	0.000000e+000	1.463673e-006	-1.393420e-004	-2.274848e-006	-2.718367e-008
1.990000e+001	1.128711e-001	1.225867e-001	4.931723e-004	1.000000e+000	-1.312531e-004	1.809401e-006	0.000000e+000	0.000000e+000	1.363234e-006	-1.280805e-004	-2.083037e-006	-2.488739e-008
2.000000e+001	9.975659e-002	1.086502e-001	4.363869e-004	1.000000e+000	-1.206598e-004	1.672079e-006	0.000000e+000	0.000000e+000	1.270635e-006	-1.177171e-004	-1.906801e-006	-2.277843e-008
2.010000e+001	8.776073e-002	9.589646e-002	3.844322e-004	1.000000e+000	-1.108648e-004	1.556095e-006	0.000000e+000	0.000000e+000	1.184637e-006	-1.081241e-004	-1.744299e-006	-2.082995e-008
2.020000e+001	7.680614e-002	8.423726e-002	3.369617e-004	1.000000e+000	-1.017248e-004	1.470809e-006	0.000000e+000	0.000000e+000	1.103431e-006	-9.915057e-005	-1.593232e-006	-1.901177e-008
2.030000e+001	6.683153e-002	7.360080e-002	2.936984e-004	1.000000e+000	-9.309782e-005	1.418129e-006	0.000000e+000	0.000000e+000	1.025142e-006	-9.065455e-005	-1.451330e-006	-1.729645e-008
2.040000e+001	5.778825e-002	6.392979e-002	2.544233e-004	1.000000e+000	-8.486725e-005	1.393289e-006	0.000000e+000	0.000000e+000	9.482301e-007	-8.252573e-005	-1.316746e-006	-1.566344e-008
2.050000e+001	4.963551e-002	5.517775e-002	2.189561e-004	1.000000e+000	-7.695595e-005	1.387100e-006	0.000000e+000	0.000000e+000	8.717346e-007	-7.469711e-005	-1.188257e-006	-1.410076e-008
2.060000e+001	4.233557e-002	4.730438e-002	1.871350e-004	1.000000e+000	-6.932964e-005	1.388617e-006	0.000000e+000	0.000000e+000	7.953422e-007	-6.714568e-005	-1.065311e-006	-1.260471e-008
2.070000e+001	3.584982e-002	4.027113e-002	1.587989e-004	1.000000e+000	-6.199203e-005	1.387451e-006	0.000000e+000	0.000000e+000	7.193212e-007	-5.988526e-005	-9.479294e-007	-1.117821e-008
2.080000e+001	3.013601e-002	3.403780e-002	1.337740e-004	1.000000e+000	-5.497467e-005	1.375373e-006	0.000000e+000	0.000000e+000	6.443727e-007	-5.295492e-005	-8.365431e-007	-9.828375e-009
2.090000e+001	2.514701e-002	2.856027e-002	1.118670e-004	1.000000e+000	-4.832490e-005	1.347103e-006	0.000000e+000	0.000000e+000	5.714476e-007	-4.640634e-005	-7.318027e-007	-8.564108e-009
2.100000e+001	2.083068e-002	2.378964e-002	9.286351e-005	1.000000e+000	-4.209438e-005	1.300410e-006	0.000000e+000	0.000000e+000	5.015712e-007	-4.029240e-005	-6.344011e-007	-7.394027e-009
2.110000e+001	1.713077e-002	1.967245e-002	7.653031e-005	1.000000e+000	-3.632977e-005	1.235719e-006	0.000000e+000	0.000000e+000	4.356991e-007	-3.465835e-005	-5.449349e-007	-6.324940e-009
2.120000e+001	1.398834e-002	1.615165e-002	6.262116e-005	1.000000e+000	-3.106623e-005	1.155451e-006	0.000000e+000	0.000000e+000	3.746165e-007	-2.953616e-005	-4.638135e-007	-5.360941e-009
2.130000e+001	1.134347e-002	1.316816e-002	5.088368e-005	1.000000e+000	-2.632398e-005	1.063282e-006	0.000000e+000	0.000000e+000	3.188825e-007	-2.494181e-005	-3.912138e-007	-4.503073e-009
2.140000e+001	9.136971e-003	1.066250e-002	4.106656e-005	1.000000e+000	-2.210734e-005	9.634428e-007	0.000000e+000	0.000000e+000	2.688123e-007	-2.087509e-005	-3.270734e-007	-3.749421e-009
2.150000e+001	7.311874e-003	8.576390e-003	3.292624e-005	1.000000e+000	-1.840575e-005	8.601644e-007	0.000000e+000	0.000000e+000	2.244890e-007	-1.732110e-005	-2.711122e-007	-3.095499e-009
2.160000e+001	5.814659e-003	6.854171e-003	2.623234e-005	1.000000e+000	-1.519601e-005	7.572710e-007	0.000000e+000	0.000000e+000	1.857955e-007	-1.425294e-005	-2.228715e-007	-2.534810e-009
2.170000e+001	4.596110e-003	5.443876e-003	2.077180e-005	1.000000e+000	-1.244520e-005	6.579386e-007	0.000000e+000	0.000000e+000	1.524550e-007	-1.163481e-005	-1.817609e-007	-2.059460e-009
2.180000e+001	3.611853e-003	4.297983e-003	1.635142e-005	1.000000e+000	-1.011379e-005	5.645872e-007	0.000000e+000	0.000000e+000	1.240764e-007	-9.425124e-006	-1.471063e-007	-1.660740e-009
2.190000e+001	2.822575e-003	3.373849e-003	1.279923e-005	1.000000e+000	-8.158500e-006	4.788773e-007	0.000000e+000	0.000000e+000	1.001960e-007	-7.579427e-006	-1.181931e-007	-1.329654e-009
2.200000e+001	2.194006e-003	2.633856e-003	9.964604e-006	1.000000e+000	-6.534856e-006	4.017764e-007	0.000000e+000	0.000000e+000	8.031444e-008	-6.052765e-006	-9.430366e-008	-1.057328e-009
2.210000e+001	1.696704e-003	2.045329e-003	7.717634e-006	1.000000e+000	-5.199157e-006	3.336660e-007	0.000000e+000	0.000000e+000	6.392671e-008	-4.801565e-006	-7.474500e-008	-8.353281e-010
2.220000e+001	1.305710e-003	1.580288e-003	5.947753e-006	1.000000e+000	-4.109977e-006	2.744653e-007	0.000000e+000	0.000000e+000	5.054437e-008	-3.784967e-006	-5.886961e-008	-6.558702e-010
2.230000e+001	1.000121e-003	1.215084e-003	4.562053e-006	1.000000e+000	-3.229153e-006	2.237545e-007	0.000000e+000	0.000000e+000	3.971133e-008	-2.965688e-006	-4.608809e-008	-5.119460e-010
2.240000e+001	7.626296e-004	9.299610e-004	3.483351e-006	1.000000e+000	-2.522372e-006	1.808870e-007	0.000000e+000	0.000000e+000	3.101338e-008	-2.310472e-006	-3.587587e-008	-3.973763e-010
2.250000e+001	5.790502e-004	7.085978e-004	2.648199e-006	1.000000e+000	-1.959402e-006	1.450836e-007	0.000000e+000	0.000000e+000	2.408305e-008	-1.790235e-006	-2.777502e-008	-3.068114e-010
2.260000e+001	4.378677e-004	5.376460e-004	2.004955e-006	1.000000e+000	-1.514079e-006	1.155081e-007	0.000000e+000	0.000000e+000	1.860067e-008	-1.379970e-006	-2.139246e-008	-2.356932e-010
2.270000e+001	3.298170e-004	4.062898e-004	1.511955e-006	1.000000e+000	-1.164113e-006	9.132339e-008	0.000000e+000	0.000000e+000	1.429291e-008	-1.058497e-006	-1.639577e-008	-1.801926e-010
2.280000e+001	2.475038e-004	3.058413e-004	1.135874e-006	1.000000e+000	-8.907778e-007	7.173068e-008	0.000000e+000	0.000000e+000	1.092952e-008	-8.081176e-007	-1.250755e-008	-1.371335e-010
2.290000e+001	1.850724e-004	2.293777e-004	8.502590e-007	1.000000e+000	-6.785327e-007	5.599460e-008	0.000000e+000	0.000000e+000	8.319092e-009	-6.142190e-007	-9.499071e-009	-1.039115e-010
2.300000e+001	1.379179e-004	1.714243e-004	6.342667e-007	1.000000e+000	-5.146288e-007	4.345688e-008	0.000000e+000	0.000000e+000	6.304435e-009	-4.648675e-007	-7.183764e-009	-7.841328e-011
2.310000e+001	1.024436e-004	1.276812e-004	4.715831e-007	1.000000e+000	-3.887129e-007	3.354163e-008	0.000000e+000	0.000000e+000	4.757801e-009	-3.504135e-007	-5.410952e-009	-5.893963e-011
2.320000e+001	7.585695e-005	9.479368e-005	3.495211e-007	1.000000e+000	-2.924556e-007	2.575460e-008	0.000000e+000	0.000000e+000	3.576394e-009	-2.631246e-007	-4.060034e-009	-4.413661e-011
2.330000e+001	5.600309e-005	7.016019e-005	2.582718e-007	1.000000e+000	-2.192135e-007	1.967854e-008	0.000000e+000	0.000000e+000	2.678225e-009	-1.968567e-007	-3.035282e-009	-3.293376e-011
2.340000e+001	4.122785e-005	5.177491e-005	1.902946e-007	1.000000e+000	-1.637293e-007	1.496625e-008	0.000000e+000	0.000000e+000	1.998437e-009	-1.467646e-007	-2.261291e-009	-2.449105e-011
2.350000e+001	3.026806e-005	3.809961e-005	1.398219e-007	1.000000e+000	-1.218734e-007	1.133238e-008	0.000000e+000	0.000000e+000	1.486106e-009	-1.090550e-007	-1.679084e-009	-1.815374e-011
2.360000e+001	2.216382e-005	2.796062e-005	1.024650e-007	1.000000e+000	-9.042381e-008	8.545084e-009	0.000000e+000	0.000000e+000	1.101527e-009	-8.077720e-008	-1.242835e-009	-1.341473e-011
2.370000e+001	1.618896e-005	2.046673e-005	7.489893e-008	1.000000e+000	-6.688236e-008	6.417883e-009	0.000000e+000	0.000000e+000	8.139409e-010	-5.965053e-008	-9.171546e-010	-9.883636e-012
2.380000e+001	1.179649e-005	1.494420e-005	5.461630e-008	1.000000e+000	-4.932372e-008	4.802130e-009	0.000000e+000	0.000000e+000	5.996595e-010	-4.392193e-008	-6.748686e-010	-7.261532e-012
2.390000e+001	8.576115e-006	1.088592e-005	3.973375e-008	1.000000e+000	-3.627211e-008	3.580336e-009	0.000000e+000	0.000000e+000	4.405445e-010	-3.225123e-008	-4.952217e-010	-5.320730e-012
2.400000e+001	6.221183e-006	7.911672e-006	2.884227e-008	1.000000e+000	-2.660214e-008	2.660342e-009	0.000000e+000	0.000000e+000	3.227775e-010	-2.361902e-008	-3.624407e-010	-3.888637e-012
2.410000e+001	4.503390e-006	5.737508e-006	2.089160e-008	1.000000e+000	-1.945980e-008	1.970362e-009	0.000000e+000	0.000000e+000	2.358836e-010	-1.725356e-008	-2.645949e-010	-2.835019e-012
2.420000e+001	3.253325e-006	4.152111e-006	1.510165e-008	1.000000e+000	-1.419995e-008	1.454845e-009	0.000000e+000	0.000000e+000	1.719581e-010	-1.257315e-008	-1.926996e-010	-2.062021e-012
2.430000e+001	2.345700e-006	2.998763e-006	1.089491e-008	1.000000e+000	-1.033732e-008	1.071056e-009	0.000000e+000	0.000000e+000	1.250618e-010	-9.141202e-009	-1.400167e-010	-1.496418e-012
2.440000e+001	1.688140e-006	2.161614e-006	7.845193e-009	1.000000e+000	-7.508361e-009	7.863056e-010	0.000000e+000	0.000000e+000	9.075034e-011	-6.631305e-009	-1.015130e-010	-1.083620e-012
2.450000e+001	1.212739e-006	1.555287e-006	5.638936e-009	1.000000e+000	-5.441766e-009	5.757184e-010	0.000000e+000	0.000000e+000	6.571055e-011	-4.800337e-009	-7.344227e-011	-7.830767e-013
2.460000e+001	8.697210e-007	1.117046e-006	4.046087e-009	1.000000e+000	-3.935784e-009	4.204563e-010	0.000000e+000	0.000000e+000	4.748156e-011	-3.467846e-009	-5.302638e-011	-5.647714e-013
2.470000e+001	6.226951e-007	8.009210e-007	2.898328e-009	1.000000e+000	-2.840904e-009	3.063183e-010	0.000000e+000	0.000000e+000	3.424171e-011	-2.500344e-009	-3.821164e-011	-4.065533e-013
2.480000e+001	4.451247e-007	5.733184e-007	2.072823e-009	1.000000e+000	-2.046685e-009	2.226450e-010	0.000000e+000	0.000000e+000	2.464690e-011	-1.799393e-009	-2.748473e-011	-2.921275e-013
2.490000e+001	3.177058e-007	4.097481e-007	1.480152e-009	1.000000e+000	-1.471799e-009	1.614675e-010	0.000000e+000	0.000000e+000	1.770839e-011	-1.292623e-009	-1.973388e-011	-2.095411e-013
2.500000e+001	2.264284e-007	2.924012e-007	1.055371e-009	1.000000e+000	-1.056527e-009	1.168506e-010	0.000000e+000	0.000000e+000	1.270100e-011	-9.269749e-010	-1.414456e-011	-1.500509e-013
2.510000e+001	1.611474e-007	2.083567e-007	7.514213e-010	1.000000e+000	-7.571423e-010	8.438978e-011	0.000000e+000	0.000000e+000	9.094306e-012	-6.636582e-010	-1.012167e-011	-1.072776e-013
2.520000e+001	1.145316e-007	1.482607e-007	5.342745e-010	1.000000e+000	-5.417121e-010	6.082738e-011	0.000000e+000	0.000000e+000	6.501338e-012	-4.743834e-010	-7.231513e-012	-7.657872e-014
2.530000e+001	8.129408e-008	1.053555e-007	3.793765e-010	1.000000e+000	-3.869733e-010	4.376168e-011	0.000000e+000	0.000000e+000	4.640502e-012	-3.385711e-010	-5.158777e-012	-5.458359e-014
2.540000e+001	5.762951e-008	7.476931e-008	2.690435e-010	1.000000e+000	-2.760202e-010	3.142737e-011	0.000000e+000	0.000000e+000	3.307368e-012	-2.412855e-010	-3.674773e-012	-3.885042e-014
2.550000e+001	4.080406e-008	5.299620e-008	1.905641e-010	1.000000e+000	-1.965954e-010	2.253061e-011	0.000000e+000	0.000000e+000	2.353858e-012	-1.717110e-010	-2.613996e-012	-2.761421e-014
2.560000e+001	2.885714e-008	3.751814e-008	1.348172e-010	1.000000e+000	-1.398306e-010	1.612571e-011	0.000000e+000	0.000000e+000	1.672946e-012	-1.220319e-010	-1.856918e-012	-1.960178e-014
2.570000e+001	2.038512e-008	2.652969e-008	9.526956e-011	1.000000e+000	-9.932296e-011	1.152323e-011	0.000000e+000	0.000000e+000	1.187436e-012	-8.661230e-011	-1.317396e-012	-1.389651e-014
2.580000e+001	1.438469e-008	1.873852e-008	6.724887e-011	1.000000e+000	-7.045921e-011	8.221789e-012	0.000000e+000	0.000000e+000	8.417564e-013	-6.139566e-011	-9.334625e-013	-9.839748e-015
2.590000e+001	1.013985e-008	1.322112e-008	4.741927e-011	1.000000e+000	-4.992142e-011	5.857619e-012	0.000000e+000	0.000000e+000	5.959794e-013	-4.346782e-011	-6.606235e-013	-6.959046e-015
2.600000e+001	7.140406e-009	9.318529e-009	3.340258e-011	1.000000e+000	-3.532783e-011	4.167380e-012	0.000000e+000	0.000000e+000	4.214677e-013	-3.073898e-011	-4.669895e-013	-4.916110e-015
2.610000e+001	5.023305e-009	6.561281e-009	2.350584e-011	1.000000e+000	-2.497161e-011	2.960845e-012	0.000000e+000	0.000000e+000	2.977174e-013	-2.171305e-011	-3.297421e-013	-3.469106e-015
2.620000e+001	3.530581e-009	4.615378e-009	1.652560e-011	1.000000e+000	-1.763168e-011	2.100879e-012	0.000000e+000	0.000000e+000	2.100724e-013	-1.532073e-011	-2.325806e-013	-2.445426e-015
2.630000e+001	2.479173e-009	3.243530e-009	1.160749e-011	1.000000e+000	-1.243585e-011	1.488815e-012	0.000000e+000	0.000000e+000	1.480728e-013	-1.079897e-011	-1.638781e-013	-1.722063e-015
2.640000e+001	1.739342e-009	2.277374e-009	8.145787e-012	1.000000e+000	-8.762109e-012	1.053792e-012	0.000000e+000	0.000000e+000	1.042653e-013	-7.604052e-012	-1.153540e-013	-1.211481e-015
2.650000e+001	1.219252e-009	1.597607e-009	5.711553e-012	1.000000e+000	-6.167493e-012	7.450106e-013	0.000000e+000	0.000000e+000	7.334627e-014	-5.349136e-012	-8.111925e-014	-8.514747e-016
2.660000e+001	8.539745e-010	1.119793e-009	4.001423e-012	1.000000e+000	-4.337012e-012	5.261169e-013	0.000000e+000	0.000000e+000	5.154717e-014	-3.759348e-012	-5.699142e-014	-5.979009e-016
2.670000e+001	5.976555e-010	7.842412e-010	2.801081e-012	1.000000e+000	-3.046975e-012	3.711349e-013	0.000000e+000	0.000000e+000	3.619382e-014	-2.639646e-012	-4.000398e-014	-4.194715e-016
2.680000e+001	4.179486e-010	5.488047e-010	1.959294e-012	1.000000e+000	-2.138736e-012	2.615339e-013	0.000000e+000	0.000000e+000	2.539104e-014	-1.851811e-012	-2.805554e-014	-2.940388e-016
2.690000e+001	2.920598e-010	3.837544e-010	1.369453e-012	1.000000e+000	-1.499923e-012	1.841140e-013	0.000000e+000	0.000000e+000	1.779738e-014	-1.298012e-012	-1.965931e-014	-2.059435e-016
2.700000e+001	2.039427e-010	2.681435e-010	9.564864e-013	1.000000e+000	-1.051034e-012	1.294862e-013	0.000000e+000	0.000000e+000	1.246447e-014	-9.090834e-013	-1.376464e-014	-1.441270e-016
2.710000e+001	1.423122e-010	1.872276e-010	6.675826e-013	1.000000e+000	-7.358897e-013	9.098148e-014	0.000000e+000	0.000000e+000	8.722595e-015	-6.361856e-013	-9.629857e-015	-1.007876e-016
2.720000e+001	9.923920e-011	1.306385e-010	4.656241e-013	1.000000e+000	-5.148355e-013	6.386887e-014	0.000000e+000	0.000000e+000	6.099344e-015	-4.448673e-013	-6.732009e-015	-7.042798e-017
2.730000e+001	6.915775e-011	9.109213e-011	3.245485e-013	1.000000e+000	-3.599111e-013	4.479667e-014	0.000000e+000	0.000000e+000	4.261841e-015	-3.108526e-013	-4.702731e-015	-4.917789e-017
2.740000e+001	4.816415e-011	6.347579e-011	2.260719e-013	1.000000e+000	-2.514223e-013	3.139318e-014	0.000000e+000	0.000000e+000	2.975764e-015	-2.170534e-013	-3.282817e-015	-3.431558e-017
2.750000e+001	3.352285e-011	4.420404e-011	1.573783e-013	1.000000e+000	-1.755110e-013	2.198216e-014	0.000000e+000	0.000000e+000	2.076334e-015	-1.514525e-013	-2.290047e-015	-2.392872e-017
2.760000e+001	2.331849e-011	3.076457e-011	1.094922e-013	1.000000e+000	-1.224354e-013	1.538023e-014	0.000000e+000	0.000000e+000	1.447782e-015	-1.056074e-013	-1.596440e-015	-1.667491e-017
2.770000e+001	1.621101e-011	2.139848e-011	7.613232e-014	1.000000e+000	-8.535340e-014	1.075286e-014	0.000000e+000	0.000000e+000	1.008847e-015	-7.359170e-014	-1.112195e-015	-1.161268e-017
2.780000e+001	1.126361e-011	1.487532e-011	5.290670e-014	1.000000e+000	-5.946417e-014	7.512156e-015	0.000000e+000	0.000000e+000	7.025439e-016	-5.124947e-014	-7.743507e-016	-8.082303e-018
2.790000e+001	7.821872e-012	1.033496e-011	3.674645e-014	1.000000e+000	-4.140181e-014	5.244394e-015	0.000000e+000	0.000000e+000	4.889401e-016	-3.566848e-014	-5.388054e-016	-5.621857e-018
2.800000e+001	5.428954e-012	7.176573e-012	2.550882e-014	1.000000e+000	-2.880853e-014	3.658695e-015	0.000000e+000	0.000000e+000	3.400794e-016	-2.480976e-014	-3.746896e-016	-3.908180e-018
2.810000e+001	3.766178e-012	4.980796e-012	1.769875e-014	1.000000e+000	-2.003405e-014	2.550743e-015	0.000000e+000	0.000000e+000	2.364044e-016	-1.724691e-014	-2.604142e-016	-2.715357e-018
2.820000e+001	2.611388e-012	3.455099e-012	1.227379e-014	1.000000e+000	-1.392421e-014	1.777159e-015	0.000000e+000	0.000000e+000	1.642438e-016	-1.198280e-014	-1.808917e-016	-1.885579e-018
2.830000e+001	1.809815e-012	2.395570e-012	8.507563e-015	1.000000e+000	-9.672379e-015	1.237410e-015	0.000000e+000	0.000000e+000	1.140481e-016	-8.320920e-015	-1.255859e-016	-1.308683e-018
2.840000e+001	1.253705e-012	1.660161e-012	5.894244e-015	1.000000e+000	-6.715290e-015	8.610682e-016	0.000000e+000	0.000000e+000	7.915168e-017	-5.775070e-015	-8.714416e-017	-9.078283e-019
2.850000e+001	8.680824e-013	1.149981e-012	4.081817e-015	1.000000e+000	-4.659848e-015	5.988335e-016	0.000000e+000	0.000000e+000	5.490498e-017	-4.006110e-015	-6.043908e-017	-6.294463e-019
2.860000e+001	6.008090e-013	7.962255e-013	2.825447e-015	1.000000e+000	-3.231924e-015	4.162241e-016	0.000000e+000	0.000000e+000	3.806708e-017	-2.777633e-015	-4.189729e-017	-4.362203e-019
2.870000e+001	4.156497e-013	5.510513e-013	1.954945e-015	1.000000e+000	-2.240471e-015	2.891402e-016	0.000000e+000	0.000000e+000	2.638033e-017	-1.924950e-015	-2.903012e-017	-3.021701e-019
2.880000e+001	2.874347e-013	3.812099e-013	1.352077e-015	1.000000e+000	-1.552431e-015	2.007508e-016	0.000000e+000	0.000000e+000	1.827299e-017	-1.333408e-015	-2.010540e-017	-2.092191e-019
2.890000e+001	1.986904e-013	2.636074e-013	9.347431e-016	1.000000e+000	-1.075193e-015	1.393095e-016	0.000000e+000	0.000000e+000	1.265155e-017	-9.232325e-016	-1.391821e-017	-1.447976e-019
2.900000e+001	1.372921e-013	1.822123e-013	6.459705e-016	1.000000e+000	-7.443338e-016	9.662409e-017	0.000000e+000	0.000000e+000	8.755645e-018	-6.389541e-016	-9.630890e-018	-1.001698e-019
2.910000e+001	9.483086e-014	1.259010e-013	4.462387e-016	1.000000e+000	-5.150642e-016	6.698508e-017	0.000000e+000	0.000000e+000	6.056875e-018	-4.420222e-016	-6.661428e-018	-6.926809e-020
2.920000e+001	6.547782e-014	8.695941e-014	3.081490e-016	1.000000e+000	-3.562648e-016	4.641570e-017	0.000000e+000	0.000000e+000	4.188229e-018	-3.056608e-016	-4.605654e-018	-4.788017e-020
2.930000e+001	4.519428e-014	6.004059e-014	2.127147e-016	1.000000e+000	-2.463244e-016	3.214786e-017	0.000000e+000	0.000000e+000	2.894933e-018	-2.112816e-016	-3.183049e-018	-3.308332e-020
2.940000e+001	3.118328e-014	4.143989e-014	1.467852e-016	1.000000e+000	-1.702434e-016	2.225592e-017	0.000000e+000	0.000000e+000	2.000222e-018	-1.459873e-016	-2.199017e-018	-2.285064e-020
2.950000e+001	2.150866e-014	2.859181e-014	1.012555e-016	1.000000e+000	-1.176159e-016	1.540106e-017	0.000000e+000	0.000000e+000	1.381509e-018	-1.008334e-016	-1.518628e-018	-1.577713e-020
2.960000e+001	1.483072e-014	1.972053e-014	6.982505e-017	1.000000e+000	-8.122690e-017	1.065303e-017	0.000000e+000	0.000000e+000	9.538284e-019	-6.962004e-017	-1.048375e-018	-1.088937e-020
2.970000e+001	1.022285e-014	1.359731e-014	4.813532e-017	1.000000e+000	-5.607584e-017	7.365769e-018	0.000000e+000	0.000000e+000	6.583123e-019	-4.805176e-017	-7.234834e-019	-7.513225e-021
2.980000e+001	7.044449e-015	9.372361e-015	3.317265e-017	1.000000e+000	-3.869888e-017	5.090854e-018	0.000000e+000	0.000000e+000	4.541959e-019	-3.315383e-017	-4.991045e-019	-5.182074e-021
2.990000e+001	4.852779e-015	6.458184e-015	2.285409e-017	1.000000e+000	-2.669759e-017	3.517190e-018	0.000000e+000	0.000000e+000	3.132623e-019	-2.286713e-017	-3.441989e-019	-3.573043e-021
3.000000e+001	3.341997e-015	4.448779e-015	1.574051e-017	1.000000e+000	-1.841199e-017	2.429060e-018	0.000000e+000	0.000000e+000	2.159886e-019	-1.576694e-017	-2.372940e-019	-2.462829e-021
3.010000e+001	2.300897e-015	3.063682e-015	1.083797e-017	1.000000e+000	-1.269370e-017	1.676959e-018	0.000000e+000	0.000000e+000	1.488727e-019	-1.086787e-017	-1.635410e-019	-1.697052e-021
3.020000e+001	1.583679e-015	2.109222e-015	7.460281e-018	1.000000e+000	-8.748605e-018	1.157319e-018	0.000000e+000	0.000000e+000	1.025805e-019	-7.488705e-018	-1.126765e-019	-1.169029e-021
3.030000e+001	1.089731e-015	1.451712e-015	5.133853e-018	1.000000e+000	-6.027759e-018	7.984247e-019	0.000000e+000	0.000000e+000	7.066164e-020	-5.158673e-018	-7.760870e-020	-8.050582e-022
3.040000e+001	7.496462e-016	9.988969e-016	3.531960e-018	1.000000e+000	-4.151864e-018	5.506424e-019	0.000000e+000	0.000000e+000	4.866034e-020	-3.552561e-018	-5.343935e-020	-5.542494e-022
3.050000e+001	5.155629e-016	6.871420e-016	2.429268e-018	1.000000e+000	-2.858933e-018	3.796330e-019	0.000000e+000	0.000000e+000	3.349982e-020	-2.445801e-018	-3.678655e-020	-3.814715e-022
3.060000e+001	3.544852e-016	4.725641e-016	1.670419e-018	1.000000e+000	-1.968076e-018	2.616501e-019	0.000000e+000	0.000000e+000	2.305628e-020	-1.683370e-018	-2.531613e-020	-2.624831e-022
3.070000e+001	2.436736e-016	3.249125e-016	1.148334e-018	1.000000e+000	-1.354441e-018	1.802785e-019	0.000000e+000	0.000000e+000	1.586421e-020	-1.158299e-018	-1.741763e-020	-1.805618e-022
3.080000e+001	1.674616e-016	2.233399e-016	7.892360e-019	1.000000e+000	-9.318840e-019	1.241758e-019	0.000000e+000	0.000000e+000	1.091272e-020	-7.967955e-019	-1.198029e-020	-1.241763e-022
3.090000e+001	1.150593e-016	1.534840e-016	5.423056e-019	1.000000e+000	-6.409882e-019	8.550731e-020	0.000000e+000	0.000000e+000	7.504756e-021	-5.479761e-019	-8.238260e-021	-8.537742e-023
3.100000e+001	7.903686e-017	1.054531e-016	3.725481e-019	1.000000e+000	-4.407858e-019	5.886354e-020	0.000000e+000	0.000000e+000	5.159783e-021	-3.767625e-019	-5.663644e-021	-5.868692e-023
3.110000e+001	5.428029e-017	7.243657e-017	2.558728e-019	1.000000e+000	-3.030384e-019	4.051068e-020	0.000000e+000	0.000000e+000	3.546669e-021	-2.589810e-019	-3.892706e-021	-4.033077e-023
3.120000e+001	3.727017e-017	4.974632e-017	1.757001e-019	1.000000e+000	-2.082873e-019	2.787249e-020	0.000000e+000	0.000000e+000	2.437289e-021	-1.779775e-019	-2.674886e-021	-2.770965e-023
3.130000e+001	2.558526e-017	3.415632e-017	1.206225e-019	1.000000e+000	-1.431283e-019	1.917204e-020	0.000000e+000	0.000000e+000	1.674530e-021	-1.222818e-019	-1.837636e-021	-1.903390e-023
3.140000e+001	1.756021e-017	2.344718e-017	8.279333e-020	1.000000e+000	-9.833066e-020	1.318409e-020	0.000000e+000	0.000000e+000	1.150221e-021	-8.399635e-020	-1.262167e-021	-1.307161e-023
3.150000e+001	1.204989e-017	1.609244e-017	5.681661e-020	1.000000e+000	-6.753911e-020	9.064090e-021	0.000000e+000	0.000000e+000	7.899040e-022	-5.768511e-020	-8.667220e-022	-8.975059e-024
3.160000e+001	8.267082e-018	1.104248e-017	3.898256e-020	1.000000e+000	-4.637961e-020	6.230073e-021	0.000000e+000	0.000000e+000	5.423436e-022	-3.960719e-020	-5.950462e-022	-6.161052e-024
3.170000e+001	5.670734e-018	7.575787e-018	2.674131e-020	1.000000e+000	-3.184247e-020	4.281143e-021	0.000000e+000	0.000000e+000	3.722925e-022	-2.718903e-020	-4.084434e-022	-4.228478e-024
3.180000e+001	3.889074e-018	5.196451e-018	1.834063e-020	1.000000e+000	-2.185730e-020	2.941213e-021	0.000000e+000	0.000000e+000	2.555087e-022	-1.866058e-020	-2.803016e-022	-2.901530e-024
3.190000e+001	2.666705e-018	3.563739e-018	1.257671e-020	1.000000e+000	-1.500025e-020	2.020208e-021	0.000000e+000	0.000000e+000	1.753240e-022	-1.280472e-020	-1.923242e-022	-1.990609e-024
3.200000e+001	1.828216e-018	2.443583e-018	8.622695e-021	1.000000e+000	-1.029237e-020	1.387302e-021	0.000000e+000	0.000000e+000	1.202799e-022	-8.784787e-021	-1.319347e-022	-1.365410e-024
