TIME          	MC CONC       	STS CONC      	HTS CONC      	SED CONC      	ADV dm/dt     	DISP dm/dt    	DECAY dm/dt   	SORPTION dm/dt	STORAGE dm/dt 	MC dm/dt      	STS dm/dt     	HTS dm/dt     
(hr)          	mg/L          	mg/L          	mg/L          	mg/L          	(mg/L)·(m²/s)  	(mg/L)·(m²/s)  	(mg/L)·(m²/s)  	(mg/L)·(m²/s)  	(mg/L)·(m²/s)  	(mg/L)·(m²/s)  	(mg/L)·(m²/s)  	(mg/L)·(m²/s)  
0.000000e+000	9.521094e-002	9.521094e-002	0.000000e+000	0.000000e+000	1.209420e-005	2.735718e-008	0.000000e+000	0.000000e+000	0.000000e+000	1.212156e-005	0.000000e+000	       NaN
1.000000e-001	9.521094e-002	9.521094e-002	0.000000e+000	1.000000e+000	1.209420e-005	2.735718e-008	0.000000e+000	0.000000e+000	6.024044e-021	1.212156e-005	-6.024044e-021	       NaN
2.000000e-001	9.521094e-002	9.521094e-002	0.000000e+000	1.000000e+000	1.209420e-005	2.735718e-008	0.000000e+000	0.000000e+000	6.024044e-021	1.212156e-005	-6.024044e-021	       NaN
3.000000e-001	9.521094e-002	9.521094e-002	0.000000e+000	1.000000e+000	1.209420e-005	2.735718e-008	0.000000e+000	0.000000e+000	4.633880e-022	1.212156e-005	-4.633880e-022	       NaN
4.000000e-001	9.521094e-002	9.521094e-002	0.000000e+000	1.000000e+000	1.209420e-005	2.735722e-008	0.000000e+000	0.000000e+000	-2.398543e-017	1.212156e-005	2.398543e-017	       NaN
5.000000e-001	9.521094e-002	9.521094e-002	0.000000e+000	1.000000e+000	1.209422e-005	2.736133e-008	0.000000e+000	0.000000e+000	-4.927223e-015	1.212158e-005	4.927223e-015	       NaN
6.000000e-001	9.521095e-002	9.521094e-002	0.000000e+000	1.000000e+000	1.209467e-005	2.746569e-008	0.000000e+000	0.000000e+000	-2.085188e-013	1.212214e-005	2.085188e-013	       NaN
7.000000e-001	9.521103e-002	9.521094e-002	0.000000e+000	1.000000e+000	1.209962e-005	2.833792e-008	0.000000e+000	0.000000e+000	-3.071752e-012	1.212796e-005	3.071752e-012	       NaN
8.000000e-001	9.521160e-002	9.521095e-002	0.000000e+000	1.000000e+000	1.212418e-005	3.151496e-008	0.000000e+000	0.000000e+000	-2.166553e-011	1.215567e-005	2.166553e-011	       NaN
9.000000e-001	9.521370e-002	9.521101e-002	0.000000e+000	1.000000e+000	1.219139e-005	3.734837e-008	0.000000e+000	0.000000e+000	-8.990598e-011	1.222865e-005	8.990598e-011	       NaN
1.000000e+000	9.521874e-002	9.521118e-002	0.000000e+000	1.000000e+000	1.230560e-005	4.262420e-008	0.000000e+000	0.000000e+000	-2.524517e-010	1.234797e-005	2.524517e-010	       NaN
1.100000e+000	9.522746e-002	9.521160e-002	0.000000e+000	1.000000e+000	1.243328e-005	4.300058e-008	0.000000e+000	0.000000e+000	-5.295203e-010	1.247575e-005	5.295203e-010	       NaN
1.200000e+000	9.523908e-002	9.521237e-002	0.000000e+000	1.000000e+000	1.252388e-005	3.764184e-008	0.000000e+000	0.000000e+000	-8.920129e-010	1.256063e-005	8.920129e-010	       NaN
1.300000e+000	9.525173e-002	9.521355e-002	0.000000e+000	1.000000e+000	1.254747e-005	2.972776e-008	0.000000e+000	0.000000e+000	-1.274740e-009	1.257592e-005	1.274740e-009	       NaN
1.400000e+000	9.526342e-002	9.521513e-002	0.000000e+000	1.000000e+000	1.250933e-005	2.315246e-008	0.000000e+000	0.000000e+000	-1.612247e-009	1.253087e-005	1.612247e-009	       NaN
1.500000e+000	9.527291e-002	9.521704e-002	0.000000e+000	1.000000e+000	1.243658e-005	1.982508e-008	0.000000e+000	0.000000e+000	-1.865634e-009	1.245454e-005	1.865634e-009	       NaN
1.600000e+000	9.527988e-002	9.521917e-002	0.000000e+000	1.000000e+000	1.235759e-005	1.947315e-008	0.000000e+000	0.000000e+000	-2.027251e-009	1.237503e-005	2.027251e-009	       NaN
1.700000e+000	9.528463e-002	9.522143e-002	0.000000e+000	1.000000e+000	1.229020e-005	2.082584e-008	0.000000e+000	0.000000e+000	-2.110448e-009	1.230891e-005	2.110448e-009	       NaN
1.800000e+000	9.528773e-002	9.522375e-002	0.000000e+000	1.000000e+000	1.224069e-005	2.268306e-008	0.000000e+000	0.000000e+000	-2.136496e-009	1.226123e-005	2.136496e-009	       NaN
1.900000e+000	9.528973e-002	9.522607e-002	0.000000e+000	1.000000e+000	1.220789e-005	2.434101e-008	0.000000e+000	0.000000e+000	-2.125619e-009	1.223011e-005	2.125619e-009	       NaN
2.000000e+000	9.529106e-002	9.522837e-002	0.000000e+000	1.000000e+000	1.218766e-005	2.555199e-008	0.000000e+000	0.000000e+000	-2.093186e-009	1.221112e-005	2.093186e-009	       NaN
2.100000e+000	9.529200e-002	9.523063e-002	0.000000e+000	1.000000e+000	1.217570e-005	2.633031e-008	0.000000e+000	0.000000e+000	-2.049356e-009	1.219998e-005	2.049356e-009	       NaN
2.200000e+000	9.529274e-002	9.523284e-002	0.000000e+000	1.000000e+000	1.216866e-005	2.678627e-008	0.000000e+000	0.000000e+000	-2.000198e-009	1.219345e-005	2.000198e-009	       NaN
2.300000e+000	9.529336e-002	9.523499e-002	0.000000e+000	1.000000e+000	1.216437e-005	2.703484e-008	0.000000e+000	0.000000e+000	-1.949066e-009	1.218946e-005	1.949066e-009	       NaN
2.400000e+000	9.529392e-002	9.523709e-002	0.000000e+000	1.000000e+000	1.216153e-005	2.716271e-008	0.000000e+000	0.000000e+000	-1.897691e-009	1.218680e-005	1.897691e-009	       NaN
2.500000e+000	9.529444e-002	9.523913e-002	0.000000e+000	1.000000e+000	1.215943e-005	2.722542e-008	0.000000e+000	0.000000e+000	-1.846916e-009	1.218480e-005	1.846916e-009	       NaN
2.600000e+000	9.529493e-002	9.524111e-002	0.000000e+000	1.000000e+000	1.215769e-005	2.725498e-008	0.000000e+000	0.000000e+000	-1.797127e-009	1.218315e-005	1.797127e-009	       NaN
2.700000e+000	9.529541e-002	9.524304e-002	0.000000e+000	1.000000e+000	1.215615e-005	2.726850e-008	0.000000e+000	0.000000e+000	-1.748481e-009	1.218167e-005	1.748481e-009	       NaN
2.800000e+000	9.529587e-002	9.524492e-002	0.000000e+000	1.000000e+000	1.215471e-005	2.727459e-008	0.000000e+000	0.000000e+000	-1.701034e-009	1.218028e-005	1.701034e-009	       NaN
2.900000e+000	9.529631e-002	9.524675e-002	0.000000e+000	1.000000e+000	1.215334e-005	2.727738e-008	0.000000e+000	0.000000e+000	-1.654790e-009	1.217896e-005	1.654790e-009	       NaN
3.000000e+000	9.529674e-002	9.524853e-002	0.000000e+000	1.000000e+000	1.215202e-005	2.727878e-008	0.000000e+000	0.000000e+000	-1.609738e-009	1.217769e-005	1.609738e-009	       NaN
3.100000e+000	9.529716e-002	9.525026e-002	0.000000e+000	1.000000e+000	1.215074e-005	2.727962e-008	0.000000e+000	0.000000e+000	-1.565853e-009	1.217645e-005	1.565853e-009	       NaN
3.200000e+000	9.529756e-002	9.525195e-002	0.000000e+000	1.000000e+000	1.214949e-005	2.728029e-008	0.000000e+000	0.000000e+000	-1.523109e-009	1.217525e-005	1.523109e-009	       NaN
3.300000e+000	9.529795e-002	9.525358e-002	0.000000e+000	1.000000e+000	1.214828e-005	2.728092e-008	0.000000e+000	0.000000e+000	-1.481482e-009	1.217408e-005	1.481482e-009	       NaN
3.400000e+000	9.529833e-002	9.525518e-002	0.000000e+000	1.000000e+000	1.214711e-005	2.728157e-008	0.000000e+000	0.000000e+000	-1.440942e-009	1.217295e-005	1.440942e-009	       NaN
3.500000e+000	9.529870e-002	9.525672e-002	0.000000e+000	1.000000e+000	1.214597e-005	2.728228e-008	0.000000e+000	0.000000e+000	-1.401465e-009	1.217185e-005	1.401465e-009	       NaN
3.600000e+000	9.529905e-002	9.525823e-002	0.000000e+000	1.000000e+000	1.214485e-005	2.728303e-008	0.000000e+000	0.000000e+000	-1.363025e-009	1.217077e-005	1.363025e-009	       NaN
3.700000e+000	9.529940e-002	9.525970e-002	0.000000e+000	1.000000e+000	1.214377e-005	2.728384e-008	0.000000e+000	0.000000e+000	-1.325594e-009	1.216973e-005	1.325594e-009	       NaN
3.800000e+000	9.529973e-002	9.526112e-002	0.000000e+000	1.000000e+000	1.214272e-005	2.728470e-008	0.000000e+000	0.000000e+000	-1.289150e-009	1.216872e-005	1.289150e-009	       NaN
3.900000e+000	9.530005e-002	9.526251e-002	0.000000e+000	1.000000e+000	1.214170e-005	2.728560e-008	0.000000e+000	0.000000e+000	-1.253668e-009	1.216773e-005	1.253668e-009	       NaN
4.000000e+000	9.530037e-002	9.526385e-002	0.000000e+000	1.000000e+000	1.214071e-005	2.728655e-008	0.000000e+000	0.000000e+000	-1.219123e-009	1.216678e-005	1.219123e-009	       NaN
4.100000e+000	9.530067e-002	9.526517e-002	0.000000e+000	1.000000e+000	1.213974e-005	2.728754e-008	0.000000e+000	0.000000e+000	-1.185493e-009	1.216585e-005	1.185493e-009	       NaN
4.200000e+000	9.530096e-002	9.526644e-002	0.000000e+000	1.000000e+000	1.213880e-005	2.728857e-008	0.000000e+000	0.000000e+000	-1.152755e-009	1.216494e-005	1.152755e-009	       NaN
4.300000e+000	9.530125e-002	9.526768e-002	0.000000e+000	1.000000e+000	1.213789e-005	2.728963e-008	0.000000e+000	0.000000e+000	-1.120886e-009	1.216406e-005	1.120886e-009	       NaN
4.400000e+000	9.530152e-002	9.526888e-002	0.000000e+000	1.000000e+000	1.213700e-005	2.729071e-008	0.000000e+000	0.000000e+000	-1.089864e-009	1.216320e-005	1.089864e-009	       NaN
4.500000e+000	9.530179e-002	9.527005e-002	0.000000e+000	1.000000e+000	1.213614e-005	2.729183e-008	0.000000e+000	0.000000e+000	-1.059670e-009	1.216237e-005	1.059670e-009	       NaN
4.600000e+000	9.530205e-002	9.527119e-002	0.000000e+000	1.000000e+000	1.213530e-005	2.729297e-008	0.000000e+000	0.000000e+000	-1.030281e-009	1.216156e-005	1.030281e-009	       NaN
4.700000e+000	9.530230e-002	9.527230e-002	0.000000e+000	1.000000e+000	1.213449e-005	2.729413e-008	0.000000e+000	0.000000e+000	-1.001677e-009	1.216078e-005	1.001677e-009	       NaN
4.800000e+000	9.530254e-002	9.527338e-002	0.000000e+000	1.000000e+000	1.213369e-005	2.729531e-008	0.000000e+000	0.000000e+000	-9.738392e-010	1.216002e-005	9.738392e-010	       NaN
4.900000e+000	9.530278e-002	9.527442e-002	0.000000e+000	1.000000e+000	1.213292e-005	2.729651e-008	0.000000e+000	0.000000e+000	-9.467473e-010	1.215927e-005	9.467473e-010	       NaN
5.000000e+000	9.530301e-002	9.527544e-002	0.000000e+000	1.000000e+000	1.213217e-005	2.729772e-008	0.000000e+000	0.000000e+000	-9.203826e-010	1.215855e-005	9.203826e-010	       NaN
5.100000e+000	9.530323e-002	9.527643e-002	0.000000e+000	1.000000e+000	1.213145e-005	2.729894e-008	0.000000e+000	0.000000e+000	-8.947267e-010	1.215785e-005	8.947267e-010	       NaN
5.200000e+000	9.530344e-002	9.527739e-002	0.000000e+000	1.000000e+000	1.213074e-005	2.730018e-008	0.000000e+000	0.000000e+000	-8.697614e-010	1.215717e-005	8.697614e-010	       NaN
5.300000e+000	9.530365e-002	9.527833e-002	0.000000e+000	1.000000e+000	1.213005e-005	2.730142e-008	0.000000e+000	0.000000e+000	-8.454691e-010	1.215651e-005	8.454691e-010	       NaN
5.400000e+000	9.530385e-002	9.527924e-002	0.000000e+000	1.000000e+000	1.212938e-005	2.730267e-008	0.000000e+000	0.000000e+000	-8.218325e-010	1.215586e-005	8.218325e-010	       NaN
5.500000e+000	9.530404e-002	9.528012e-002	0.000000e+000	1.000000e+000	1.212873e-005	2.730393e-008	0.000000e+000	0.000000e+000	-7.988349e-010	1.215524e-005	7.988349e-010	       NaN
5.600000e+000	9.530423e-002	9.528098e-002	0.000000e+000	1.000000e+000	1.212810e-005	2.730519e-008	0.000000e+000	0.000000e+000	-7.764597e-010	1.215463e-005	7.764597e-010	       NaN
5.700000e+000	9.530441e-002	9.528181e-002	0.000000e+000	1.000000e+000	1.212749e-005	2.730645e-008	0.000000e+000	0.000000e+000	-7.546910e-010	1.215404e-005	7.546910e-010	       NaN
5.800000e+000	9.530459e-002	9.528262e-002	0.000000e+000	1.000000e+000	1.212689e-005	2.730795e-008	0.000000e+000	0.000000e+000	-7.335132e-010	1.215347e-005	7.335132e-010	       NaN
5.900000e+000	9.530478e-002	9.528341e-002	0.000000e+000	1.000000e+000	1.212880e-005	2.825433e-008	0.000000e+000	0.000000e+000	-7.135097e-010	1.215634e-005	7.135097e-010	       NaN
6.000000e+000	9.531165e-002	9.528422e-002	0.000000e+000	1.000000e+000	1.282542e-005	2.431630e-007	0.000000e+000	0.000000e+000	-9.157083e-010	1.306767e-005	9.157083e-010	       NaN
6.100000e+000	9.572781e-002	9.528896e-002	0.000000e+000	1.000000e+000	4.605910e-005	8.413336e-006	0.000000e+000	0.000000e+000	-1.465358e-008	5.445778e-005	1.465358e-008	       NaN
6.200000e+000	1.035144e-001	9.539108e-002	0.000000e+000	1.000000e+000	5.256555e-004	1.001656e-004	0.000000e+000	0.000000e+000	-2.712419e-007	6.255499e-004	2.712419e-007	       NaN
6.300000e+000	1.660250e-001	9.648862e-002	0.000000e+000	1.000000e+000	3.469542e-003	5.213242e-004	0.000000e+000	0.000000e+000	-2.321862e-006	3.988544e-003	2.321862e-006	       NaN
6.400000e+000	4.360550e-001	1.028613e-001	0.000000e+000	1.000000e+000	1.298987e-002	1.469301e-003	0.000000e+000	0.000000e+000	-1.112555e-005	1.444805e-002	1.112555e-005	       NaN
6.500000e+000	1.168545e+000	1.261788e-001	0.000000e+000	1.000000e+000	3.159108e-002	2.566136e-003	0.000000e+000	0.000000e+000	-3.480525e-005	3.412241e-002	3.480525e-005	       NaN
6.600000e+000	2.560546e+000	1.864075e-001	0.000000e+000	1.000000e+000	5.534371e-002	2.992320e-003	0.000000e+000	0.000000e+000	-7.927395e-005	5.825676e-002	7.927395e-005	       NaN
6.700000e+000	4.567993e+000	3.058556e-001	0.000000e+000	1.000000e+000	7.535487e-002	2.340685e-003	0.000000e+000	0.000000e+000	-1.423154e-004	7.755324e-002	1.423154e-004	       NaN
6.800000e+000	6.901131e+000	4.997287e-001	0.000000e+000	1.000000e+000	8.448065e-002	9.986677e-004	0.000000e+000	0.000000e+000	-2.137468e-004	8.526558e-002	2.137468e-004	       NaN
6.900000e+000	9.190748e+000	7.703081e-001	0.000000e+000	1.000000e+000	8.164529e-002	-3.156047e-004	0.000000e+000	0.000000e+000	-2.811637e-004	8.104852e-002	2.811637e-004	       NaN
7.000000e+000	1.115991e+001	1.107879e+000	0.000000e+000	1.000000e+000	7.069598e-002	-1.132569e-003	0.000000e+000	0.000000e+000	-3.356436e-004	6.922777e-002	3.356436e-004	       NaN
7.100000e+000	1.269099e+001	1.496010e+000	0.000000e+000	1.000000e+000	5.679009e-002	-1.389656e-003	0.000000e+000	0.000000e+000	-3.738075e-004	5.502663e-002	3.738075e-004	       NaN
7.200000e+000	1.379759e+001	1.917184e+000	0.000000e+000	1.000000e+000	4.376541e-002	-1.266578e-003	0.000000e+000	0.000000e+000	-3.966941e-004	4.210214e-002	3.966941e-004	       NaN
7.300000e+000	1.456143e+001	2.356405e+000	0.000000e+000	1.000000e+000	3.343169e-002	-9.814843e-004	0.000000e+000	0.000000e+000	-4.075335e-004	3.204267e-002	4.075335e-004	       NaN
7.400000e+000	1.507934e+001	2.802531e+000	0.000000e+000	1.000000e+000	2.605961e-002	-6.849053e-004	0.000000e+000	0.000000e+000	-4.099304e-004	2.496477e-002	4.099304e-004	       NaN
7.500000e+000	1.543435e+001	3.248080e+000	0.000000e+000	1.000000e+000	2.114253e-002	-4.474783e-004	0.000000e+000	0.000000e+000	-4.069071e-004	2.028815e-002	4.069071e-004	       NaN
7.600000e+000	1.568623e+001	3.688396e+000	0.000000e+000	1.000000e+000	1.794814e-002	-2.863568e-004	0.000000e+000	0.000000e+000	-4.006153e-004	1.726116e-002	4.006153e-004	       NaN
7.700000e+000	1.587303e+001	4.120721e+000	0.000000e+000	1.000000e+000	1.583656e-002	-1.866240e-004	0.000000e+000	0.000000e+000	-3.924170e-004	1.525752e-002	3.924170e-004	       NaN
7.800000e+000	1.601827e+001	4.543468e+000	0.000000e+000	1.000000e+000	1.441852e-002	-1.199686e-004	0.000000e+000	0.000000e+000	-3.831507e-004	1.391540e-002	3.831507e-004	       NaN
7.900000e+000	1.613841e+001	4.955801e+000	0.000000e+000	1.000000e+000	1.351028e-002	-6.891785e-005	0.000000e+000	0.000000e+000	-3.733941e-004	1.306797e-002	3.733941e-004	       NaN
8.000000e+000	1.624574e+001	5.357432e+000	0.000000e+000	1.000000e+000	1.297558e-002	-3.267777e-005	0.000000e+000	0.000000e+000	-3.635674e-004	1.257934e-002	3.635674e-004	       NaN
8.100000e+000	1.634797e+001	5.748436e+000	0.000000e+000	1.000000e+000	1.265965e-002	-1.371488e-005	0.000000e+000	0.000000e+000	-3.539251e-004	1.229201e-002	3.539251e-004	       NaN
8.200000e+000	1.644809e+001	6.129079e+000	0.000000e+000	1.000000e+000	1.241116e-002	-1.094076e-005	0.000000e+000	0.000000e+000	-3.445581e-004	1.205567e-002	3.445581e-004	       NaN
8.300000e+000	1.654571e+001	6.499653e+000	0.000000e+000	1.000000e+000	1.214696e-002	-1.324748e-005	0.000000e+000	0.000000e+000	-3.354440e-004	1.179827e-002	3.354440e-004	       NaN
8.400000e+000	1.664115e+001	6.860427e+000	0.000000e+000	1.000000e+000	1.193654e-002	-2.761217e-006	0.000000e+000	0.000000e+000	-3.265844e-004	1.160720e-002	3.265844e-004	       NaN
8.500000e+000	1.673759e+001	7.211728e+000	0.000000e+000	1.000000e+000	1.181612e-002	-2.532369e-006	0.000000e+000	0.000000e+000	-3.180746e-004	1.149551e-002	3.180746e-004	       NaN
8.600000e+000	1.682326e+001	7.553829e+000	0.000000e+000	1.000000e+000	1.082472e-002	-1.870016e-004	0.000000e+000	0.000000e+000	-3.095120e-004	1.032820e-002	3.095120e-004	       NaN
8.700000e+000	1.681021e+001	7.885443e+000	0.000000e+000	1.000000e+000	5.534903e-003	-8.766587e-004	0.000000e+000	0.000000e+000	-2.980037e-004	4.360240e-003	2.980037e-004	       NaN
8.800000e+000	1.647564e+001	8.199799e+000	0.000000e+000	1.000000e+000	-8.620319e-003	-2.065212e-003	0.000000e+000	0.000000e+000	-2.763355e-004	-1.096187e-002	2.763355e-004	       NaN
8.900000e+000	1.554056e+001	8.480883e+000	0.000000e+000	1.000000e+000	-3.178462e-002	-3.050301e-003	0.000000e+000	0.000000e+000	-2.357269e-004	-3.507065e-002	2.357269e-004	       NaN
9.000000e+000	1.388393e+001	8.705470e+000	0.000000e+000	1.000000e+000	-5.680955e-002	-3.031789e-003	0.000000e+000	0.000000e+000	-1.729122e-004	-6.001425e-002	1.729122e-004	       NaN
9.100000e+000	1.167426e+001	8.851974e+000	0.000000e+000	1.000000e+000	-7.405658e-002	-1.942777e-003	0.000000e+000	0.000000e+000	-9.423775e-005	-7.609360e-002	9.423775e-005	       NaN
9.200000e+000	9.282895e+000	8.909784e+000	0.000000e+000	1.000000e+000	-7.832148e-002	-4.251264e-004	0.000000e+000	0.000000e+000	-1.245840e-005	-7.875906e-002	1.245840e-005	       NaN
9.300000e+000	7.083262e+000	8.882564e+000	0.000000e+000	1.000000e+000	-7.096653e-002	8.083539e-004	0.000000e+000	0.000000e+000	6.007981e-005	-7.009810e-002	-6.007981e-005	       NaN
9.400000e+000	5.305360e+000	8.784865e+000	0.000000e+000	1.000000e+000	-5.717781e-002	1.428097e-003	0.000000e+000	0.000000e+000	1.161828e-004	-5.563353e-002	-1.161828e-004	       NaN
9.500000e+000	4.009147e+000	8.635811e+000	0.000000e+000	1.000000e+000	-4.223404e-002	1.494810e-003	0.000000e+000	0.000000e+000	1.544872e-004	-4.058474e-002	-1.544872e-004	       NaN
9.600000e+000	3.137116e+000	8.453659e+000	0.000000e+000	1.000000e+000	-2.945810e-002	1.243135e-003	0.000000e+000	0.000000e+000	1.775227e-004	-2.803744e-002	-1.775227e-004	       NaN
9.700000e+000	2.583351e+000	8.252906e+000	0.000000e+000	1.000000e+000	-2.004487e-002	8.937589e-004	0.000000e+000	0.000000e+000	1.893099e-004	-1.896180e-002	-1.893099e-004	       NaN
9.800000e+000	2.242561e+000	8.043648e+000	0.000000e+000	1.000000e+000	-1.380603e-002	5.781790e-004	0.000000e+000	0.000000e+000	1.937019e-004	-1.303415e-002	-1.937019e-004	       NaN
9.900000e+000	2.032390e+000	7.832242e+000	0.000000e+000	1.000000e+000	-9.982232e-003	3.447650e-004	0.000000e+000	0.000000e+000	1.936607e-004	-9.443807e-003	-1.936607e-004	       NaN
1.000000e+001	1.897097e+000	7.622356e+000	0.000000e+000	1.000000e+000	-7.764660e-003	1.928193e-004	0.000000e+000	0.000000e+000	1.911700e-004	-7.380671e-003	-1.911700e-004	       NaN
1.010000e+001	1.802624e+000	7.415945e+000	0.000000e+000	1.000000e+000	-6.517374e-003	1.027081e-004	0.000000e+000	0.000000e+000	1.874323e-004	-6.227234e-003	-1.874323e-004	       NaN
1.020000e+001	1.729719e+000	7.213964e+000	0.000000e+000	1.000000e+000	-5.814692e-003	5.304100e-005	0.000000e+000	0.000000e+000	1.831223e-004	-5.578529e-003	-1.831223e-004	       NaN
1.030000e+001	1.668155e+000	7.016821e+000	0.000000e+000	1.000000e+000	-5.400640e-003	2.727919e-005	0.000000e+000	0.000000e+000	1.785953e-004	-5.194765e-003	-1.785953e-004	       NaN
1.040000e+001	1.612757e+000	6.824645e+000	0.000000e+000	1.000000e+000	-5.133027e-003	1.461252e-005	0.000000e+000	0.000000e+000	1.740282e-004	-4.944387e-003	-1.740282e-004	       NaN
1.050000e+001	1.561010e+000	6.637428e+000	0.000000e+000	1.000000e+000	-4.937628e-003	8.697896e-006	0.000000e+000	0.000000e+000	1.695048e-004	-4.759425e-003	-1.695048e-004	       NaN
1.060000e+001	1.511718e+000	6.455100e+000	0.000000e+000	1.000000e+000	-4.777588e-003	6.093577e-006	0.000000e+000	0.000000e+000	1.650626e-004	-4.606432e-003	-1.650626e-004	       NaN
1.070000e+001	1.464320e+000	6.277562e+000	0.000000e+000	1.000000e+000	-4.635346e-003	5.042148e-006	0.000000e+000	0.000000e+000	1.607172e-004	-4.469587e-003	-1.607172e-004	       NaN
1.080000e+001	1.418544e+000	6.104705e+000	0.000000e+000	1.000000e+000	-4.502803e-003	4.689338e-006	0.000000e+000	0.000000e+000	1.564738e-004	-4.341640e-003	-1.564738e-004	       NaN
1.090000e+001	1.374252e+000	5.936416e+000	0.000000e+000	1.000000e+000	-4.376313e-003	4.636656e-006	0.000000e+000	0.000000e+000	1.523335e-004	-4.219343e-003	-1.523335e-004	       NaN
1.100000e+001	1.331357e+000	5.772585e+000	0.000000e+000	1.000000e+000	-4.254249e-003	4.704741e-006	0.000000e+000	0.000000e+000	1.482954e-004	-4.101249e-003	-1.482954e-004	       NaN
1.110000e+001	1.289803e+000	5.613101e+000	0.000000e+000	1.000000e+000	-4.135878e-003	4.815444e-006	0.000000e+000	0.000000e+000	1.443576e-004	-3.986705e-003	-1.443576e-004	       NaN
1.120000e+001	1.249542e+000	5.457854e+000	0.000000e+000	1.000000e+000	-4.020847e-003	4.935817e-006	0.000000e+000	0.000000e+000	1.405182e-004	-3.875394e-003	-1.405182e-004	       NaN
1.130000e+001	1.210531e+000	5.306740e+000	0.000000e+000	1.000000e+000	-3.908969e-003	5.052510e-006	0.000000e+000	0.000000e+000	1.367750e-004	-3.767142e-003	-1.367750e-004	       NaN
1.140000e+001	1.172731e+000	5.159655e+000	0.000000e+000	1.000000e+000	-3.800121e-003	5.160456e-006	0.000000e+000	0.000000e+000	1.331259e-004	-3.661835e-003	-1.331259e-004	       NaN
1.150000e+001	1.136105e+000	5.016497e+000	0.000000e+000	1.000000e+000	-3.694210e-003	5.258000e-006	0.000000e+000	0.000000e+000	1.295687e-004	-3.559383e-003	-1.295687e-004	       NaN
1.160000e+001	1.100615e+000	4.877167e+000	0.000000e+000	1.000000e+000	-3.591153e-003	5.344859e-006	0.000000e+000	0.000000e+000	1.261014e-004	-3.459707e-003	-1.261014e-004	       NaN
1.170000e+001	1.066228e+000	4.741568e+000	0.000000e+000	1.000000e+000	-3.490876e-003	5.421281e-006	0.000000e+000	0.000000e+000	1.227219e-004	-3.362733e-003	-1.227219e-004	       NaN
1.180000e+001	1.032908e+000	4.609606e+000	0.000000e+000	1.000000e+000	-3.393307e-003	5.487707e-006	0.000000e+000	0.000000e+000	1.194282e-004	-3.268391e-003	-1.194282e-004	       NaN
1.190000e+001	1.000623e+000	4.481188e+000	0.000000e+000	1.000000e+000	-3.298375e-003	5.544638e-006	0.000000e+000	0.000000e+000	1.162182e-004	-3.176612e-003	-1.162182e-004	       NaN
1.200000e+001	9.693418e-001	4.356224e+000	0.000000e+000	1.000000e+000	-3.206013e-003	5.592584e-006	0.000000e+000	0.000000e+000	1.130901e-004	-3.087330e-003	-1.130901e-004	       NaN
1.210000e+001	9.390323e-001	4.234626e+000	0.000000e+000	1.000000e+000	-3.116154e-003	5.632042e-006	0.000000e+000	0.000000e+000	1.100419e-004	-3.000480e-003	-1.100419e-004	       NaN
1.220000e+001	9.096648e-001	4.116307e+000	0.000000e+000	1.000000e+000	-3.028733e-003	5.663493e-006	0.000000e+000	0.000000e+000	1.070718e-004	-2.915998e-003	-1.070718e-004	       NaN
1.230000e+001	8.812104e-001	4.001185e+000	0.000000e+000	1.000000e+000	-2.943688e-003	5.687397e-006	0.000000e+000	0.000000e+000	1.041779e-004	-2.833823e-003	-1.041779e-004	       NaN
1.240000e+001	8.536408e-001	3.889176e+000	0.000000e+000	1.000000e+000	-2.860957e-003	5.704194e-006	0.000000e+000	0.000000e+000	1.013584e-004	-2.753895e-003	-1.013584e-004	       NaN
1.250000e+001	8.269287e-001	3.780200e+000	0.000000e+000	1.000000e+000	-2.780480e-003	5.714304e-006	0.000000e+000	0.000000e+000	9.861158e-005	-2.676154e-003	-9.861158e-005	       NaN
1.260000e+001	8.010475e-001	3.674180e+000	0.000000e+000	1.000000e+000	-2.702198e-003	5.718129e-006	0.000000e+000	0.000000e+000	9.593568e-005	-2.600544e-003	-9.593568e-005	       NaN
1.270000e+001	7.759717e-001	3.571038e+000	0.000000e+000	1.000000e+000	-2.626053e-003	5.716050e-006	0.000000e+000	0.000000e+000	9.332901e-005	-2.527008e-003	-9.332901e-005	       NaN
1.280000e+001	7.516764e-001	3.470701e+000	0.000000e+000	1.000000e+000	-2.551991e-003	5.708433e-006	0.000000e+000	0.000000e+000	9.078993e-005	-2.455492e-003	-9.078993e-005	       NaN
1.290000e+001	7.281373e-001	3.373095e+000	0.000000e+000	1.000000e+000	-2.479955e-003	5.695626e-006	0.000000e+000	0.000000e+000	8.831679e-005	-2.385943e-003	-8.831679e-005	       NaN
1.300000e+001	7.053312e-001	3.278150e+000	0.000000e+000	1.000000e+000	-2.409894e-003	5.677961e-006	0.000000e+000	0.000000e+000	8.590802e-005	-2.318308e-003	-8.590802e-005	       NaN
1.310000e+001	6.832353e-001	3.185796e+000	0.000000e+000	1.000000e+000	-2.341756e-003	5.655754e-006	0.000000e+000	0.000000e+000	8.356205e-005	-2.252538e-003	-8.356205e-005	       NaN
1.320000e+001	6.618277e-001	3.095965e+000	0.000000e+000	1.000000e+000	-2.275489e-003	5.629307e-006	0.000000e+000	0.000000e+000	8.127736e-005	-2.188582e-003	-8.127736e-005	       NaN
1.330000e+001	6.410870e-001	3.008592e+000	0.000000e+000	1.000000e+000	-2.211045e-003	5.598906e-006	0.000000e+000	0.000000e+000	7.905246e-005	-2.126393e-003	-7.905246e-005	       NaN
1.340000e+001	6.209927e-001	2.923612e+000	0.000000e+000	1.000000e+000	-2.148374e-003	5.564825e-006	0.000000e+000	0.000000e+000	7.688588e-005	-2.065924e-003	-7.688588e-005	       NaN
1.350000e+001	6.015247e-001	2.840962e+000	0.000000e+000	1.000000e+000	-2.087432e-003	5.527324e-006	0.000000e+000	0.000000e+000	7.477621e-005	-2.007128e-003	-7.477621e-005	       NaN
1.360000e+001	5.826636e-001	2.760582e+000	0.000000e+000	1.000000e+000	-2.028170e-003	5.486650e-006	0.000000e+000	0.000000e+000	7.272204e-005	-1.949962e-003	-7.272204e-005	       NaN
1.370000e+001	5.643907e-001	2.682411e+000	0.000000e+000	1.000000e+000	-1.970546e-003	5.443040e-006	0.000000e+000	0.000000e+000	7.072201e-005	-1.894381e-003	-7.072201e-005	       NaN
1.380000e+001	5.466876e-001	2.606391e+000	0.000000e+000	1.000000e+000	-1.914515e-003	5.396716e-006	0.000000e+000	0.000000e+000	6.877477e-005	-1.840344e-003	-6.877477e-005	       NaN
1.390000e+001	5.295368e-001	2.532465e+000	0.000000e+000	1.000000e+000	-1.860036e-003	5.347892e-006	0.000000e+000	0.000000e+000	6.687903e-005	-1.787809e-003	-6.687903e-005	       NaN
1.400000e+001	5.129210e-001	2.460578e+000	0.000000e+000	1.000000e+000	-1.807066e-003	5.296770e-006	0.000000e+000	0.000000e+000	6.503349e-005	-1.736735e-003	-6.503349e-005	       NaN
1.410000e+001	4.968238e-001	2.390676e+000	0.000000e+000	1.000000e+000	-1.755565e-003	5.243542e-006	0.000000e+000	0.000000e+000	6.323692e-005	-1.687085e-003	-6.323692e-005	       NaN
1.420000e+001	4.812291e-001	2.322707e+000	0.000000e+000	1.000000e+000	-1.705495e-003	5.188391e-006	0.000000e+000	0.000000e+000	6.148808e-005	-1.638818e-003	-6.148808e-005	       NaN
1.430000e+001	4.661212e-001	2.256617e+000	0.000000e+000	1.000000e+000	-1.656816e-003	5.131489e-006	0.000000e+000	0.000000e+000	5.978578e-005	-1.591899e-003	-5.978578e-005	       NaN
1.440000e+001	4.514851e-001	2.192359e+000	0.000000e+000	1.000000e+000	-1.609492e-003	5.073001e-006	0.000000e+000	0.000000e+000	5.812886e-005	-1.546290e-003	-5.812886e-005	       NaN
1.450000e+001	4.373060e-001	2.129882e+000	0.000000e+000	1.000000e+000	-1.563485e-003	5.013082e-006	0.000000e+000	0.000000e+000	5.651617e-005	-1.501956e-003	-5.651617e-005	       NaN
1.460000e+001	4.235699e-001	2.069140e+000	0.000000e+000	1.000000e+000	-1.518762e-003	4.951880e-006	0.000000e+000	0.000000e+000	5.494660e-005	-1.458863e-003	-5.494660e-005	       NaN
1.470000e+001	4.102630e-001	2.010085e+000	0.000000e+000	1.000000e+000	-1.475286e-003	4.889534e-006	0.000000e+000	0.000000e+000	5.341906e-005	-1.416978e-003	-5.341906e-005	       NaN
1.480000e+001	3.973719e-001	1.952673e+000	0.000000e+000	1.000000e+000	-1.433025e-003	4.826177e-006	0.000000e+000	0.000000e+000	5.193247e-005	-1.376267e-003	-5.193247e-005	       NaN
1.490000e+001	3.848837e-001	1.896859e+000	0.000000e+000	1.000000e+000	-1.391946e-003	4.761934e-006	0.000000e+000	0.000000e+000	5.048581e-005	-1.336698e-003	-5.048581e-005	       NaN
1.500000e+001	3.727860e-001	1.842601e+000	0.000000e+000	1.000000e+000	-1.352016e-003	4.696922e-006	0.000000e+000	0.000000e+000	4.907805e-005	-1.298241e-003	-4.907805e-005	       NaN
1.510000e+001	3.610665e-001	1.789857e+000	0.000000e+000	1.000000e+000	-1.313205e-003	4.631255e-006	0.000000e+000	0.000000e+000	4.770820e-005	-1.260865e-003	-4.770820e-005	       NaN
1.520000e+001	3.497135e-001	1.738586e+000	0.000000e+000	1.000000e+000	-1.275482e-003	4.565037e-006	0.000000e+000	0.000000e+000	4.637530e-005	-1.224542e-003	-4.637530e-005	       NaN
1.530000e+001	3.387157e-001	1.688747e+000	0.000000e+000	1.000000e+000	-1.238818e-003	4.498368e-006	0.000000e+000	0.000000e+000	4.507839e-005	-1.189241e-003	-4.507839e-005	       NaN
1.540000e+001	3.280619e-001	1.640303e+000	0.000000e+000	1.000000e+000	-1.203183e-003	4.431341e-006	0.000000e+000	0.000000e+000	4.381656e-005	-1.154935e-003	-4.381656e-005	       NaN
1.550000e+001	3.177416e-001	1.593216e+000	0.000000e+000	1.000000e+000	-1.168551e-003	4.364046e-006	0.000000e+000	0.000000e+000	4.258889e-005	-1.121598e-003	-4.258889e-005	       NaN
1.560000e+001	3.077442e-001	1.547449e+000	0.000000e+000	1.000000e+000	-1.134892e-003	4.296566e-006	0.000000e+000	0.000000e+000	4.139451e-005	-1.089201e-003	-4.139451e-005	       NaN
1.570000e+001	2.980598e-001	1.502966e+000	0.000000e+000	1.000000e+000	-1.102182e-003	4.228979e-006	0.000000e+000	0.000000e+000	4.023255e-005	-1.057721e-003	-4.023255e-005	       NaN
1.580000e+001	2.886786e-001	1.459732e+000	0.000000e+000	1.000000e+000	-1.070394e-003	4.161358e-006	0.000000e+000	0.000000e+000	3.910219e-005	-1.027131e-003	-3.910219e-005	       NaN
1.590000e+001	2.795911e-001	1.417713e+000	0.000000e+000	1.000000e+000	-1.039503e-003	4.093774e-006	0.000000e+000	0.000000e+000	3.800259e-005	-9.974067e-004	-3.800259e-005	       NaN
1.600000e+001	2.707884e-001	1.376876e+000	0.000000e+000	1.000000e+000	-1.009484e-003	4.026290e-006	0.000000e+000	0.000000e+000	3.693296e-005	-9.685249e-004	-3.693296e-005	       NaN
1.610000e+001	2.622613e-001	1.337189e+000	0.000000e+000	1.000000e+000	-9.803135e-004	3.958967e-006	0.000000e+000	0.000000e+000	3.589252e-005	-9.404620e-004	-3.589252e-005	       NaN
1.620000e+001	2.540015e-001	1.298621e+000	0.000000e+000	1.000000e+000	-9.519680e-004	3.891863e-006	0.000000e+000	0.000000e+000	3.488051e-005	-9.131956e-004	-3.488051e-005	       NaN
1.630000e+001	2.460005e-001	1.261141e+000	0.000000e+000	1.000000e+000	-9.244248e-004	3.825031e-006	0.000000e+000	0.000000e+000	3.389618e-005	-8.867036e-004	-3.389618e-005	       NaN
1.640000e+001	2.382503e-001	1.224719e+000	0.000000e+000	1.000000e+000	-8.976620e-004	3.758519e-006	0.000000e+000	0.000000e+000	3.293880e-005	-8.609647e-004	-3.293880e-005	       NaN
1.650000e+001	2.307430e-001	1.189326e+000	0.000000e+000	1.000000e+000	-8.716580e-004	3.692375e-006	0.000000e+000	0.000000e+000	3.200768e-005	-8.359579e-004	-3.200768e-005	       NaN
1.660000e+001	2.234712e-001	1.154934e+000	0.000000e+000	1.000000e+000	-8.463919e-004	3.626642e-006	0.000000e+000	0.000000e+000	3.110212e-005	-8.116631e-004	-3.110212e-005	       NaN
1.670000e+001	2.164274e-001	1.121515e+000	0.000000e+000	1.000000e+000	-8.218433e-004	3.561359e-006	0.000000e+000	0.000000e+000	3.022145e-005	-7.880605e-004	-3.022145e-005	       NaN
1.680000e+001	2.096045e-001	1.089043e+000	0.000000e+000	1.000000e+000	-7.979924e-004	3.496563e-006	0.000000e+000	0.000000e+000	2.936501e-005	-7.651308e-004	-2.936501e-005	       NaN
1.690000e+001	2.029957e-001	1.057492e+000	0.000000e+000	1.000000e+000	-7.748199e-004	3.432289e-006	0.000000e+000	0.000000e+000	2.853216e-005	-7.428555e-004	-2.853216e-005	       NaN
1.700000e+001	1.965943e-001	1.026836e+000	0.000000e+000	1.000000e+000	-7.523070e-004	3.368569e-006	0.000000e+000	0.000000e+000	2.772228e-005	-7.212162e-004	-2.772228e-005	       NaN
1.710000e+001	1.903938e-001	9.970500e-001	0.000000e+000	1.000000e+000	-7.304355e-004	3.305431e-006	0.000000e+000	0.000000e+000	2.693476e-005	-7.001953e-004	-2.693476e-005	       NaN
1.720000e+001	1.843878e-001	9.681108e-001	0.000000e+000	1.000000e+000	-7.091875e-004	3.242903e-006	0.000000e+000	0.000000e+000	2.616900e-005	-6.797756e-004	-2.616900e-005	       NaN
1.730000e+001	1.785705e-001	9.399947e-001	0.000000e+000	1.000000e+000	-6.885456e-004	3.181008e-006	0.000000e+000	0.000000e+000	2.542443e-005	-6.599402e-004	-2.542443e-005	       NaN
1.740000e+001	1.729358e-001	9.126789e-001	0.000000e+000	1.000000e+000	-6.684932e-004	3.119770e-006	0.000000e+000	0.000000e+000	2.470048e-005	-6.406729e-004	-2.470048e-005	       NaN
1.750000e+001	1.674781e-001	8.861412e-001	0.000000e+000	1.000000e+000	-6.490137e-004	3.059209e-006	0.000000e+000	0.000000e+000	2.399661e-005	-6.219578e-004	-2.399661e-005	       NaN
1.760000e+001	1.621918e-001	8.603599e-001	0.000000e+000	1.000000e+000	-6.300911e-004	2.999343e-006	0.000000e+000	0.000000e+000	2.331227e-005	-6.037795e-004	-2.331227e-005	       NaN
1.770000e+001	1.570716e-001	8.353142e-001	0.000000e+000	1.000000e+000	-6.117100e-004	2.940188e-006	0.000000e+000	0.000000e+000	2.264694e-005	-5.861229e-004	-2.264694e-005	       NaN
1.780000e+001	1.521122e-001	8.109836e-001	0.000000e+000	1.000000e+000	-5.938552e-004	2.881761e-006	0.000000e+000	0.000000e+000	2.200012e-005	-5.689734e-004	-2.200012e-005	       NaN
1.790000e+001	1.473088e-001	7.873481e-001	0.000000e+000	1.000000e+000	-5.765121e-004	2.824073e-006	0.000000e+000	0.000000e+000	2.137131e-005	-5.523167e-004	-2.137131e-005	       NaN
1.800000e+001	1.426563e-001	7.643884e-001	0.000000e+000	1.000000e+000	-5.596663e-004	2.767137e-006	0.000000e+000	0.000000e+000	2.076002e-005	-5.361391e-004	-2.076002e-005	       NaN
1.810000e+001	1.381500e-001	7.420857e-001	0.000000e+000	1.000000e+000	-5.433038e-004	2.710963e-006	0.000000e+000	0.000000e+000	2.016579e-005	-5.204271e-004	-2.016579e-005	       NaN
1.820000e+001	1.337855e-001	7.204216e-001	0.000000e+000	1.000000e+000	-5.274112e-004	2.655560e-006	0.000000e+000	0.000000e+000	1.958814e-005	-5.051675e-004	-1.958814e-005	       NaN
1.830000e+001	1.295582e-001	6.993783e-001	0.000000e+000	1.000000e+000	-5.119753e-004	2.600934e-006	0.000000e+000	0.000000e+000	1.902665e-005	-4.903477e-004	-1.902665e-005	       NaN
1.840000e+001	1.254639e-001	6.789384e-001	0.000000e+000	1.000000e+000	-4.969832e-004	2.547094e-006	0.000000e+000	0.000000e+000	1.848086e-005	-4.759552e-004	-1.848086e-005	       NaN
1.850000e+001	1.214984e-001	6.590850e-001	0.000000e+000	1.000000e+000	-4.824225e-004	2.494043e-006	0.000000e+000	0.000000e+000	1.795035e-005	-4.619781e-004	-1.795035e-005	       NaN
1.860000e+001	1.176576e-001	6.398018e-001	0.000000e+000	1.000000e+000	-4.682810e-004	2.441786e-006	0.000000e+000	0.000000e+000	1.743472e-005	-4.484045e-004	-1.743472e-005	       NaN
1.870000e+001	1.139378e-001	6.210726e-001	0.000000e+000	1.000000e+000	-4.545469e-004	2.390325e-006	0.000000e+000	0.000000e+000	1.693355e-005	-4.352231e-004	-1.693355e-005	       NaN
1.880000e+001	1.103350e-001	6.028820e-001	0.000000e+000	1.000000e+000	-4.412089e-004	2.339664e-006	0.000000e+000	0.000000e+000	1.644645e-005	-4.224227e-004	-1.644645e-005	       NaN
1.890000e+001	1.068456e-001	5.852149e-001	0.000000e+000	1.000000e+000	-4.282556e-004	2.289802e-006	0.000000e+000	0.000000e+000	1.597305e-005	-4.099927e-004	-1.597305e-005	       NaN
1.900000e+001	1.034661e-001	5.680565e-001	0.000000e+000	1.000000e+000	-4.156762e-004	2.240740e-006	0.000000e+000	0.000000e+000	1.551296e-005	-3.979225e-004	-1.551296e-005	       NaN
1.910000e+001	1.001930e-001	5.513924e-001	0.000000e+000	1.000000e+000	-4.034602e-004	2.192478e-006	0.000000e+000	0.000000e+000	1.506583e-005	-3.862019e-004	-1.506583e-005	       NaN
1.920000e+001	9.702294e-002	5.352088e-001	0.000000e+000	1.000000e+000	-3.915973e-004	2.145013e-006	0.000000e+000	0.000000e+000	1.463130e-005	-3.748210e-004	-1.463130e-005	       NaN
1.930000e+001	9.395279e-002	5.194922e-001	0.000000e+000	1.000000e+000	-3.800775e-004	2.098345e-006	0.000000e+000	0.000000e+000	1.420903e-005	-3.637702e-004	-1.420903e-005	       NaN
1.940000e+001	9.097935e-002	5.042293e-001	0.000000e+000	1.000000e+000	-3.688912e-004	2.052471e-006	0.000000e+000	0.000000e+000	1.379867e-005	-3.530400e-004	-1.379867e-005	       NaN
1.950000e+001	8.809961e-002	4.894073e-001	0.000000e+000	1.000000e+000	-3.580287e-004	2.007386e-006	0.000000e+000	0.000000e+000	1.339991e-005	-3.426214e-004	-1.339991e-005	       NaN
1.960000e+001	8.531063e-002	4.750138e-001	0.000000e+000	1.000000e+000	-3.474810e-004	1.963088e-006	0.000000e+000	0.000000e+000	1.301243e-005	-3.325055e-004	-1.301243e-005	       NaN
1.970000e+001	8.260955e-002	4.610366e-001	0.000000e+000	1.000000e+000	-3.372391e-004	1.919571e-006	0.000000e+000	0.000000e+000	1.263592e-005	-3.226837e-004	-1.263592e-005	       NaN
1.980000e+001	7.999363e-002	4.474640e-001	0.000000e+000	1.000000e+000	-3.272944e-004	1.876831e-006	0.000000e+000	0.000000e+000	1.227006e-005	-3.131475e-004	-1.227006e-005	       NaN
1.990000e+001	7.746019e-002	4.342845e-001	0.000000e+000	1.000000e+000	-3.176384e-004	1.834863e-006	0.000000e+000	0.000000e+000	1.191459e-005	-3.038889e-004	-1.191459e-005	       NaN
2.000000e+001	7.500664e-002	4.214869e-001	0.000000e+000	1.000000e+000	-3.082628e-004	1.793660e-006	0.000000e+000	0.000000e+000	1.156919e-005	-2.948999e-004	-1.156919e-005	       NaN
