0.000000e+000	9.521094e-002
0.000000e+000	9.521094e-002
1.000000e-001	9.521094e-002
2.000000e-001	9.521094e-002
3.000000e-001	9.521094e-002
4.000000e-001	9.521094e-002
5.000000e-001	9.521094e-002
6.000000e-001	9.521094e-002
7.000000e-001	9.521094e-002
8.000000e-001	9.521096e-002
9.000000e-001	9.521103e-002
1.000000e+000	9.521128e-002
1.100000e+000	9.521186e-002
1.200000e+000	9.521293e-002
1.300000e+000	9.521457e-002
1.400000e+000	9.521675e-002
1.500000e+000	9.521938e-002
1.600000e+000	9.522230e-002
1.700000e+000	9.522539e-002
1.800000e+000	9.522855e-002
1.900000e+000	9.523171e-002
2.000000e+000	9.523482e-002
2.100000e+000	9.523787e-002
2.200000e+000	9.524083e-002
2.300000e+000	9.524372e-002
2.400000e+000	9.524651e-002
2.500000e+000	9.524922e-002
2.600000e+000	9.525185e-002
2.700000e+000	9.525440e-002
2.800000e+000	9.525687e-002
2.900000e+000	9.525927e-002
3.000000e+000	9.526159e-002
3.100000e+000	9.526383e-002
3.200000e+000	9.526601e-002
3.300000e+000	9.526812e-002
3.400000e+000	9.527016e-002
3.500000e+000	9.527214e-002
3.600000e+000	9.527406e-002
3.700000e+000	9.527592e-002
3.800000e+000	9.527772e-002
3.900000e+000	9.527946e-002
4.000000e+000	9.528114e-002
4.100000e+000	9.528278e-002
4.200000e+000	9.528436e-002
4.300000e+000	9.528589e-002
4.400000e+000	9.528737e-002
4.500000e+000	9.528881e-002
4.600000e+000	9.529020e-002
4.700000e+000	9.529154e-002
4.800000e+000	9.529284e-002
4.900000e+000	9.529410e-002
5.000000e+000	9.529532e-002
5.100000e+000	9.529650e-002
5.200000e+000	9.529764e-002
5.300000e+000	9.529875e-002
5.400000e+000	9.529982e-002
5.500000e+000	9.530085e-002
5.600000e+000	9.530185e-002
5.700000e+000	9.530282e-002
5.800000e+000	9.530376e-002
5.900000e+000	9.530466e-002
6.000000e+000	9.530559e-002
6.100000e+000	9.531112e-002
6.200000e+000	9.543049e-002
6.300000e+000	9.671030e-002
6.400000e+000	1.041204e-001
6.500000e+000	1.311538e-001
6.600000e+000	2.007666e-001
6.700000e+000	3.383913e-001
6.800000e+000	5.610495e-001
6.900000e+000	8.707911e-001
7.000000e+000	1.255950e+000
7.100000e+000	1.697333e+000
7.200000e+000	2.174696e+000
7.300000e+000	2.670844e+000
7.400000e+000	3.173086e+000
7.500000e+000	3.672961e+000
7.600000e+000	4.165253e+000
7.700000e+000	4.646907e+000
7.800000e+000	5.116202e+000
7.900000e+000	5.572270e+000
8.000000e+000	6.014859e+000
8.100000e+000	6.444135e+000
8.200000e+000	6.860471e+000
8.300000e+000	7.264266e+000
8.400000e+000	7.655887e+000
8.500000e+000	8.035772e+000
8.600000e+000	8.404285e+000
8.700000e+000	8.759973e+000
8.800000e+000	9.095028e+000
8.900000e+000	9.391009e+000
9.000000e+000	9.621336e+000
9.100000e+000	9.761581e+000
9.200000e+000	9.800149e+000
9.300000e+000	9.741890e+000
9.400000e+000	9.604028e+000
9.500000e+000	9.408813e+000
9.600000e+000	9.177300e+000
9.700000e+000	8.926092e+000
9.800000e+000	8.666683e+000
9.900000e+000	8.406255e+000
1.000000e+001	8.148919e+000
1.010000e+001	7.896836e+000
1.020000e+001	7.651035e+000
1.030000e+001	7.411930e+000
1.040000e+001	7.179621e+000
1.050000e+001	6.954056e+000
1.060000e+001	6.735112e+000
1.070000e+001	6.522640e+000
1.080000e+001	6.316477e+000
1.090000e+001	6.116457e+000
1.100000e+001	5.922417e+000
1.110000e+001	5.734196e+000
1.120000e+001	5.551635e+000
1.130000e+001	5.374579e+000
1.140000e+001	5.202876e+000
1.150000e+001	5.036380e+000
1.160000e+001	4.874944e+000
1.170000e+001	4.718427e+000
1.180000e+001	4.566692e+000
1.190000e+001	4.419604e+000
1.200000e+001	4.277031e+000
1.210000e+001	4.138845e+000
1.220000e+001	4.004921e+000
1.230000e+001	3.875136e+000
1.240000e+001	3.749373e+000
1.250000e+001	3.627514e+000
1.260000e+001	3.509448e+000
1.270000e+001	3.395062e+000
1.280000e+001	3.284251e+000
1.290000e+001	3.176909e+000
1.300000e+001	3.072936e+000
1.310000e+001	2.972230e+000
1.320000e+001	2.874697e+000
1.330000e+001	2.780241e+000
1.340000e+001	2.688772e+000
1.350000e+001	2.600199e+000
1.360000e+001	2.514438e+000
1.370000e+001	2.431403e+000
1.380000e+001	2.351012e+000
1.390000e+001	2.273186e+000
1.400000e+001	2.197846e+000
1.410000e+001	2.124918e+000
1.420000e+001	2.054329e+000
1.430000e+001	1.986006e+000
1.440000e+001	1.919881e+000
1.450000e+001	1.855886e+000
1.460000e+001	1.793956e+000
1.470000e+001	1.734028e+000
1.480000e+001	1.676039e+000
1.490000e+001	1.619930e+000
1.500000e+001	1.565642e+000
1.510000e+001	1.513120e+000
1.520000e+001	1.462307e+000
1.530000e+001	1.413150e+000
1.540000e+001	1.365598e+000
1.550000e+001	1.319601e+000
1.560000e+001	1.275110e+000
1.570000e+001	1.232077e+000
1.580000e+001	1.190457e+000
1.590000e+001	1.150204e+000
1.600000e+001	1.111276e+000
1.610000e+001	1.073631e+000
1.620000e+001	1.037227e+000
1.630000e+001	1.002026e+000
1.640000e+001	9.679892e-001
1.650000e+001	9.350793e-001
1.660000e+001	9.032604e-001
1.670000e+001	8.724975e-001
1.680000e+001	8.427568e-001
1.690000e+001	8.140055e-001
1.700000e+001	7.862116e-001
1.710000e+001	7.593444e-001
1.720000e+001	7.333739e-001
1.730000e+001	7.082711e-001
1.740000e+001	6.840081e-001
1.750000e+001	6.605574e-001
1.760000e+001	6.378929e-001
1.770000e+001	6.159888e-001
1.780000e+001	5.948204e-001
1.790000e+001	5.743638e-001
1.800000e+001	5.545957e-001
1.810000e+001	5.354936e-001
1.820000e+001	5.170356e-001
1.830000e+001	4.992008e-001
1.840000e+001	4.819685e-001
1.850000e+001	4.653190e-001
1.860000e+001	4.492331e-001
1.870000e+001	4.336923e-001
1.880000e+001	4.186785e-001
1.890000e+001	4.041743e-001
1.900000e+001	3.901630e-001
1.910000e+001	3.766280e-001
1.920000e+001	3.635538e-001
1.930000e+001	3.509249e-001
1.940000e+001	3.387266e-001
1.950000e+001	3.269445e-001
1.960000e+001	3.155648e-001
1.970000e+001	3.045741e-001
1.980000e+001	2.939593e-001
1.990000e+001	2.837079e-001
2.000000e+001	2.738078e-001
