0.000000e+000	9.521094e-002
0.000000e+000	9.521094e-002
1.000000e-001	9.521094e-002
2.000000e-001	9.521094e-002
3.000000e-001	9.521094e-002
4.000000e-001	9.521094e-002
5.000000e-001	9.521094e-002
6.000000e-001	9.521095e-002
7.000000e-001	9.521105e-002
8.000000e-001	9.521171e-002
9.000000e-001	9.521416e-002
1.000000e+000	9.522002e-002
1.100000e+000	9.523013e-002
1.200000e+000	9.524360e-002
1.300000e+000	9.525826e-002
1.400000e+000	9.527182e-002
1.500000e+000	9.528288e-002
1.600000e+000	9.529107e-002
1.700000e+000	9.529673e-002
1.800000e+000	9.530052e-002
1.900000e+000	9.530306e-002
2.000000e+000	9.530484e-002
2.100000e+000	9.530617e-002
2.200000e+000	9.530726e-002
2.300000e+000	9.530821e-002
2.400000e+000	9.530907e-002
2.500000e+000	9.530988e-002
2.600000e+000	9.531065e-002
2.700000e+000	9.531139e-002
2.800000e+000	9.531210e-002
2.900000e+000	9.531279e-002
3.000000e+000	9.531344e-002
3.100000e+000	9.531408e-002
3.200000e+000	9.531469e-002
3.300000e+000	9.531528e-002
3.400000e+000	9.531585e-002
3.500000e+000	9.531639e-002
3.600000e+000	9.531692e-002
3.700000e+000	9.531743e-002
3.800000e+000	9.531792e-002
3.900000e+000	9.531839e-002
4.000000e+000	9.531884e-002
4.100000e+000	9.531928e-002
4.200000e+000	9.531970e-002
4.300000e+000	9.532011e-002
4.400000e+000	9.532050e-002
4.500000e+000	9.532088e-002
4.600000e+000	9.532124e-002
4.700000e+000	9.532159e-002
4.800000e+000	9.532192e-002
4.900000e+000	9.532225e-002
5.000000e+000	9.532256e-002
5.100000e+000	9.532286e-002
5.200000e+000	9.532315e-002
5.300000e+000	9.532343e-002
5.400000e+000	9.532370e-002
5.500000e+000	9.532396e-002
5.600000e+000	9.532421e-002
5.700000e+000	9.532445e-002
5.800000e+000	9.532468e-002
5.900000e+000	9.532492e-002
6.000000e+000	9.533166e-002
6.100000e+000	9.573554e-002
6.200000e+000	1.032757e-001
6.300000e+000	1.636789e-001
6.400000e+000	4.240549e-001
6.500000e+000	1.128948e+000
6.600000e+000	2.466178e+000
6.700000e+000	4.392189e+000
6.800000e+000	6.629595e+000
6.900000e+000	8.827025e+000
7.000000e+000	1.072229e+001
7.100000e+000	1.220487e+001
7.200000e+000	1.328818e+001
7.300000e+000	1.404946e+001
7.400000e+000	1.457961e+001
7.500000e+000	1.495633e+001
7.600000e+000	1.523533e+001
7.700000e+000	1.545192e+001
7.800000e+000	1.562792e+001
7.900000e+000	1.577871e+001
8.000000e+000	1.591583e+001
8.100000e+000	1.604653e+001
8.200000e+000	1.617362e+001
8.300000e+000	1.629674e+001
8.400000e+000	1.641627e+001
8.500000e+000	1.653534e+001
8.600000e+000	1.664256e+001
8.700000e+000	1.665310e+001
8.800000e+000	1.635282e+001
8.900000e+000	1.547476e+001
9.000000e+000	1.390451e+001
9.100000e+000	1.180454e+001
9.200000e+000	9.529454e+000
9.300000e+000	7.433976e+000
9.400000e+000	5.735390e+000
9.500000e+000	4.489596e+000
9.600000e+000	3.641841e+000
9.700000e+000	3.092300e+000
9.800000e+000	2.742215e+000
9.900000e+000	2.514643e+000
1.000000e+001	2.357686e+000
1.010000e+001	2.239730e+000
1.020000e+001	2.142947e+000
1.030000e+001	2.057874e+000
1.040000e+001	1.979714e+000
1.050000e+001	1.906118e+000
1.060000e+001	1.835946e+000
1.070000e+001	1.768641e+000
1.080000e+001	1.703908e+000
1.090000e+001	1.641576e+000
1.100000e+001	1.581524e+000
1.110000e+001	1.523658e+000
1.120000e+001	1.467892e+000
1.130000e+001	1.414151e+000
1.140000e+001	1.362360e+000
1.150000e+001	1.312449e+000
1.160000e+001	1.264351e+000
1.170000e+001	1.218000e+000
1.180000e+001	1.173333e+000
1.190000e+001	1.130290e+000
1.200000e+001	1.088813e+000
1.210000e+001	1.048844e+000
1.220000e+001	1.010331e+000
1.230000e+001	9.732191e-001
1.240000e+001	9.374595e-001
1.250000e+001	9.030028e-001
1.260000e+001	8.698022e-001
1.270000e+001	8.378122e-001
1.280000e+001	8.069891e-001
1.290000e+001	7.772908e-001
1.300000e+001	7.486767e-001
1.310000e+001	7.211075e-001
1.320000e+001	6.945454e-001
1.330000e+001	6.689539e-001
1.340000e+001	6.442981e-001
1.350000e+001	6.205439e-001
1.360000e+001	5.976586e-001
1.370000e+001	5.756109e-001
1.380000e+001	5.543702e-001
1.390000e+001	5.339074e-001
1.400000e+001	5.141942e-001
1.410000e+001	4.952034e-001
1.420000e+001	4.769088e-001
1.430000e+001	4.592849e-001
1.440000e+001	4.423076e-001
1.450000e+001	4.259532e-001
1.460000e+001	4.101991e-001
1.470000e+001	3.950234e-001
1.480000e+001	3.804052e-001
1.490000e+001	3.663240e-001
1.500000e+001	3.527604e-001
1.510000e+001	3.396954e-001
1.520000e+001	3.271108e-001
1.530000e+001	3.149893e-001
1.540000e+001	3.033138e-001
1.550000e+001	2.920680e-001
1.560000e+001	2.812364e-001
1.570000e+001	2.708037e-001
1.580000e+001	2.607554e-001
1.590000e+001	2.510774e-001
1.600000e+001	2.417562e-001
1.610000e+001	2.327787e-001
1.620000e+001	2.241324e-001
1.630000e+001	2.158051e-001
1.640000e+001	2.077852e-001
1.650000e+001	2.000614e-001
1.660000e+001	1.926228e-001
1.670000e+001	1.854590e-001
1.680000e+001	1.785600e-001
1.690000e+001	1.719159e-001
1.700000e+001	1.655175e-001
1.710000e+001	1.593557e-001
1.720000e+001	1.534219e-001
1.730000e+001	1.477076e-001
1.740000e+001	1.422049e-001
1.750000e+001	1.369059e-001
1.760000e+001	1.318031e-001
1.770000e+001	1.268894e-001
1.780000e+001	1.221577e-001
1.790000e+001	1.176014e-001
1.800000e+001	1.132141e-001
1.810000e+001	1.089894e-001
1.820000e+001	1.049215e-001
1.830000e+001	1.010044e-001
1.840000e+001	9.723279e-002
1.850000e+001	9.360116e-002
1.860000e+001	9.010437e-002
1.870000e+001	8.673747e-002
1.880000e+001	8.349565e-002
1.890000e+001	8.037430e-002
1.900000e+001	7.736897e-002
1.910000e+001	7.447538e-002
1.920000e+001	7.168940e-002
1.930000e+001	6.900705e-002
1.940000e+001	6.642450e-002
1.950000e+001	6.393807e-002
1.960000e+001	6.154420e-002
1.970000e+001	5.923946e-002
1.980000e+001	5.702056e-002
1.990000e+001	5.488431e-002
2.000000e+001	5.282767e-002
