TIME          	MC CONC       	STS CONC      	HTS CONC      	SED CONC      	ADV dm/dt     	DISP dm/dt    	DECAY dm/dt   	SORPTION dm/dt	STORAGE dm/dt 	MC dm/dt      	STS dm/dt     	HTS dm/dt     
(hr)          	mg/L          	mg/L          	mg/L          	mg/L          	(mg/L)·(m²/s)  	(mg/L)·(m²/s)  	(mg/L)·(m²/s)  	(mg/L)·(m²/s)  	(mg/L)·(m²/s)  	(mg/L)·(m²/s)  	(mg/L)·(m²/s)  	(mg/L)·(m²/s)  
0.000000e+000	9.520932e-002	9.520932e-002	9.520932e-002	0.000000e+000	1.212506e-005	1.182518e-008	0.000000e+000	0.000000e+000	-2.900458e-020	1.213688e-005	2.900458e-020	0.000000e+000
1.000000e-001	9.520932e-002	9.520932e-002	9.520932e-002	1.000000e+000	1.212506e-005	1.182518e-008	0.000000e+000	0.000000e+000	2.900458e-020	1.213688e-005	-2.900458e-020	0.000000e+000
2.000000e-001	9.520932e-002	9.520932e-002	9.520932e-002	1.000000e+000	1.212506e-005	1.182518e-008	0.000000e+000	0.000000e+000	-1.160183e-019	1.213688e-005	1.160183e-019	0.000000e+000
3.000000e-001	9.520932e-002	9.520932e-002	9.520932e-002	1.000000e+000	1.212506e-005	1.182529e-008	0.000000e+000	0.000000e+000	-4.209028e-015	1.213688e-005	4.176926e-015	3.210208e-017
4.000000e-001	9.520932e-002	9.520932e-002	9.520932e-002	1.000000e+000	1.212523e-005	1.186583e-008	0.000000e+000	0.000000e+000	-2.183073e-012	1.213709e-005	2.157472e-012	2.560019e-014
5.000000e-001	9.520944e-002	9.520938e-002	9.520932e-002	1.000000e+000	1.213374e-005	1.348134e-008	0.000000e+000	0.000000e+000	-1.249662e-010	1.214710e-005	1.228390e-010	2.127110e-012
6.000000e-001	9.521152e-002	9.521059e-002	9.520933e-002	1.000000e+000	1.225185e-005	3.094009e-008	0.000000e+000	0.000000e+000	-1.952987e-009	1.228084e-005	1.906739e-009	4.624708e-011
7.000000e-001	9.522741e-002	9.522104e-002	9.520944e-002	1.000000e+000	1.295123e-005	1.097809e-007	0.000000e+000	0.000000e+000	-1.332304e-008	1.304768e-005	1.289669e-008	4.263528e-010
8.000000e-001	9.529442e-002	9.526972e-002	9.521014e-002	1.000000e+000	1.522414e-005	2.968254e-007	0.000000e+000	0.000000e+000	-5.162446e-008	1.546934e-005	4.943284e-008	2.191625e-009
9.000000e-001	9.547840e-002	9.541466e-002	9.521286e-002	1.000000e+000	1.992797e-005	5.540565e-007	0.000000e+000	0.000000e+000	-1.332065e-007	2.034882e-005	1.257833e-007	7.423241e-009
1.000000e+000	9.584391e-002	9.572256e-002	9.522049e-002	1.000000e+000	2.668206e-005	7.423566e-007	0.000000e+000	0.000000e+000	-2.536280e-007	2.717079e-005	2.351600e-007	1.846800e-008
1.100000e+000	9.640867e-002	9.622573e-002	9.523705e-002	1.000000e+000	3.365058e-005	7.308739e-007	0.000000e+000	0.000000e+000	-3.823367e-007	3.399912e-005	3.459691e-007	3.636759e-008
1.200000e+000	9.712300e-002	9.689319e-002	9.526649e-002	1.000000e+000	3.860708e-005	5.081908e-007	0.000000e+000	0.000000e+000	-4.803102e-007	3.863496e-005	4.204739e-007	5.983638e-008
1.300000e+000	9.789108e-002	9.764073e-002	9.531132e-002	1.000000e+000	4.024742e-005	1.798465e-007	0.000000e+000	0.000000e+000	-5.232315e-007	3.990404e-005	4.375465e-007	8.568503e-008
1.400000e+000	9.861370e-002	9.836921e-002	9.537186e-002	1.000000e+000	3.868426e-005	-1.198889e-007	0.000000e+000	0.000000e+000	-5.109775e-007	3.805340e-005	4.007230e-007	1.102545e-007
1.500000e+000	9.922240e-002	9.900181e-002	9.544640e-002	1.000000e+000	3.502586e-005	-3.072542e-007	0.000000e+000	0.000000e+000	-4.610292e-007	3.425758e-005	3.302471e-007	1.307821e-007
1.600000e+000	9.969052e-002	9.950122e-002	9.553200e-002	1.000000e+000	3.061858e-005	-3.695867e-007	0.000000e+000	0.000000e+000	-3.956531e-007	2.985334e-005	2.496492e-007	1.460039e-007
1.700000e+000	1.000252e-001	9.986619e-002	9.562533e-002	1.000000e+000	2.649207e-005	-3.409332e-007	0.000000e+000	0.000000e+000	-3.322958e-007	2.581884e-005	1.762998e-007	1.559961e-007
1.800000e+000	1.002518e-001	1.001177e-001	9.572342e-002	1.000000e+000	2.317670e-005	-2.676882e-007	0.000000e+000	0.000000e+000	-2.802688e-007	2.262874e-005	1.186291e-007	1.616398e-007
1.900000e+000	1.004005e-001	1.002847e-001	9.582395e-002	1.000000e+000	2.078731e-005	-1.863810e-007	0.000000e+000	0.000000e+000	-2.419915e-007	2.035894e-005	7.790785e-008	1.640836e-007
2.000000e+000	1.004976e-001	1.003943e-001	9.592528e-002	1.000000e+000	1.920029e-005	-1.170757e-007	0.000000e+000	0.000000e+000	-2.158673e-007	1.886734e-005	5.147719e-008	1.643901e-007
2.100000e+000	1.005631e-001	1.004680e-001	9.602636e-002	1.000000e+000	1.820810e-005	-6.631503e-008	0.000000e+000	0.000000e+000	-1.988246e-007	1.794296e-005	3.544343e-008	1.633812e-007
2.200000e+000	1.006102e-001	1.005203e-001	9.612656e-002	1.000000e+000	1.761175e-005	-3.288509e-008	0.000000e+000	0.000000e+000	-1.878447e-007	1.739102e-005	2.622351e-008	1.616212e-007
2.300000e+000	1.006471e-001	1.005607e-001	9.622553e-002	1.000000e+000	1.725800e-005	-1.260704e-008	0.000000e+000	0.000000e+000	-1.805872e-007	1.706481e-005	2.112306e-008	1.594641e-007
2.400000e+000	1.006784e-001	1.005944e-001	9.632312e-002	1.000000e+000	1.704349e-005	-1.113871e-009	0.000000e+000	0.000000e+000	-1.754721e-007	1.686690e-005	1.835568e-008	1.571164e-007
2.500000e+000	1.007067e-001	1.006246e-001	9.641922e-002	1.000000e+000	1.690476e-005	5.024780e-009	0.000000e+000	0.000000e+000	-1.715315e-007	1.673826e-005	1.683988e-008	1.546916e-007
2.600000e+000	1.007333e-001	1.006528e-001	9.651383e-002	1.000000e+000	1.680559e-005	8.124604e-009	0.000000e+000	0.000000e+000	-1.682144e-007	1.664550e-005	1.596579e-008	1.522486e-007
2.700000e+000	1.007589e-001	1.006798e-001	9.660693e-002	1.000000e+000	1.672647e-005	9.598018e-009	0.000000e+000	0.000000e+000	-1.652256e-007	1.657084e-005	1.540884e-008	1.498168e-007
2.800000e+000	1.007837e-001	1.007060e-001	9.669854e-002	1.000000e+000	1.665742e-005	1.024356e-008	0.000000e+000	0.000000e+000	-1.624145e-007	1.650525e-005	1.500454e-008	1.474100e-007
2.900000e+000	1.008080e-001	1.007315e-001	9.678867e-002	1.000000e+000	1.659353e-005	1.048623e-008	0.000000e+000	0.000000e+000	-1.597072e-007	1.644431e-005	1.467287e-008	1.450344e-007
3.000000e+000	1.008317e-001	1.007566e-001	9.687736e-002	1.000000e+000	1.653247e-005	1.054116e-008	0.000000e+000	0.000000e+000	-1.570688e-007	1.638594e-005	1.437633e-008	1.426925e-007
3.100000e+000	1.008550e-001	1.007811e-001	9.696460e-002	1.000000e+000	1.647317e-005	1.051272e-008	0.000000e+000	0.000000e+000	-1.544830e-007	1.632920e-005	1.409784e-008	1.403851e-007
3.200000e+000	1.008778e-001	1.008051e-001	9.705044e-002	1.000000e+000	1.641516e-005	1.044964e-008	0.000000e+000	0.000000e+000	-1.519423e-007	1.627366e-005	1.382983e-008	1.381124e-007
3.300000e+000	1.009002e-001	1.008287e-001	9.713489e-002	1.000000e+000	1.635820e-005	1.037394e-008	0.000000e+000	0.000000e+000	-1.494431e-007	1.621913e-005	1.356900e-008	1.358741e-007
3.400000e+000	1.009222e-001	1.008519e-001	9.721796e-002	1.000000e+000	1.630220e-005	1.029524e-008	0.000000e+000	0.000000e+000	-1.469837e-007	1.616552e-005	1.331390e-008	1.336698e-007
3.500000e+000	1.009438e-001	1.008746e-001	9.729969e-002	1.000000e+000	1.624712e-005	1.021759e-008	0.000000e+000	0.000000e+000	-1.445631e-007	1.611278e-005	1.306390e-008	1.314992e-007
3.600000e+000	1.009649e-001	1.008969e-001	9.738009e-002	1.000000e+000	1.619292e-005	1.014264e-008	0.000000e+000	0.000000e+000	-1.421803e-007	1.606089e-005	1.281868e-008	1.293616e-007
3.700000e+000	1.009857e-001	1.009188e-001	9.745919e-002	1.000000e+000	1.613959e-005	1.007098e-008	0.000000e+000	0.000000e+000	-1.398349e-007	1.600983e-005	1.257808e-008	1.272568e-007
3.800000e+000	1.010060e-001	1.009402e-001	9.753699e-002	1.000000e+000	1.608712e-005	1.000279e-008	0.000000e+000	0.000000e+000	-1.375262e-007	1.595959e-005	1.234197e-008	1.251843e-007
3.900000e+000	1.010260e-001	1.009613e-001	9.761353e-002	1.000000e+000	1.603548e-005	9.938075e-009	0.000000e+000	0.000000e+000	-1.352538e-007	1.591016e-005	1.211026e-008	1.231435e-007
4.000000e+000	1.010456e-001	1.009819e-001	9.768882e-002	1.000000e+000	1.598466e-005	9.876764e-009	0.000000e+000	0.000000e+000	-1.330170e-007	1.586152e-005	1.188286e-008	1.211342e-007
4.100000e+000	1.010648e-001	1.010022e-001	9.776288e-002	1.000000e+000	1.593466e-005	9.818771e-009	0.000000e+000	0.000000e+000	-1.308154e-007	1.581366e-005	1.165969e-008	1.191557e-007
4.200000e+000	1.010837e-001	1.010221e-001	9.783573e-002	1.000000e+000	1.588546e-005	9.763999e-009	0.000000e+000	0.000000e+000	-1.286485e-007	1.576657e-005	1.144067e-008	1.172078e-007
4.300000e+000	1.011022e-001	1.010416e-001	9.790739e-002	1.000000e+000	1.583705e-005	9.712349e-009	0.000000e+000	0.000000e+000	-1.265157e-007	1.572024e-005	1.122574e-008	1.152900e-007
4.400000e+000	1.011203e-001	1.010608e-001	9.797787e-002	1.000000e+000	1.578941e-005	9.663724e-009	0.000000e+000	0.000000e+000	-1.244166e-007	1.567466e-005	1.101480e-008	1.134018e-007
4.500000e+000	1.011381e-001	1.010796e-001	9.804720e-002	1.000000e+000	1.574254e-005	9.618029e-009	0.000000e+000	0.000000e+000	-1.223506e-007	1.562981e-005	1.080779e-008	1.115428e-007
4.600000e+000	1.011556e-001	1.010980e-001	9.811540e-002	1.000000e+000	1.569642e-005	9.575170e-009	0.000000e+000	0.000000e+000	-1.203174e-007	1.558568e-005	1.060463e-008	1.097127e-007
4.700000e+000	1.011727e-001	1.011161e-001	9.818247e-002	1.000000e+000	1.565105e-005	9.535058e-009	0.000000e+000	0.000000e+000	-1.183163e-007	1.554227e-005	1.040526e-008	1.079110e-007
4.800000e+000	1.011895e-001	1.011339e-001	9.824845e-002	1.000000e+000	1.560641e-005	9.497602e-009	0.000000e+000	0.000000e+000	-1.163470e-007	1.549956e-005	1.020961e-008	1.061374e-007
4.900000e+000	1.012060e-001	1.011513e-001	9.831333e-002	1.000000e+000	1.556248e-005	9.462718e-009	0.000000e+000	0.000000e+000	-1.144089e-007	1.545754e-005	1.001759e-008	1.043913e-007
5.000000e+000	1.012222e-001	1.011684e-001	9.837715e-002	1.000000e+000	1.551927e-005	9.430322e-009	0.000000e+000	0.000000e+000	-1.125017e-007	1.541620e-005	9.829163e-009	1.026725e-007
5.100000e+000	1.012381e-001	1.011852e-001	9.843992e-002	1.000000e+000	1.547676e-005	9.400333e-009	0.000000e+000	0.000000e+000	-1.106248e-007	1.537553e-005	9.644244e-009	1.009805e-007
5.200000e+000	1.012537e-001	1.012016e-001	9.850165e-002	1.000000e+000	1.543493e-005	9.372670e-009	0.000000e+000	0.000000e+000	-1.087778e-007	1.533552e-005	9.462773e-009	9.931501e-008
5.300000e+000	1.012689e-001	1.012178e-001	9.856237e-002	1.000000e+000	1.539378e-005	9.347257e-009	0.000000e+000	0.000000e+000	-1.069603e-007	1.529617e-005	9.284686e-009	9.767557e-008
5.400000e+000	1.012839e-001	1.012336e-001	9.862208e-002	1.000000e+000	1.535330e-005	9.324019e-009	0.000000e+000	0.000000e+000	-1.051718e-007	1.525745e-005	9.109921e-009	9.606184e-008
5.500000e+000	1.012986e-001	1.012491e-001	9.868081e-002	1.000000e+000	1.531347e-005	9.302882e-009	0.000000e+000	0.000000e+000	-1.034119e-007	1.521937e-005	8.938417e-009	9.447344e-008
5.600000e+000	1.013130e-001	1.012644e-001	9.873856e-002	1.000000e+000	1.527430e-005	9.283776e-009	0.000000e+000	0.000000e+000	-1.016801e-007	1.518190e-005	8.770113e-009	9.291001e-008
5.700000e+000	1.013272e-001	1.012794e-001	9.879536e-002	1.000000e+000	1.523576e-005	9.266631e-009	0.000000e+000	0.000000e+000	-9.997614e-008	1.514505e-005	8.604950e-009	9.137119e-008
5.800000e+000	1.013411e-001	1.012940e-001	9.885122e-002	1.000000e+000	1.519794e-005	9.283146e-009	0.000000e+000	0.000000e+000	-9.830050e-008	1.510892e-005	8.443874e-009	8.985662e-008
5.900000e+000	1.013557e-001	1.013088e-001	9.890615e-002	1.000000e+000	1.526341e-005	3.583875e-008	0.000000e+000	0.000000e+000	-9.793263e-008	1.520132e-005	9.553296e-009	8.837934e-008
6.000000e+000	1.014786e-001	1.013742e-001	9.896043e-002	1.000000e+000	2.390714e-005	1.804262e-006	0.000000e+000	0.000000e+000	-2.181851e-007	2.549322e-005	1.293968e-007	8.878834e-008
6.100000e+000	1.042193e-001	1.029035e-001	9.902444e-002	1.000000e+000	1.906047e-004	2.840181e-005	0.000000e+000	0.000000e+000	-2.750095e-006	2.162565e-004	2.607409e-006	1.426858e-007
6.200000e+000	1.302123e-001	1.194175e-001	9.923770e-002	1.000000e+000	1.425414e-003	1.800178e-004	0.000000e+000	0.000000e+000	-2.256107e-005	1.582871e-003	2.181878e-005	7.422932e-007
6.300000e+000	2.587190e-001	2.101887e-001	1.004717e-001	1.000000e+000	6.152768e-003	6.113958e-004	0.000000e+000	0.000000e+000	-1.014283e-004	6.662735e-003	9.739247e-005	4.035830e-006
6.400000e+000	6.560292e-001	5.159838e-001	1.057942e-001	1.000000e+000	1.727595e-002	1.313406e-003	0.000000e+000	0.000000e+000	-2.926950e-004	1.829666e-002	2.776066e-004	1.508841e-005
6.500000e+000	1.521587e+000	1.230833e+000	1.221017e-001	1.000000e+000	3.510490e-002	1.965332e-003	0.000000e+000	0.000000e+000	-6.076761e-004	3.646256e-002	5.668925e-004	4.078359e-005
6.600000e+000	2.962279e+000	2.492564e+000	1.600943e-001	1.000000e+000	5.563106e-002	2.150705e-003	0.000000e+000	0.000000e+000	-9.817047e-004	5.680006e-002	8.959072e-004	8.579756e-005
6.700000e+000	4.902383e+000	4.277564e+000	2.316308e-001	1.000000e+000	7.254745e-002	1.714289e-003	0.000000e+000	0.000000e+000	-1.305871e-003	7.295587e-002	1.157045e-003	1.488256e-004
6.800000e+000	7.107163e+000	6.392584e+000	3.457726e-001	1.000000e+000	8.106959e-002	8.623549e-004	0.000000e+000	0.000000e+000	-1.493471e-003	8.043847e-002	1.271045e-003	2.224259e-004
6.900000e+000	9.290767e+000	8.562981e+000	5.059148e-001	1.000000e+000	8.017020e-002	-3.429919e-005	0.000000e+000	0.000000e+000	-1.521072e-003	7.861483e-002	1.224701e-003	2.963711e-004
7.000000e+000	1.122433e+001	1.054369e+001	7.093708e-001	1.000000e+000	7.210874e-002	-6.871528e-004	0.000000e+000	0.000000e+000	-1.422554e-003	6.999903e-002	1.060809e-003	3.617455e-004
7.100000e+000	1.278822e+001	1.218690e+001	9.490460e-001	1.000000e+000	6.049650e-002	-9.973207e-004	0.000000e+000	0.000000e+000	-1.256771e-003	5.824240e-002	8.433976e-004	4.133731e-004
7.200000e+000	1.396585e+001	1.345039e+001	1.215910e+000	1.000000e+000	4.853526e-002	-1.019578e-003	0.000000e+000	0.000000e+000	-1.077325e-003	4.643836e-002	6.272916e-004	4.500329e-004
7.300000e+000	1.480691e+001	1.436764e+001	1.501114e+000	1.000000e+000	3.819509e-002	-8.718170e-004	0.000000e+000	0.000000e+000	-9.180700e-004	3.640520e-002	4.447878e-004	4.732822e-004
7.400000e+000	1.538783e+001	1.500852e+001	1.797234e+000	1.000000e+000	3.022270e-002	-6.637412e-004	0.000000e+000	0.000000e+000	-7.927603e-004	2.876620e-002	3.067963e-004	4.859641e-004
7.500000e+000	1.578407e+001	1.544850e+001	2.098690e+000	1.000000e+000	2.453602e-002	-4.669386e-004	0.000000e+000	0.000000e+000	-7.013370e-004	2.336774e-002	2.102776e-004	4.910594e-004
7.600000e+000	1.605632e+001	1.575148e+001	2.401607e+000	1.000000e+000	2.066551e-002	-3.127168e-004	0.000000e+000	0.000000e+000	-6.371033e-004	1.971569e-002	1.460415e-004	4.910618e-004
7.700000e+000	1.624806e+001	1.596463e+001	2.703441e+000	1.000000e+000	1.809487e-002	-2.025002e-004	0.000000e+000	0.000000e+000	-5.923553e-004	1.730001e-002	1.045556e-004	4.877997e-004
7.800000e+000	1.638916e+001	1.612062e+001	3.002594e+000	1.000000e+000	1.642917e-002	-1.249952e-004	0.000000e+000	0.000000e+000	-5.612477e-004	1.574293e-002	7.871419e-005	4.825335e-004
7.900000e+000	1.650032e+001	1.624202e+001	3.298113e+000	1.000000e+000	1.539711e-002	-7.042056e-005	0.000000e+000	0.000000e+000	-5.398536e-004	1.478683e-002	6.372496e-005	4.761286e-004
8.000000e+000	1.659560e+001	1.634432e+001	3.589490e+000	1.000000e+000	1.479350e-002	-3.404129e-005	0.000000e+000	0.000000e+000	-5.251773e-004	1.423428e-002	5.600359e-005	4.691737e-004
8.100000e+000	1.668355e+001	1.643736e+001	3.876511e+000	1.000000e+000	1.444164e-002	-1.384089e-005	0.000000e+000	0.000000e+000	-5.145297e-004	1.391327e-002	5.249143e-005	4.620383e-004
8.200000e+000	1.676810e+001	1.652615e+001	4.159129e+000	1.000000e+000	1.420124e-002	-5.543835e-006	0.000000e+000	0.000000e+000	-5.056705e-004	1.369002e-002	5.076207e-005	4.549084e-004
8.300000e+000	1.685089e+001	1.661271e+001	4.437373e+000	1.000000e+000	1.402195e-002	5.452534e-007	0.000000e+000	0.000000e+000	-4.977869e-004	1.352471e-002	4.992923e-005	4.478577e-004
8.400000e+000	1.693404e+001	1.669896e+001	4.711312e+000	1.000000e+000	1.392030e-002	6.522001e-006	0.000000e+000	0.000000e+000	-4.913272e-004	1.343549e-002	5.037370e-005	4.409535e-004
8.500000e+000	1.701489e+001	1.678458e+001	4.981046e+000	1.000000e+000	1.356777e-002	-4.217399e-005	0.000000e+000	0.000000e+000	-4.813457e-004	1.304425e-002	4.716458e-005	4.341811e-004
8.600000e+000	1.705527e+001	1.684463e+001	5.246461e+000	1.000000e+000	1.130606e-002	-3.030840e-004	0.000000e+000	0.000000e+000	-4.402338e-004	1.056274e-002	1.360682e-005	4.266270e-004
8.700000e+000	1.693206e+001	1.678316e+001	5.506174e+000	1.000000e+000	3.910806e-003	-9.071648e-004	0.000000e+000	0.000000e+000	-3.111876e-004	2.692453e-003	-1.036252e-004	4.148128e-004
8.800000e+000	1.643734e+001	1.641482e+001	5.755635e+000	1.000000e+000	-1.105265e-002	-1.698754e-003	0.000000e+000	0.000000e+000	-4.708448e-005	-1.279849e-002	-3.450028e-004	3.920873e-004
8.900000e+000	1.537950e+001	1.553789e+001	5.985834e+000	1.000000e+000	-3.199801e-002	-2.239852e-003	0.000000e+000	0.000000e+000	3.310518e-004	-3.390681e-002	-6.824147e-004	3.513630e-004
9.000000e+000	1.371815e+001	1.406571e+001	6.184503e+000	1.000000e+000	-5.314113e-002	-2.162584e-003	0.000000e+000	0.000000e+000	7.264076e-004	-5.457731e-002	-1.016310e-003	2.899023e-004
9.100000e+000	1.161400e+001	1.210375e+001	6.339830e+000	1.000000e+000	-6.791470e-002	-1.468254e-003	0.000000e+000	0.000000e+000	1.023576e-003	-6.835937e-002	-1.235596e-003	2.120201e-004
9.200000e+000	9.357496e+000	9.909939e+000	6.444519e+000	1.000000e+000	-7.269720e-002	-4.842045e-004	0.000000e+000	0.000000e+000	1.154606e-003	-7.202680e-002	-1.282078e-003	1.274720e-004
9.300000e+000	7.242271e+000	7.779331e+000	6.497875e+000	1.000000e+000	-6.801410e-002	3.997677e-004	0.000000e+000	0.000000e+000	1.122455e-003	-6.649187e-002	-1.169592e-003	4.713707e-005
9.400000e+000	5.468577e+000	5.937342e+000	6.505198e+000	1.000000e+000	-5.719502e-002	9.486999e-004	0.000000e+000	0.000000e+000	9.797174e-004	-5.526660e-002	-9.588294e-004	-2.088804e-005
9.500000e+000	4.113875e+000	4.492659e+000	6.475438e+000	1.000000e+000	-4.418878e-002	1.131440e-003	0.000000e+000	0.000000e+000	7.916594e-004	-4.226568e-002	-7.187249e-004	-7.293453e-005
9.600000e+000	3.157072e+000	3.448559e+000	6.418532e+000	1.000000e+000	-3.200268e-002	1.048137e-003	0.000000e+000	0.000000e+000	6.092091e-004	-3.034534e-002	-4.999617e-004	-1.092475e-004
9.700000e+000	2.523400e+000	2.743378e+000	6.343456e+000	1.000000e+000	-2.219691e-002	8.331771e-004	0.000000e+000	0.000000e+000	4.597555e-004	-2.090398e-002	-3.273302e-004	-1.324253e-004
9.800000e+000	2.124070e+000	2.291872e+000	6.257270e+000	1.000000e+000	-1.512531e-002	5.927889e-004	0.000000e+000	0.000000e+000	3.507058e-004	-1.418181e-002	-2.048426e-004	-1.458632e-004
9.900000e+000	1.880291e+000	2.013149e+000	6.164974e+000	1.000000e+000	-1.044079e-002	3.861666e-004	0.000000e+000	0.000000e+000	2.776721e-004	-9.776950e-003	-1.249514e-004	-1.527207e-004
1.000000e+001	1.732566e+000	1.843467e+000	6.069825e+000	1.000000e+000	-7.540939e-003	2.334269e-004	0.000000e+000	0.000000e+000	2.317834e-004	-7.075729e-003	-7.632102e-005	-1.554624e-004
1.010000e+001	1.640701e+000	1.738388e+000	5.973799e+000	1.000000e+000	-5.839172e-003	1.318273e-004	0.000000e+000	0.000000e+000	2.041662e-004	-5.503179e-003	-4.837080e-005	-1.557954e-004
1.020000e+001	1.579747e+000	1.669626e+000	5.878019e+000	1.000000e+000	-4.878085e-003	6.953900e-005	0.000000e+000	0.000000e+000	1.878459e-004	-4.620700e-003	-3.304435e-005	-1.548015e-004
1.030000e+001	1.535248e+000	1.620441e+000	5.783088e+000	1.000000e+000	-4.345447e-003	3.382843e-005	0.000000e+000	0.000000e+000	1.780545e-004	-4.133564e-003	-2.493571e-005	-1.531188e-004
1.040000e+001	1.499286e+000	1.581504e+000	5.689310e+000	1.000000e+000	-4.047328e-003	1.450907e-005	0.000000e+000	0.000000e+000	1.718352e-004	-3.860984e-003	-2.073364e-005	-1.511015e-004
1.050000e+001	1.467734e+000	1.547871e+000	5.596828e+000	1.000000e+000	-3.871766e-003	4.600883e-006	0.000000e+000	0.000000e+000	1.674863e-004	-3.699679e-003	-1.854942e-005	-1.489368e-004
1.060000e+001	1.438525e+000	1.517035e+000	5.505700e+000	1.000000e+000	-3.757850e-003	-2.112963e-007	0.000000e+000	0.000000e+000	1.640857e-004	-3.593975e-003	-1.736668e-005	-1.467190e-004
1.070000e+001	1.410662e+000	1.487771e+000	5.415943e+000	1.000000e+000	-3.674056e-003	-2.398069e-006	0.000000e+000	0.000000e+000	1.611586e-004	-3.515296e-003	-1.666471e-005	-1.444939e-004
1.080000e+001	1.383675e+000	1.459499e+000	5.327554e+000	1.000000e+000	-3.604754e-003	-3.290166e-006	0.000000e+000	0.000000e+000	1.584703e-004	-3.449574e-003	-1.618779e-005	-1.422825e-004
1.090000e+001	1.357348e+000	1.431946e+000	5.240521e+000	1.000000e+000	-3.542475e-003	-3.568991e-006	0.000000e+000	0.000000e+000	1.559094e-004	-3.390134e-003	-1.581483e-005	-1.400946e-004
1.100000e+001	1.331581e+000	1.404990e+000	5.154829e+000	1.000000e+000	-3.483763e-003	-3.568739e-006	0.000000e+000	0.000000e+000	1.534244e-004	-3.333907e-003	-1.549033e-005	-1.379341e-004
1.110000e+001	1.306324e+000	1.378569e+000	5.070459e+000	1.000000e+000	-3.427063e-003	-3.447275e-006	0.000000e+000	0.000000e+000	1.509920e-004	-3.279518e-003	-1.518955e-005	-1.358025e-004
1.120000e+001	1.281553e+000	1.352655e+000	4.987395e+000	1.000000e+000	-3.371689e-003	-3.276714e-006	0.000000e+000	0.000000e+000	1.486020e-004	-3.226364e-003	-1.490173e-005	-1.337003e-004
1.130000e+001	1.257252e+000	1.327228e+000	4.905617e+000	1.000000e+000	-3.317343e-003	-3.089005e-006	0.000000e+000	0.000000e+000	1.462497e-004	-3.174182e-003	-1.462223e-005	-1.316275e-004
1.140000e+001	1.233410e+000	1.302278e+000	4.825108e+000	1.000000e+000	-3.263894e-003	-2.897879e-006	0.000000e+000	0.000000e+000	1.439329e-004	-3.122859e-003	-1.434910e-005	-1.295838e-004
1.150000e+001	1.210017e+000	1.277793e+000	4.745851e+000	1.000000e+000	-3.211281e-003	-2.709045e-006	0.000000e+000	0.000000e+000	1.416505e-004	-3.072340e-003	-1.408148e-005	-1.275690e-004
1.160000e+001	1.187065e+000	1.253764e+000	4.667826e+000	1.000000e+000	-3.159476e-003	-2.524771e-006	0.000000e+000	0.000000e+000	1.394018e-004	-3.022599e-003	-1.381898e-005	-1.255828e-004
1.170000e+001	1.164545e+000	1.230184e+000	4.591017e+000	1.000000e+000	-3.108458e-003	-2.345881e-006	0.000000e+000	0.000000e+000	1.371863e-004	-2.973618e-003	-1.356139e-005	-1.236249e-004
1.180000e+001	1.142448e+000	1.207043e+000	4.515406e+000	1.000000e+000	-3.058215e-003	-2.172609e-006	0.000000e+000	0.000000e+000	1.350034e-004	-2.925384e-003	-1.330857e-005	-1.216948e-004
1.190000e+001	1.120768e+000	1.184334e+000	4.440976e+000	1.000000e+000	-3.008735e-003	-2.004953e-006	0.000000e+000	0.000000e+000	1.328528e-004	-2.877887e-003	-1.306043e-005	-1.197923e-004
1.200000e+001	1.099495e+000	1.162047e+000	4.367711e+000	1.000000e+000	-2.960007e-003	-1.842821e-006	0.000000e+000	0.000000e+000	1.307340e-004	-2.831116e-003	-1.281687e-005	-1.179171e-004
1.210000e+001	1.078624e+000	1.140177e+000	4.295593e+000	1.000000e+000	-2.912021e-003	-1.686085e-006	0.000000e+000	0.000000e+000	1.286466e-004	-2.785060e-003	-1.257781e-005	-1.160688e-004
1.220000e+001	1.058145e+000	1.118715e+000	4.224607e+000	1.000000e+000	-2.864766e-003	-1.534611e-006	0.000000e+000	0.000000e+000	1.265903e-004	-2.739710e-003	-1.234316e-005	-1.142471e-004
1.230000e+001	1.038052e+000	1.097653e+000	4.154735e+000	1.000000e+000	-2.818233e-003	-1.388257e-006	0.000000e+000	0.000000e+000	1.245646e-004	-2.695057e-003	-1.211284e-005	-1.124517e-004
1.240000e+001	1.018338e+000	1.076984e+000	4.085962e+000	1.000000e+000	-2.772412e-003	-1.246888e-006	0.000000e+000	0.000000e+000	1.225690e-004	-2.651090e-003	-1.188677e-005	-1.106823e-004
1.250000e+001	9.989958e-001	1.056701e+000	4.018272e+000	1.000000e+000	-2.727292e-003	-1.110369e-006	0.000000e+000	0.000000e+000	1.206033e-004	-2.607799e-003	-1.166488e-005	-1.089385e-004
1.260000e+001	9.800177e-001	1.036796e+000	3.951650e+000	1.000000e+000	-2.682865e-003	-9.785679e-007	0.000000e+000	0.000000e+000	1.186670e-004	-2.565176e-003	-1.144708e-005	-1.072200e-004
1.270000e+001	9.613975e-001	1.017263e+000	3.886078e+000	1.000000e+000	-2.639120e-003	-8.513560e-007	0.000000e+000	0.000000e+000	1.167598e-004	-2.523211e-003	-1.123332e-005	-1.055265e-004
1.280000e+001	9.431284e-001	9.980955e-001	3.821543e+000	1.000000e+000	-2.596048e-003	-7.286081e-007	0.000000e+000	0.000000e+000	1.148812e-004	-2.481895e-003	-1.102350e-005	-1.038577e-004
1.290000e+001	9.252038e-001	9.792855e-001	3.758030e+000	1.000000e+000	-2.553640e-003	-6.102017e-007	0.000000e+000	0.000000e+000	1.130309e-004	-2.441219e-003	-1.081756e-005	-1.022133e-004
1.300000e+001	9.076173e-001	9.608270e-001	3.695522e+000	1.000000e+000	-2.511886e-003	-4.960174e-007	0.000000e+000	0.000000e+000	1.112084e-004	-2.401174e-003	-1.061543e-005	-1.005930e-004
1.310000e+001	8.903625e-001	9.427135e-001	3.634006e+000	1.000000e+000	-2.470778e-003	-3.859387e-007	0.000000e+000	0.000000e+000	1.094135e-004	-2.361750e-003	-1.041703e-005	-9.899650e-005
1.320000e+001	8.734333e-001	9.249385e-001	3.573467e+000	1.000000e+000	-2.430306e-003	-2.798520e-007	0.000000e+000	0.000000e+000	1.076458e-004	-2.322940e-003	-1.022231e-005	-9.742346e-005
1.330000e+001	8.568237e-001	9.074958e-001	3.513890e+000	1.000000e+000	-2.390461e-003	-1.776464e-007	0.000000e+000	0.000000e+000	1.059048e-004	-2.284734e-003	-1.003119e-005	-9.587360e-005
1.340000e+001	8.405275e-001	8.903792e-001	3.455262e+000	1.000000e+000	-2.351234e-003	-7.921373e-008	0.000000e+000	0.000000e+000	1.041902e-004	-2.247123e-003	-9.843610e-006	-9.434663e-005
1.350000e+001	8.245389e-001	8.735828e-001	3.397568e+000	1.000000e+000	-2.312618e-003	1.555137e-008	0.000000e+000	0.000000e+000	1.025018e-004	-2.210100e-003	-9.659500e-006	-9.284226e-005
1.360000e+001	8.088522e-001	8.571005e-001	3.340794e+000	1.000000e+000	-2.274602e-003	1.067518e-007	0.000000e+000	0.000000e+000	1.008390e-004	-2.173656e-003	-9.478799e-006	-9.136018e-005
1.370000e+001	7.934618e-001	8.409266e-001	3.284927e+000	1.000000e+000	-2.237178e-003	1.944878e-007	0.000000e+000	0.000000e+000	9.920156e-005	-2.137782e-003	-9.301445e-006	-8.990012e-005
1.380000e+001	7.783620e-001	8.250554e-001	3.229954e+000	1.000000e+000	-2.200339e-003	2.788572e-007	0.000000e+000	0.000000e+000	9.758916e-005	-2.102471e-003	-9.127376e-006	-8.846178e-005
1.390000e+001	7.635475e-001	8.094812e-001	3.175860e+000	1.000000e+000	-2.164075e-003	3.599554e-007	0.000000e+000	0.000000e+000	9.600142e-005	-2.067714e-003	-8.956532e-006	-8.704489e-005
1.400000e+001	7.490129e-001	7.941985e-001	3.122634e+000	1.000000e+000	-2.128379e-003	4.378754e-007	0.000000e+000	0.000000e+000	9.443802e-005	-2.033503e-003	-8.788855e-006	-8.564916e-005
1.410000e+001	7.347529e-001	7.792020e-001	3.070261e+000	1.000000e+000	-2.093242e-003	5.127078e-007	0.000000e+000	0.000000e+000	9.289861e-005	-1.999831e-003	-8.624286e-006	-8.427432e-005
1.420000e+001	7.207625e-001	7.644863e-001	3.018730e+000	1.000000e+000	-2.058656e-003	5.845412e-007	0.000000e+000	0.000000e+000	9.138286e-005	-1.966689e-003	-8.462768e-006	-8.292009e-005
1.430000e+001	7.070365e-001	7.500463e-001	2.968027e+000	1.000000e+000	-2.024614e-003	6.534617e-007	0.000000e+000	0.000000e+000	8.989044e-005	-1.934070e-003	-8.304246e-006	-8.158619e-005
1.440000e+001	6.935700e-001	7.358767e-001	2.918140e+000	1.000000e+000	-1.991107e-003	7.195533e-007	0.000000e+000	0.000000e+000	8.842103e-005	-1.901966e-003	-8.148665e-006	-8.027237e-005
1.450000e+001	6.803581e-001	7.219726e-001	2.869057e+000	1.000000e+000	-1.958127e-003	7.828979e-007	0.000000e+000	0.000000e+000	8.697431e-005	-1.870370e-003	-7.995969e-006	-7.897834e-005
1.460000e+001	6.673962e-001	7.083292e-001	2.820765e+000	1.000000e+000	-1.925668e-003	8.435755e-007	0.000000e+000	0.000000e+000	8.554996e-005	-1.839274e-003	-7.846108e-006	-7.770385e-005
1.470000e+001	6.546794e-001	6.949414e-001	2.773253e+000	1.000000e+000	-1.893721e-003	9.016639e-007	0.000000e+000	0.000000e+000	8.414766e-005	-1.808672e-003	-7.699028e-006	-7.644863e-005
1.480000e+001	6.422031e-001	6.818046e-001	2.726510e+000	1.000000e+000	-1.862279e-003	9.572389e-007	0.000000e+000	0.000000e+000	8.276711e-005	-1.778555e-003	-7.554679e-006	-7.521243e-005
1.490000e+001	6.299630e-001	6.689142e-001	2.680522e+000	1.000000e+000	-1.831334e-003	1.010374e-006	0.000000e+000	0.000000e+000	8.140799e-005	-1.748916e-003	-7.413011e-006	-7.399498e-005
1.500000e+001	6.179544e-001	6.562655e-001	2.635279e+000	1.000000e+000	-1.800880e-003	1.061143e-006	0.000000e+000	0.000000e+000	8.007001e-005	-1.719749e-003	-7.273974e-006	-7.279604e-005
1.510000e+001	6.061732e-001	6.438540e-001	2.590770e+000	1.000000e+000	-1.770909e-003	1.109614e-006	0.000000e+000	0.000000e+000	7.875287e-005	-1.691047e-003	-7.137520e-006	-7.161535e-005
1.520000e+001	5.946150e-001	6.316754e-001	2.546983e+000	1.000000e+000	-1.741414e-003	1.155857e-006	0.000000e+000	0.000000e+000	7.745626e-005	-1.662802e-003	-7.003601e-006	-7.045266e-005
1.530000e+001	5.832756e-001	6.197253e-001	2.503907e+000	1.000000e+000	-1.712388e-003	1.199937e-006	0.000000e+000	0.000000e+000	7.617989e-005	-1.635008e-003	-6.872171e-006	-6.930772e-005
1.540000e+001	5.721510e-001	6.079995e-001	2.461531e+000	1.000000e+000	-1.683824e-003	1.241921e-006	0.000000e+000	0.000000e+000	7.492349e-005	-1.607659e-003	-6.743185e-006	-6.818030e-005
1.550000e+001	5.612370e-001	5.964939e-001	2.419845e+000	1.000000e+000	-1.655716e-003	1.281871e-006	0.000000e+000	0.000000e+000	7.368675e-005	-1.580747e-003	-6.616597e-006	-6.707015e-005
1.560000e+001	5.505298e-001	5.852042e-001	2.378838e+000	1.000000e+000	-1.628055e-003	1.319850e-006	0.000000e+000	0.000000e+000	7.246940e-005	-1.554266e-003	-6.492364e-006	-6.597704e-005
1.570000e+001	5.400255e-001	5.741265e-001	2.338500e+000	1.000000e+000	-1.600837e-003	1.355916e-006	0.000000e+000	0.000000e+000	7.127116e-005	-1.528210e-003	-6.370441e-006	-6.490072e-005
1.580000e+001	5.297201e-001	5.632569e-001	2.298820e+000	1.000000e+000	-1.574054e-003	1.390129e-006	0.000000e+000	0.000000e+000	7.009175e-005	-1.502572e-003	-6.250787e-006	-6.384097e-005
1.590000e+001	5.196101e-001	5.525914e-001	2.259789e+000	1.000000e+000	-1.547699e-003	1.422547e-006	0.000000e+000	0.000000e+000	6.893091e-005	-1.477346e-003	-6.133360e-006	-6.279755e-005
1.600000e+001	5.096917e-001	5.421263e-001	2.221395e+000	1.000000e+000	-1.521767e-003	1.453223e-006	0.000000e+000	0.000000e+000	6.778835e-005	-1.452526e-003	-6.018118e-006	-6.177023e-005
1.610000e+001	4.999613e-001	5.318579e-001	2.183630e+000	1.000000e+000	-1.496251e-003	1.482213e-006	0.000000e+000	0.000000e+000	6.666382e-005	-1.428105e-003	-5.905022e-006	-6.075880e-005
1.620000e+001	4.904154e-001	5.217824e-001	2.146484e+000	1.000000e+000	-1.471145e-003	1.509569e-006	0.000000e+000	0.000000e+000	6.555705e-005	-1.404078e-003	-5.794031e-006	-5.976302e-005
1.630000e+001	4.810506e-001	5.118964e-001	2.109947e+000	1.000000e+000	-1.446442e-003	1.535343e-006	0.000000e+000	0.000000e+000	6.446779e-005	-1.380439e-003	-5.685108e-006	-5.878268e-005
1.640000e+001	4.718633e-001	5.021962e-001	2.074009e+000	1.000000e+000	-1.422137e-003	1.559584e-006	0.000000e+000	0.000000e+000	6.339578e-005	-1.357182e-003	-5.578214e-006	-5.781756e-005
1.650000e+001	4.628503e-001	4.926784e-001	2.038662e+000	1.000000e+000	-1.398224e-003	1.582341e-006	0.000000e+000	0.000000e+000	6.234076e-005	-1.334301e-003	-5.473312e-006	-5.686745e-005
1.660000e+001	4.540083e-001	4.833397e-001	2.003896e+000	1.000000e+000	-1.374696e-003	1.603662e-006	0.000000e+000	0.000000e+000	6.130249e-005	-1.311790e-003	-5.370365e-006	-5.593213e-005
1.670000e+001	4.453341e-001	4.741766e-001	1.969701e+000	1.000000e+000	-1.351548e-003	1.623592e-006	0.000000e+000	0.000000e+000	6.028072e-005	-1.289644e-003	-5.269337e-006	-5.501138e-005
1.680000e+001	4.368245e-001	4.651858e-001	1.936070e+000	1.000000e+000	-1.328774e-003	1.642177e-006	0.000000e+000	0.000000e+000	5.927521e-005	-1.267857e-003	-5.170192e-006	-5.410501e-005
1.690000e+001	4.284764e-001	4.563643e-001	1.902994e+000	1.000000e+000	-1.306369e-003	1.659460e-006	0.000000e+000	0.000000e+000	5.828571e-005	-1.246424e-003	-5.072897e-006	-5.321281e-005
1.700000e+001	4.202868e-001	4.477088e-001	1.870463e+000	1.000000e+000	-1.284327e-003	1.675485e-006	0.000000e+000	0.000000e+000	5.731199e-005	-1.225339e-003	-4.977416e-006	-5.233458e-005
1.710000e+001	4.122527e-001	4.392162e-001	1.838469e+000	1.000000e+000	-1.262641e-003	1.690291e-006	0.000000e+000	0.000000e+000	5.635382e-005	-1.204597e-003	-4.883716e-006	-5.147010e-005
1.720000e+001	4.043711e-001	4.308835e-001	1.807003e+000	1.000000e+000	-1.241308e-003	1.703920e-006	0.000000e+000	0.000000e+000	5.541096e-005	-1.184193e-003	-4.791764e-006	-5.061920e-005
1.730000e+001	3.966392e-001	4.227077e-001	1.776059e+000	1.000000e+000	-1.220321e-003	1.716411e-006	0.000000e+000	0.000000e+000	5.448319e-005	-1.164121e-003	-4.701529e-006	-4.978166e-005
1.740000e+001	3.890542e-001	4.146859e-001	1.745626e+000	1.000000e+000	-1.199675e-003	1.727802e-006	0.000000e+000	0.000000e+000	5.357028e-005	-1.144377e-003	-4.612978e-006	-4.895731e-005
1.750000e+001	3.816132e-001	4.068152e-001	1.715698e+000	1.000000e+000	-1.179366e-003	1.738130e-006	0.000000e+000	0.000000e+000	5.267202e-005	-1.124956e-003	-4.526080e-006	-4.814594e-005
1.760000e+001	3.743137e-001	3.990927e-001	1.686265e+000	1.000000e+000	-1.159387e-003	1.747431e-006	0.000000e+000	0.000000e+000	5.178817e-005	-1.105851e-003	-4.440805e-006	-4.734736e-005
1.770000e+001	3.671528e-001	3.915158e-001	1.657322e+000	1.000000e+000	-1.139734e-003	1.755741e-006	0.000000e+000	0.000000e+000	5.091853e-005	-1.087059e-003	-4.357123e-006	-4.656140e-005
1.780000e+001	3.601281e-001	3.840816e-001	1.628858e+000	1.000000e+000	-1.120401e-003	1.763093e-006	0.000000e+000	0.000000e+000	5.006288e-005	-1.068575e-003	-4.275004e-006	-4.578787e-005
1.790000e+001	3.532369e-001	3.767876e-001	1.600868e+000	1.000000e+000	-1.101385e-003	1.769522e-006	0.000000e+000	0.000000e+000	4.922101e-005	-1.050394e-003	-4.194420e-006	-4.502659e-005
1.800000e+001	3.464767e-001	3.696311e-001	1.573344e+000	1.000000e+000	-1.082679e-003	1.775059e-006	0.000000e+000	0.000000e+000	4.839271e-005	-1.032511e-003	-4.115341e-006	-4.427737e-005
1.810000e+001	3.398450e-001	3.626095e-001	1.546277e+000	1.000000e+000	-1.064279e-003	1.779735e-006	0.000000e+000	0.000000e+000	4.757778e-005	-1.014922e-003	-4.037741e-006	-4.354004e-005
1.820000e+001	3.333395e-001	3.557203e-001	1.519662e+000	1.000000e+000	-1.046181e-003	1.783582e-006	0.000000e+000	0.000000e+000	4.677602e-005	-9.976214e-004	-3.961591e-006	-4.281442e-005
1.830000e+001	3.269576e-001	3.489611e-001	1.493490e+000	1.000000e+000	-1.028379e-003	1.786630e-006	0.000000e+000	0.000000e+000	4.598722e-005	-9.806055e-004	-3.886866e-006	-4.210035e-005
1.840000e+001	3.206972e-001	3.423294e-001	1.467755e+000	1.000000e+000	-1.010870e-003	1.788906e-006	0.000000e+000	0.000000e+000	4.521119e-005	-9.638698e-004	-3.813538e-006	-4.139766e-005
1.850000e+001	3.145559e-001	3.358228e-001	1.442450e+000	1.000000e+000	-9.936480e-004	1.790440e-006	0.000000e+000	0.000000e+000	4.444774e-005	-9.474098e-004	-3.741581e-006	-4.070616e-005
1.860000e+001	3.085314e-001	3.294389e-001	1.417567e+000	1.000000e+000	-9.767092e-004	1.791258e-006	0.000000e+000	0.000000e+000	4.369667e-005	-9.312212e-004	-3.670971e-006	-4.002570e-005
1.870000e+001	3.026216e-001	3.231756e-001	1.393101e+000	1.000000e+000	-9.600490e-004	1.791387e-006	0.000000e+000	0.000000e+000	4.295780e-005	-9.152998e-004	-3.601683e-006	-3.935612e-005
1.880000e+001	2.968243e-001	3.170305e-001	1.369044e+000	1.000000e+000	-9.436632e-004	1.790854e-006	0.000000e+000	0.000000e+000	4.223094e-005	-8.996414e-004	-3.533691e-006	-3.869725e-005
1.890000e+001	2.911373e-001	3.110014e-001	1.345389e+000	1.000000e+000	-9.275474e-004	1.789683e-006	0.000000e+000	0.000000e+000	4.151590e-005	-8.842418e-004	-3.466972e-006	-3.804893e-005
1.900000e+001	2.855586e-001	3.050861e-001	1.322132e+000	1.000000e+000	-9.116974e-004	1.787898e-006	0.000000e+000	0.000000e+000	4.081251e-005	-8.690970e-004	-3.401503e-006	-3.741101e-005
1.910000e+001	2.800861e-001	2.992826e-001	1.299264e+000	1.000000e+000	-8.961090e-004	1.785524e-006	0.000000e+000	0.000000e+000	4.012058e-005	-8.542029e-004	-3.337259e-006	-3.678332e-005
1.920000e+001	2.747179e-001	2.935887e-001	1.276780e+000	1.000000e+000	-8.807782e-004	1.782583e-006	0.000000e+000	0.000000e+000	3.943994e-005	-8.395557e-004	-3.274219e-006	-3.616573e-005
1.930000e+001	2.694519e-001	2.880023e-001	1.254674e+000	1.000000e+000	-8.657009e-004	1.779098e-006	0.000000e+000	0.000000e+000	3.877042e-005	-8.251514e-004	-3.212360e-006	-3.555806e-005
1.940000e+001	2.642862e-001	2.825215e-001	1.232940e+000	1.000000e+000	-8.508731e-004	1.775090e-006	0.000000e+000	0.000000e+000	3.811184e-005	-8.109862e-004	-3.151660e-006	-3.496018e-005
1.950000e+001	2.592189e-001	2.771442e-001	1.211571e+000	1.000000e+000	-8.362909e-004	1.770581e-006	0.000000e+000	0.000000e+000	3.746404e-005	-7.970563e-004	-3.092097e-006	-3.437194e-005
1.960000e+001	2.542481e-001	2.718686e-001	1.190561e+000	1.000000e+000	-8.219505e-004	1.765591e-006	0.000000e+000	0.000000e+000	3.682684e-005	-7.833580e-004	-3.033652e-006	-3.379319e-005
1.970000e+001	2.493721e-001	2.666928e-001	1.169906e+000	1.000000e+000	-8.078479e-004	1.760140e-006	0.000000e+000	0.000000e+000	3.620009e-005	-7.698876e-004	-2.976301e-006	-3.322379e-005
1.980000e+001	2.445891e-001	2.616147e-001	1.149599e+000	1.000000e+000	-7.939794e-004	1.754248e-006	0.000000e+000	0.000000e+000	3.558363e-005	-7.566415e-004	-2.920027e-006	-3.266360e-005
1.990000e+001	2.398972e-001	2.566327e-001	1.129634e+000	1.000000e+000	-7.803414e-004	1.747932e-006	0.000000e+000	0.000000e+000	3.497728e-005	-7.436162e-004	-2.864808e-006	-3.211247e-005
2.000000e+001	2.352948e-001	2.517449e-001	1.110006e+000	1.000000e+000	-7.669302e-004	1.741213e-006	0.000000e+000	0.000000e+000	3.438090e-005	-7.308080e-004	-2.810624e-006	-3.157028e-005
