TIME          	MC CONC       	STS CONC      	HTS CONC      	SED CONC      	ADV dm/dt     	DISP dm/dt    	DECAY dm/dt   	SORPTION dm/dt	STORAGE dm/dt 	MC dm/dt      	STS dm/dt     	HTS dm/dt     
(hr)          	mg/L          	mg/L          	mg/L          	mg/L          	(mg/L)·(m²/s)  	(mg/L)·(m²/s)  	(mg/L)·(m²/s)  	(mg/L)·(m²/s)  	(mg/L)·(m²/s)  	(mg/L)·(m²/s)  	(mg/L)·(m²/s)  	(mg/L)·(m²/s)  
0.000000e+00	4.816645e-01	4.816645e-01	4.816645e-01	0.000000e+00	6.818740e-06	1.067806e-07	0.000000e+00	0.000000e+00	0.000000e+00	6.925521e-06	0.000000e+00	0.000000e+00
1.000000e-01	4.816645e-01	4.816645e-01	4.816645e-01	1.000000e+00	6.818740e-06	1.067806e-07	0.000000e+00	0.000000e+00	1.756761e-19	6.925521e-06	-1.726689e-19	-3.007194e-21
2.000000e-01	4.816645e-01	4.816645e-01	4.816645e-01	1.000000e+00	6.818740e-06	1.067806e-07	0.000000e+00	0.000000e+00	1.756761e-19	6.925521e-06	-1.659863e-19	-9.689849e-21
3.000000e-01	4.816645e-01	4.816645e-01	4.816645e-01	1.000000e+00	6.818740e-06	1.067806e-07	0.000000e+00	0.000000e+00	1.756761e-19	6.925521e-06	-1.593036e-19	-1.637250e-20
4.000000e-01	4.816645e-01	4.816645e-01	4.816645e-01	1.000000e+00	6.818740e-06	1.067806e-07	0.000000e+00	0.000000e+00	-3.341041e-17	6.925521e-06	3.322095e-17	1.894533e-19
5.000000e-01	4.816645e-01	4.816645e-01	4.816645e-01	1.000000e+00	6.818741e-06	1.067809e-07	0.000000e+00	0.000000e+00	-5.658864e-15	6.925522e-06	5.608862e-15	5.000229e-17
6.000000e-01	4.816645e-01	4.816645e-01	4.816645e-01	1.000000e+00	6.818758e-06	1.067890e-07	0.000000e+00	0.000000e+00	-2.249563e-13	6.925547e-06	2.222987e-13	2.657549e-15
7.000000e-01	4.816645e-01	4.816645e-01	4.816645e-01	1.000000e+00	6.819004e-06	1.068854e-07	0.000000e+00	0.000000e+00	-3.520872e-12	6.925886e-06	3.467144e-12	5.372873e-14
8.000000e-01	4.816647e-01	4.816646e-01	4.816645e-01	1.000000e+00	6.820823e-06	1.074996e-07	0.000000e+00	0.000000e+00	-2.924547e-11	6.928294e-06	2.868440e-11	5.610674e-13
9.000000e-01	4.816656e-01	4.816651e-01	4.816645e-01	1.000000e+00	6.829378e-06	1.099946e-07	0.000000e+00	0.000000e+00	-1.550090e-10	6.939218e-06	1.513506e-10	3.658417e-12
1.000000e+00	4.816694e-01	4.816673e-01	4.816645e-01	1.000000e+00	6.858195e-06	1.172571e-07	0.000000e+00	0.000000e+00	-5.904509e-10	6.974861e-06	5.736025e-10	1.684840e-11
1.100000e+00	4.816806e-01	4.816745e-01	4.816646e-01	1.000000e+00	6.933486e-06	1.336364e-07	0.000000e+00	0.000000e+00	-1.750611e-09	7.065371e-06	1.691052e-09	5.955958e-11
1.200000e+00	4.817081e-01	4.816933e-01	4.816648e-01	1.000000e+00	7.094759e-06	1.638140e-07	0.000000e+00	0.000000e+00	-4.270326e-09	7.254302e-06	4.099036e-09	1.712896e-10
1.300000e+00	4.817659e-01	4.817349e-01	4.816655e-01	1.000000e+00	7.389309e-06	2.109176e-07	0.000000e+00	0.000000e+00	-8.918203e-09	7.591308e-06	8.500277e-09	4.179260e-10
1.400000e+00	4.818723e-01	4.818152e-01	4.816670e-01	1.000000e+00	7.861289e-06	2.747603e-07	0.000000e+00	0.000000e+00	-1.642058e-08	8.119628e-06	1.552823e-08	8.923510e-10
1.500000e+00	4.820482e-01	4.819535e-01	4.816699e-01	1.000000e+00	8.538917e-06	3.510690e-07	0.000000e+00	0.000000e+00	-2.725458e-08	8.862732e-06	2.554747e-08	1.707114e-09
1.600000e+00	4.823145e-01	4.821703e-01	4.816752e-01	1.000000e+00	9.424332e-06	4.320570e-07	0.000000e+00	0.000000e+00	-4.148485e-08	9.814904e-06	3.850497e-08	2.979880e-09
1.700000e+00	4.826881e-01	4.824841e-01	4.816842e-01	1.000000e+00	1.048943e-05	5.080795e-07	0.000000e+00	0.000000e+00	-5.869794e-08	1.093881e-05	5.388294e-08	4.814995e-09
1.800000e+00	4.831798e-01	4.829085e-01	4.816981e-01	1.000000e+00	1.167866e-05	5.697328e-07	0.000000e+00	0.000000e+00	-7.804860e-08	1.217034e-05	7.076292e-08	7.285681e-09
1.900000e+00	4.837918e-01	4.834498e-01	4.817185e-01	1.000000e+00	1.291753e-05	6.097176e-07	0.000000e+00	0.000000e+00	-9.839518e-08	1.342885e-05	8.797421e-08	1.042097e-08
2.000000e+00	4.845179e-01	4.841061e-01	4.817470e-01	1.000000e+00	1.412411e-05	6.240050e-07	0.000000e+00	0.000000e+00	-1.184803e-07	1.462963e-05	1.042805e-07	1.419977e-08
2.100000e+00	4.853438e-01	4.848672e-01	4.817849e-01	1.000000e+00	1.522067e-05	6.121532e-07	0.000000e+00	0.000000e+00	-1.371104e-07	1.569571e-05	1.185577e-07	1.855269e-08
2.200000e+00	4.862490e-01	4.857162e-01	4.818336e-01	1.000000e+00	1.614312e-05	5.768855e-07	0.000000e+00	0.000000e+00	-1.532989e-07	1.656670e-05	1.299288e-07	2.337013e-08
2.300000e+00	4.872093e-01	4.866311e-01	4.818938e-01	1.000000e+00	1.684695e-05	5.231929e-07	0.000000e+00	0.000000e+00	-1.663539e-07	1.720378e-05	1.378392e-07	2.851473e-08
2.400000e+00	4.881988e-01	4.875874e-01	4.819661e-01	1.000000e+00	1.730944e-05	4.572569e-07	0.000000e+00	0.000000e+00	-1.759088e-07	1.759079e-05	1.420734e-07	3.383538e-08
2.500000e+00	4.891925e-01	4.885602e-01	4.820510e-01	1.000000e+00	1.752864e-05	3.854364e-07	0.000000e+00	0.000000e+00	-1.819039e-07	1.773218e-05	1.427231e-07	3.918074e-08
2.600000e+00	4.901676e-01	4.895262e-01	4.821481e-01	1.000000e+00	1.751999e-05	3.134779e-07	0.000000e+00	0.000000e+00	-1.845352e-07	1.764893e-05	1.401246e-07	4.441057e-08
2.700000e+00	4.911050e-01	4.904648e-01	4.822571e-01	1.000000e+00	1.731171e-05	2.460099e-07	0.000000e+00	0.000000e+00	-1.841855e-07	1.737354e-05	1.347816e-07	4.940392e-08
2.800000e+00	4.919896e-01	4.913592e-01	4.823773e-01	1.000000e+00	1.693990e-05	1.863177e-07	0.000000e+00	0.000000e+00	-1.813522e-07	1.694487e-05	1.272880e-07	5.406419e-08
2.900000e+00	4.928108e-01	4.921970e-01	4.825079e-01	1.000000e+00	1.644396e-05	1.363443e-07	0.000000e+00	0.000000e+00	-1.765812e-07	1.640372e-05	1.182603e-07	5.832097e-08
3.000000e+00	4.935621e-01	4.929697e-01	4.826479e-01	1.000000e+00	1.586285e-05	9.684757e-08	0.000000e+00	0.000000e+00	-1.704144e-07	1.578928e-05	1.082849e-07	6.212948e-08
3.100000e+00	4.942405e-01	4.936727e-01	4.827961e-01	1.000000e+00	1.523236e-05	6.764375e-08	0.000000e+00	0.000000e+00	-1.633505e-07	1.513665e-05	9.788226e-08	6.546822e-08
3.200000e+00	4.948461e-01	4.943045e-01	4.829516e-01	1.000000e+00	1.458336e-05	4.787864e-08	0.000000e+00	0.000000e+00	-1.558213e-07	1.447541e-05	8.748579e-08	6.833548e-08
3.300000e+00	4.953815e-01	4.948665e-01	4.831132e-01	1.000000e+00	1.394092e-05	3.628529e-08	0.000000e+00	0.000000e+00	-1.481798e-07	1.382902e-05	7.743455e-08	7.074529e-08
3.400000e+00	4.958508e-01	4.953618e-01	4.832799e-01	1.000000e+00	1.332419e-05	3.140281e-08	0.000000e+00	0.000000e+00	-1.406987e-07	1.321489e-05	6.797524e-08	7.272342e-08
3.500000e+00	4.962594e-01	4.957951e-01	4.834507e-01	1.000000e+00	1.274671e-05	3.174539e-08	0.000000e+00	0.000000e+00	-1.335744e-07	1.264488e-05	5.927081e-08	7.430357e-08
3.600000e+00	4.966132e-01	4.961720e-01	4.836248e-01	1.000000e+00	1.221708e-05	3.592041e-08	0.000000e+00	0.000000e+00	-1.269370e-07	1.212606e-05	5.141286e-08	7.552413e-08
3.700000e+00	4.969183e-01	4.964982e-01	4.838013e-01	1.000000e+00	1.173978e-05	4.270094e-08	0.000000e+00	0.000000e+00	-1.208609e-07	1.166162e-05	4.443542e-08	7.642544e-08
3.800000e+00	4.971809e-01	4.967799e-01	4.839796e-01	1.000000e+00	1.131604e-05	5.106111e-08	0.000000e+00	0.000000e+00	-1.153764e-07	1.125173e-05	3.832865e-08	7.704776e-08
3.900000e+00	4.974068e-01	4.970228e-01	4.841590e-01	1.000000e+00	1.094466e-05	6.018387e-08	0.000000e+00	0.000000e+00	-1.104811e-07	1.089436e-05	3.305138e-08	7.742969e-08
4.000000e+00	4.976013e-01	4.972323e-01	4.843391e-01	1.000000e+00	1.062271e-05	6.944995e-08	0.000000e+00	0.000000e+00	-1.061489e-07	1.058601e-05	2.854179e-08	7.760715e-08
4.100000e+00	4.977693e-01	4.974136e-01	4.845194e-01	1.000000e+00	1.034622e-05	7.841553e-08	0.000000e+00	0.000000e+00	-1.023391e-07	1.032229e-05	2.472626e-08	7.761280e-08
4.200000e+00	4.979150e-01	4.975709e-01	4.846995e-01	1.000000e+00	1.011060e-05	8.678451e-08	0.000000e+00	0.000000e+00	-9.900178e-08	1.009838e-05	2.152607e-08	7.747571e-08
4.300000e+00	4.980423e-01	4.977083e-01	4.848791e-01	1.000000e+00	9.911060e-06	9.437955e-08	0.000000e+00	0.000000e+00	-9.608380e-08	9.909356e-06	1.886248e-08	7.722132e-08
4.400000e+00	4.981543e-01	4.978292e-01	4.850581e-01	1.000000e+00	9.742888e-06	1.011146e-07	0.000000e+00	0.000000e+00	-9.353175e-08	9.750471e-06	1.666017e-08	7.687158e-08
4.500000e+00	4.982537e-01	4.979364e-01	4.852362e-01	1.000000e+00	9.601606e-06	1.069705e-07	0.000000e+00	0.000000e+00	-9.129459e-08	9.617282e-06	1.484942e-08	7.644516e-08
4.600000e+00	4.983429e-01	4.980324e-01	4.854132e-01	1.000000e+00	9.483107e-06	1.119747e-07	0.000000e+00	0.000000e+00	-8.932521e-08	9.505756e-06	1.336742e-08	7.595778e-08
4.700000e+00	4.984237e-01	4.981193e-01	4.855890e-01	1.000000e+00	9.383709e-06	1.161845e-07	0.000000e+00	0.000000e+00	-8.758123e-08	9.412312e-06	1.215870e-08	7.542253e-08
4.800000e+00	4.984977e-01	4.981987e-01	4.857635e-01	1.000000e+00	9.300179e-06	1.196745e-07	0.000000e+00	0.000000e+00	-8.602535e-08	9.333828e-06	1.117515e-08	7.485020e-08
4.900000e+00	4.985662e-01	4.982721e-01	4.859366e-01	1.000000e+00	9.229721e-06	1.225271e-07	0.000000e+00	0.000000e+00	-8.462526e-08	9.267623e-06	1.037565e-08	7.424961e-08
5.000000e+00	4.986303e-01	4.983406e-01	4.861084e-01	1.000000e+00	9.169954e-06	1.248258e-07	0.000000e+00	0.000000e+00	-8.335347e-08	9.211427e-06	9.725529e-09	7.362794e-08
5.100000e+00	4.986907e-01	4.984050e-01	4.862786e-01	1.000000e+00	9.118876e-06	1.266509e-07	0.000000e+00	0.000000e+00	-8.218681e-08	9.163340e-06	9.195851e-09	7.299096e-08
5.200000e+00	4.987481e-01	4.984662e-01	4.864474e-01	1.000000e+00	9.074817e-06	1.280759e-07	0.000000e+00	0.000000e+00	-8.110599e-08	9.121787e-06	8.762717e-09	7.234327e-08
5.300000e+00	4.988031e-01	4.985247e-01	4.866147e-01	1.000000e+00	9.036379e-06	1.291568e-07	0.000000e+00	0.000000e+00	-8.009484e-08	9.085441e-06	8.406282e-09	7.168855e-08
5.400000e+00	4.988560e-01	4.985809e-01	4.867804e-01	1.000000e+00	9.002125e-06	1.298307e-07	0.000000e+00	0.000000e+00	-7.913611e-08	9.052819e-06	8.106472e-09	7.102964e-08
5.500000e+00	4.989070e-01	4.986352e-01	4.869446e-01	1.000000e+00	8.969130e-06	1.295085e-07	0.000000e+00	0.000000e+00	-7.819028e-08	9.020448e-06	7.822096e-09	7.036819e-08
5.600000e+00	4.989555e-01	4.986874e-01	4.871073e-01	1.000000e+00	8.929202e-06	1.263048e-07	0.000000e+00	0.000000e+00	-7.713627e-08	8.978371e-06	7.433438e-09	6.970284e-08
5.700000e+00	4.989988e-01	4.987357e-01	4.872684e-01	1.000000e+00	8.862884e-06	1.162976e-07	0.000000e+00	0.000000e+00	-7.567442e-08	8.903507e-06	6.650214e-09	6.902420e-08
5.800000e+00	4.990303e-01	4.987759e-01	4.874279e-01	1.000000e+00	8.731632e-06	9.270154e-08	0.000000e+00	0.000000e+00	-7.320291e-08	8.751130e-06	4.897049e-09	6.830586e-08
5.900000e+00	4.990364e-01	4.987980e-01	4.875856e-01	1.000000e+00	8.463737e-06	4.338101e-08	0.000000e+00	0.000000e+00	-6.860293e-08	8.438515e-06	1.113581e-09	6.748935e-08
6.000000e+00	4.989898e-01	4.987820e-01	4.877412e-01	1.000000e+00	7.924131e-06	-5.475398e-08	0.000000e+00	0.000000e+00	-5.976847e-08	7.809608e-06	-6.688486e-09	6.645696e-08
6.100000e+00	4.988381e-01	4.986894e-01	4.878940e-01	1.000000e+00	6.863708e-06	-2.424658e-07	0.000000e+00	0.000000e+00	-4.278861e-08	6.578454e-06	-2.219134e-08	6.497996e-08
6.200000e+00	4.984864e-01	4.984480e-01	4.880424e-01	1.000000e+00	4.865546e-06	-5.791498e-07	0.000000e+00	0.000000e+00	-1.104117e-08	4.275355e-06	-5.159243e-08	6.263360e-08
6.300000e+00	4.977774e-01	4.979341e-01	4.881837e-01	1.000000e+00	1.331102e-06	-1.130165e-06	0.000000e+00	0.000000e+00	4.510369e-08	2.460403e-07	-1.037936e-07	5.868988e-08
6.400000e+00	4.964802e-01	4.969570e-01	4.883129e-01	1.000000e+00	-4.445929e-06	-1.939044e-06	0.000000e+00	0.000000e+00	1.371678e-07	-6.247805e-06	-1.891983e-07	5.203051e-08
6.500000e+00	4.942992e-01	4.952576e-01	4.884221e-01	1.000000e+00	-1.310109e-05	-2.993573e-06	0.000000e+00	0.000000e+00	2.757270e-07	-1.581894e-05	-3.168711e-07	4.114406e-08
6.600000e+00	4.909091e-01	4.925303e-01	4.884994e-01	1.000000e+00	-2.495363e-05	-4.202326e-06	0.000000e+00	0.000000e+00	4.664431e-07	-2.868951e-05	-4.907061e-07	2.426302e-08
6.700000e+00	4.860155e-01	4.884709e-01	4.885288e-01	1.000000e+00	-3.978304e-05	-5.398128e-06	0.000000e+00	0.000000e+00	7.064106e-07	-4.447476e-05	-7.060619e-07	-3.486781e-10
6.800000e+00	4.794244e-01	4.828398e-01	4.884907e-01	1.000000e+00	-5.673690e-05	-6.375874e-06	0.000000e+00	0.000000e+00	9.826002e-07	-6.213017e-05	-9.485860e-07	-3.401417e-08
6.900000e+00	4.710964e-01	4.755235e-01	4.883633e-01	1.000000e+00	-7.444577e-05	-6.955748e-06	0.000000e+00	0.000000e+00	1.273656e-06	-8.012786e-05	-1.196370e-06	-7.728578e-08
7.000000e+00	4.611646e-01	4.665692e-01	4.881246e-01	1.000000e+00	-9.133484e-05	-7.046106e-06	0.000000e+00	0.000000e+00	1.554898e-06	-9.682605e-05	-1.425152e-06	-1.297461e-07
7.100000e+00	4.499066e-01	4.561796e-01	4.877545e-01	1.000000e+00	-1.060227e-04	-6.675936e-06	0.000000e+00	0.000000e+00	1.804751e-06	-1.108939e-04	-1.614695e-06	-1.900560e-07
7.200000e+00	4.376798e-01	4.446663e-01	4.872372e-01	1.000000e+00	-1.176524e-04	-5.981668e-06	0.000000e+00	0.000000e+00	2.010023e-06	-1.216241e-04	-1.753780e-06	-2.562425e-07
7.300000e+00	4.248448e-01	4.323808e-01	4.865614e-01	1.000000e+00	-1.260369e-04	-5.156795e-06	0.000000e+00	0.000000e+00	2.168127e-06	-1.290256e-04	-1.842003e-06	-3.261236e-07
7.400000e+00	4.116992e-01	4.196444e-01	4.857210e-01	1.000000e+00	-1.315900e-04	-4.388642e-06	0.000000e+00	0.000000e+00	2.285815e-06	-1.336928e-04	-1.888087e-06	-3.977282e-07
7.500000e+00	3.984419e-01	4.066986e-01	4.847137e-01	1.000000e+00	-1.351015e-04	-3.807978e-06	0.000000e+00	0.000000e+00	2.375457e-06	-1.365341e-04	-1.905869e-06	-4.695883e-07
7.600000e+00	3.851689e-01	3.936867e-01	4.835401e-01	1.000000e+00	-1.374592e-04	-3.466761e-06	0.000000e+00	0.000000e+00	2.450575e-06	-1.384754e-04	-1.909730e-06	-5.408459e-07
7.700000e+00	3.718958e-01	3.806624e-01	4.822021e-01	1.000000e+00	-1.394101e-04	-3.342817e-06	0.000000e+00	0.000000e+00	2.522165e-06	-1.402308e-04	-1.910978e-06	-6.111878e-07
7.800000e+00	3.585950e-01	3.676196e-01	4.807017e-01	1.000000e+00	-1.414005e-04	-3.357477e-06	0.000000e+00	0.000000e+00	2.596351e-06	-1.421616e-04	-1.915687e-06	-6.806643e-07
7.900000e+00	3.452401e-01	3.545314e-01	4.790408e-01	1.000000e+00	-1.434837e-04	-3.393818e-06	0.000000e+00	0.000000e+00	2.673129e-06	-1.442044e-04	-1.923682e-06	-7.494470e-07
8.000000e+00	3.318502e-01	3.413946e-01	4.772209e-01	1.000000e+00	-1.452885e-04	-3.315199e-06	0.000000e+00	0.000000e+00	2.745937e-06	-1.458577e-04	-1.928371e-06	-8.175659e-07
8.100000e+00	3.185310e-01	3.282706e-01	4.752439e-01	1.000000e+00	-1.460443e-04	-2.982689e-06	0.000000e+00	0.000000e+00	2.802094e-06	-1.462249e-04	-1.917433e-06	-8.846614e-07
8.200000e+00	3.055148e-01	3.153243e-01	4.731131e-01	1.000000e+00	-1.445218e-04	-2.214188e-06	0.000000e+00	0.000000e+00	2.822184e-06	-1.439138e-04	-1.872422e-06	-9.497621e-07
8.300000e+00	2.932678e-01	3.028919e-01	4.708351e-01	1.000000e+00	-1.382647e-04	-5.292894e-07	0.000000e+00	0.000000e+00	2.768850e-06	-1.360251e-04	-1.757966e-06	-1.010884e-06
8.400000e+00	2.828441e-01	2.917035e-01	4.684236e-01	1.000000e+00	-1.211595e-04	3.400360e-06	0.000000e+00	0.000000e+00	2.548862e-06	-1.152102e-04	-1.485148e-06	-1.063714e-06
8.500000e+00	2.766931e-01	2.834561e-01	4.659079e-01	1.000000e+00	-7.930420e-05	1.228765e-05	0.000000e+00	0.000000e+00	1.945735e-06	-6.507081e-05	-8.475212e-07	-1.098214e-06
8.600000e+00	2.799078e-01	2.818345e-01	4.633529e-01	1.000000e+00	1.282947e-05	3.014361e-05	0.000000e+00	0.000000e+00	5.543235e-07	4.352740e-05	5.382718e-07	-1.092595e-06
8.700000e+00	3.015179e-01	2.937711e-01	4.608948e-01	1.000000e+00	1.927248e-04	6.121142e-05	0.000000e+00	0.000000e+00	-2.228769e-06	2.517074e-04	3.234720e-06	-1.005951e-06
8.800000e+00	3.551747e-01	3.304186e-01	4.587930e-01	1.000000e+00	5.045258e-04	1.082272e-04	0.000000e+00	0.000000e+00	-7.122315e-06	6.056307e-04	7.895026e-06	-7.727113e-07
8.900000e+00	4.586657e-01	4.072374e-01	4.574887e-01	1.000000e+00	9.888206e-04	1.708147e-04	0.000000e+00	0.000000e+00	-1.479591e-05	1.144839e-03	1.509838e-05	-3.024724e-07
9.000000e+00	6.321061e-01	5.428528e-01	4.576554e-01	1.000000e+00	1.670783e-03	2.447946e-04	0.000000e+00	0.000000e+00	-2.567818e-05	1.889899e-03	2.516536e-05	5.128202e-07
9.100000e+00	8.951404e-01	7.567811e-01	4.602253e-01	1.000000e+00	2.550798e-03	3.227252e-04	0.000000e+00	0.000000e+00	-3.980597e-05	2.833718e-03	3.802094e-05	1.785029e-06
9.200000e+00	1.263828e+00	1.066526e+00	4.663783e-01	1.000000e+00	3.600634e-03	3.954392e-04	0.000000e+00	0.000000e+00	-5.676379e-05	3.939310e-03	5.315138e-05	3.612410e-06
9.300000e+00	1.747953e+00	1.484737e+00	4.774896e-01	1.000000e+00	4.766083e-03	4.539973e-04	0.000000e+00	0.000000e+00	-7.572716e-05	5.144353e-03	6.966434e-05	6.062824e-06
9.400000e+00	2.349324e+00	2.017070e+00	4.950447e-01	1.000000e+00	5.974936e-03	4.914362e-04	0.000000e+00	0.000000e+00	-9.558949e-05	6.370783e-03	8.642812e-05	9.161373e-06
9.500000e+00	3.061328e+00	2.661145e+00	5.205313e-01	1.000000e+00	7.147856e-03	5.038824e-04	0.000000e+00	0.000000e+00	-1.151325e-04	7.536606e-03	1.022477e-04	1.288478e-05
9.600000e+00	3.869684e+00	3.406712e+00	5.553277e-01	1.000000e+00	8.209449e-03	4.908781e-04	0.000000e+00	0.000000e+00	-1.331972e-04	8.567130e-03	1.160341e-04	1.716305e-05
9.700000e+00	4.754119e+00	4.236838e+00	6.006028e-01	1.000000e+00	9.097360e-03	4.550107e-04	0.000000e+00	0.000000e+00	-1.488217e-04	9.403549e-03	1.269345e-04	2.188722e-05
9.800000e+00	5.690562e+00	5.129811e+00	6.572380e-01	1.000000e+00	9.768107e-03	4.010814e-04	0.000000e+00	0.000000e+00	-1.613281e-04	1.000786e-02	1.344068e-04	2.692131e-05
9.900000e+00	6.653474e+00	6.061350e+00	7.257810e-01	1.000000e+00	1.019936e-02	3.350869e-04	0.000000e+00	0.000000e+00	-1.703540e-04	1.036409e-02	1.382382e-04	3.211586e-05
1.000000e+01	7.617960e+00	7.006774e+00	8.064294e-01	1.000000e+00	1.038911e-02	2.632508e-04	0.000000e+00	0.000000e+00	-1.758380e-04	1.047652e-02	1.385169e-04	3.732112e-05
1.010000e+01	8.561475e+00	7.942872e+00	8.990437e-01	1.000000e+00	1.035256e-02	1.912530e-04	0.000000e+00	0.000000e+00	-1.779720e-04	1.036584e-02	1.355738e-04	4.239821e-05
1.020000e+01	9.465003e+00	8.849306e+00	1.003183e+00	1.000000e+00	1.011773e-02	1.237185e-04	0.000000e+00	0.000000e+00	-1.771358e-04	1.006431e-02	1.299084e-04	4.722739e-05
1.030000e+01	1.031370e+01	9.709503e+00	1.118156e+00	1.000000e+00	9.720649e-03	6.396817e-05	0.000000e+00	0.000000e+00	-1.738264e-04	9.610791e-03	1.221134e-04	5.171304e-05
1.040000e+01	1.109705e+01	1.051105e+01	1.243078e+00	1.000000e+00	9.200818e-03	1.399555e-05	0.000000e+00	0.000000e+00	-1.685925e-04	9.046221e-03	1.128067e-04	5.578579e-05
1.050000e+01	1.180870e+01	1.124568e+01	1.376935e+00	1.000000e+00	8.597463e-03	-2.538932e-05	0.000000e+00	0.000000e+00	-1.619807e-04	8.410093e-03	1.025787e-04	5.940198e-05
1.060000e+01	1.244597e+01	1.190896e+01	1.518639e+00	1.000000e+00	7.946771e-03	-5.431779e-05	0.000000e+00	0.000000e+00	-1.544971e-04	7.737956e-03	9.195569e-05	6.254142e-05
1.070000e+01	1.300924e+01	1.249974e+01	1.667080e+00	1.000000e+00	7.280147e-03	-7.358935e-05	0.000000e+00	0.000000e+00	-1.465827e-04	7.059975e-03	8.137878e-05	6.520394e-05
1.080000e+01	1.350133e+01	1.301958e+01	1.821165e+00	1.000000e+00	6.623341e-03	-8.441970e-05	0.000000e+00	0.000000e+00	-1.386020e-04	6.400319e-03	7.119650e-05	6.740547e-05
1.090000e+01	1.392687e+01	1.347209e+01	1.979853e+00	1.000000e+00	5.996214e-03	-8.824153e-05	0.000000e+00	0.000000e+00	-1.308397e-04	5.777133e-03	6.166564e-05	6.917406e-05
1.100000e+01	1.429163e+01	1.386235e+01	2.142182e+00	1.000000e+00	5.412926e-03	-8.656196e-05	0.000000e+00	0.000000e+00	-1.235035e-04	5.202860e-03	5.295745e-05	7.054603e-05
1.110000e+01	1.460206e+01	1.419633e+01	2.307276e+00	1.000000e+00	4.882407e-03	-8.085469e-05	0.000000e+00	0.000000e+00	-1.167297e-04	4.684823e-03	4.516709e-05	7.156259e-05
1.120000e+01	1.486483e+01	1.448043e+01	2.474359e+00	1.000000e+00	4.409082e-03	-7.246133e-05	0.000000e+00	0.000000e+00	-1.105929e-04	4.226028e-03	3.832595e-05	7.226692e-05
1.130000e+01	1.508645e+01	1.472108e+01	2.642758e+00	1.000000e+00	3.993809e-03	-6.250429e-05	0.000000e+00	0.000000e+00	-1.051187e-04	3.826186e-03	3.241687e-05	7.270183e-05
1.140000e+01	1.527311e+01	1.492448e+01	2.811894e+00	1.000000e+00	3.634913e-03	-5.184035e-05	0.000000e+00	0.000000e+00	-1.002983e-04	3.482775e-03	2.739023e-05	7.290810e-05
1.150000e+01	1.543047e+01	1.509644e+01	2.981280e+00	1.000000e+00	3.329111e-03	-4.107544e-05	0.000000e+00	0.000000e+00	-9.610140e-05	3.191934e-03	2.317786e-05	7.292354e-05
1.160000e+01	1.556369e+01	1.524222e+01	3.150514e+00	1.000000e+00	3.072168e-03	-3.062462e-05	0.000000e+00	0.000000e+00	-9.248476e-05	2.949059e-03	1.970235e-05	7.278241e-05
1.170000e+01	1.567733e+01	1.536659e+01	3.319269e+00	1.000000e+00	2.859313e-03	-2.077733e-05	0.000000e+00	0.000000e+00	-8.939742e-05	2.749138e-03	1.688215e-05	7.251527e-05
1.180000e+01	1.577538e+01	1.547374e+01	3.487283e+00	1.000000e+00	2.685489e-03	-1.173777e-05	0.000000e+00	0.000000e+00	-8.678330e-05	2.586968e-03	1.463443e-05	7.214887e-05
1.190000e+01	1.586127e+01	1.556727e+01	3.654353e+00	1.000000e+00	2.545570e-03	-3.637166e-06	0.000000e+00	0.000000e+00	-8.458379e-05	2.457349e-03	1.287755e-05	7.170624e-05
1.200000e+01	1.593787e+01	1.565028e+01	3.820326e+00	1.000000e+00	2.434577e-03	3.466329e-06	0.000000e+00	0.000000e+00	-8.274074e-05	2.355303e-03	1.153388e-05	7.120686e-05
1.210000e+01	1.600757e+01	1.572533e+01	3.985089e+00	1.000000e+00	2.347871e-03	9.582307e-06	0.000000e+00	0.000000e+00	-8.119936e-05	2.276254e-03	1.053250e-05	7.066686e-05
1.220000e+01	1.607230e+01	1.579454e+01	4.148564e+00	1.000000e+00	2.281279e-03	1.476865e-05	0.000000e+00	0.000000e+00	-7.991024e-05	2.216138e-03	9.810781e-06	7.009946e-05
1.230000e+01	1.613363e+01	1.585963e+01	4.310699e+00	1.000000e+00	2.231113e-03	1.909761e-05	0.000000e+00	0.000000e+00	-7.882957e-05	2.171381e-03	9.314273e-06	6.951530e-05
1.240000e+01	1.619278e+01	1.592196e+01	4.471467e+00	1.000000e+00	2.194053e-03	2.261637e-05	0.000000e+00	0.000000e+00	-7.791741e-05	2.138752e-03	8.994633e-06	6.892278e-05
1.250000e+01	1.625069e+01	1.598258e+01	4.630855e+00	1.000000e+00	2.166957e-03	2.532038e-05	0.000000e+00	0.000000e+00	-7.713465e-05	2.115143e-03	8.806351e-06	6.832830e-05
1.260000e+01	1.630793e+01	1.604224e+01	4.788865e+00	1.000000e+00	2.146690e-03	2.715704e-05	0.000000e+00	0.000000e+00	-7.644027e-05	2.097407e-03	8.703968e-06	6.773630e-05
1.270000e+01	1.636480e+01	1.610136e+01	4.945505e+00	1.000000e+00	2.130081e-03	2.806310e-05	0.000000e+00	0.000000e+00	-7.579082e-05	2.082354e-03	8.641493e-06	6.714932e-05
1.280000e+01	1.642125e+01	1.616007e+01	5.100789e+00	1.000000e+00	2.114068e-03	2.802122e-05	0.000000e+00	0.000000e+00	-7.514285e-05	2.066946e-03	8.574847e-06	6.656800e-05
1.290000e+01	1.647700e+01	1.621819e+01	5.254728e+00	1.000000e+00	2.095994e-03	2.711031e-05	0.000000e+00	0.000000e+00	-7.445799e-05	2.048646e-03	8.466692e-06	6.599130e-05
1.300000e+01	1.653157e+01	1.627537e+01	5.407331e+00	1.000000e+00	2.073953e-03	2.552367e-05	0.000000e+00	0.000000e+00	-7.370864e-05	2.025768e-03	8.291750e-06	6.541689e-05
1.310000e+01	1.658441e+01	1.633109e+01	5.558599e+00	1.000000e+00	2.047029e-03	2.354407e-05	0.000000e+00	0.000000e+00	-7.288203e-05	1.997691e-03	8.040265e-06	6.484177e-05
1.320000e+01	1.663504e+01	1.638485e+01	5.708528e+00	1.000000e+00	2.015340e-03	2.148814e-05	0.000000e+00	0.000000e+00	-7.198104e-05	1.964847e-03	7.718149e-06	6.426289e-05
1.330000e+01	1.668308e+01	1.643622e+01	5.857106e+00	1.000000e+00	1.979889e-03	1.964851e-05	0.000000e+00	0.000000e+00	-7.102184e-05	1.928516e-03	7.344060e-06	6.367779e-05
1.340000e+01	1.672835e+01	1.648494e+01	6.004316e+00	1.000000e+00	1.942317e-03	1.825815e-05	0.000000e+00	0.000000e+00	-7.002999e-05	1.890545e-03	6.945043e-06	6.308494e-05
1.350000e+01	1.677090e+01	1.653094e+01	6.150139e+00	1.000000e+00	1.904636e-03	1.747960e-05	0.000000e+00	0.000000e+00	-6.903645e-05	1.853080e-03	6.552353e-06	6.248409e-05
1.360000e+01	1.681099e+01	1.657437e+01	6.294559e+00	1.000000e+00	1.868997e-03	1.740301e-05	0.000000e+00	0.000000e+00	-6.807420e-05	1.818326e-03	6.197940e-06	6.187626e-05
1.370000e+01	1.684910e+01	1.661561e+01	6.437561e+00	1.000000e+00	1.837445e-03	1.803970e-05	0.000000e+00	0.000000e+00	-6.717476e-05	1.788310e-03	5.911056e-06	6.126370e-05
1.380000e+01	1.688586e+01	1.665518e+01	6.579138e+00	1.000000e+00	1.811667e-03	1.931453e-05	0.000000e+00	0.000000e+00	-6.636441e-05	1.764617e-03	5.714666e-06	6.064974e-05
1.390000e+01	1.692200e+01	1.669377e+01	6.719291e+00	1.000000e+00	1.792762e-03	2.106983e-05	0.000000e+00	0.000000e+00	-6.566059e-05	1.748171e-03	5.622191e-06	6.003840e-05
1.400000e+01	1.695826e+01	1.673209e+01	6.858031e+00	1.000000e+00	1.781090e-03	2.308852e-05	0.000000e+00	0.000000e+00	-6.506954e-05	1.739109e-03	5.635589e-06	5.943395e-05
1.410000e+01	1.699533e+01	1.677084e+01	6.995380e+00	1.000000e+00	1.776259e-03	2.513273e-05	0.000000e+00	0.000000e+00	-6.458598e-05	1.736805e-03	5.745520e-06	5.884046e-05
1.420000e+01	1.703375e+01	1.681062e+01	7.131366e+00	1.000000e+00	1.777238e-03	2.698689e-05	0.000000e+00	0.000000e+00	-6.419497e-05	1.740030e-03	5.933609e-06	5.826136e-05
1.430000e+01	1.707390e+01	1.685188e+01	7.266026e+00	1.000000e+00	1.782584e-03	2.849156e-05	0.000000e+00	0.000000e+00	-6.387529e-05	1.747200e-03	6.176128e-06	5.769916e-05
1.440000e+01	1.711598e+01	1.689491e+01	7.399402e+00	1.000000e+00	1.790682e-03	2.955787e-05	0.000000e+00	0.000000e+00	-6.360330e-05	1.756637e-03	6.447964e-06	5.715534e-05
1.450000e+01	1.716003e+01	1.693982e+01	7.531537e+00	1.000000e+00	1.799959e-03	3.015992e-05	0.000000e+00	0.000000e+00	-6.335603e-05	1.766763e-03	6.725703e-06	5.663033e-05
1.460000e+01	1.720596e+01	1.698659e+01	7.662473e+00	1.000000e+00	1.809000e-03	3.031352e-05	0.000000e+00	0.000000e+00	-6.311295e-05	1.776201e-03	6.989239e-06	5.612371e-05
1.470000e+01	1.725353e+01	1.703506e+01	7.792254e+00	1.000000e+00	1.816593e-03	3.005231e-05	0.000000e+00	0.000000e+00	-6.285630e-05	1.783789e-03	7.222024e-06	5.563428e-05
1.480000e+01	1.730245e+01	1.708497e+01	7.920915e+00	1.000000e+00	1.821654e-03	2.938764e-05	0.000000e+00	0.000000e+00	-6.257012e-05	1.788472e-03	7.409858e-06	5.516026e-05
1.490000e+01	1.735227e+01	1.713596e+01	8.048492e+00	1.000000e+00	1.822750e-03	2.815141e-05	0.000000e+00	0.000000e+00	-6.223317e-05	1.788668e-03	7.533902e-06	5.469927e-05
1.500000e+01	1.740223e+01	1.718745e+01	8.175010e+00	1.000000e+00	1.816383e-03	2.557036e-05	0.000000e+00	0.000000e+00	-6.179292e-05	1.780160e-03	7.545232e-06	5.424769e-05
1.510000e+01	1.745070e+01	1.723830e+01	8.300483e+00	1.000000e+00	1.793411e-03	1.965993e-05	0.000000e+00	0.000000e+00	-6.110850e-05	1.751962e-03	7.310008e-06	5.379849e-05
1.520000e+01	1.749405e+01	1.728593e+01	8.424903e+00	1.000000e+00	1.734591e-03	6.947846e-06	0.000000e+00	0.000000e+00	-5.987668e-05	1.681662e-03	6.540365e-06	5.333631e-05
1.530000e+01	1.752536e+01	1.732519e+01	8.548206e+00	1.000000e+00	1.608142e-03	-1.691433e-05	0.000000e+00	0.000000e+00	-5.758849e-05	1.533639e-03	4.758063e-06	5.283043e-05
1.540000e+01	1.753328e+01	1.734709e+01	8.670234e+00	1.000000e+00	1.372287e-03	-5.562752e-05	0.000000e+00	0.000000e+00	-5.356675e-05	1.263093e-03	1.339004e-06	5.222775e-05
1.550000e+01	1.750197e+01	1.733827e+01	8.790677e+00	1.000000e+00	9.834982e-04	-1.104478e-04	0.000000e+00	0.000000e+00	-4.709782e-05	8.259526e-04	-4.351835e-06	5.144966e-05
1.560000e+01	1.741227e+01	1.728150e+01	8.909013e+00	1.000000e+00	4.081386e-04	-1.789942e-04	0.000000e+00	0.000000e+00	-3.762005e-05	1.915244e-04	-1.277565e-05	5.039570e-05
1.570000e+01	1.724408e+01	1.715753e+01	9.024473e+00	1.000000e+00	-3.665486e-04	-2.552343e-04	0.000000e+00	0.000000e+00	-2.490113e-05	-6.466841e-04	-2.405335e-05	4.895448e-05
1.580000e+01	1.697946e+01	1.694768e+01	9.136031e+00	1.000000e+00	-1.325898e-03	-3.306456e-04	0.000000e+00	0.000000e+00	-9.142744e-06	-1.665687e-03	-3.787712e-05	4.701986e-05
1.590000e+01	1.660550e+01	1.663684e+01	9.242439e+00	1.000000e+00	-2.427664e-03	-3.960751e-04	0.000000e+00	0.000000e+00	9.018281e-06	-2.814721e-03	-5.352667e-05	4.450839e-05
1.600000e+01	1.611651e+01	1.621593e+01	9.342295e+00	1.000000e+00	-3.607912e-03	-4.436454e-04	0.000000e+00	0.000000e+00	2.860468e-05	-4.022953e-03	-6.997848e-05	4.137380e-05
1.610000e+01	1.551499e+01	1.568341e+01	9.434143e+00	1.000000e+00	-4.790918e-03	-4.681659e-04	0.000000e+00	0.000000e+00	4.845514e-05	-5.210628e-03	-8.607074e-05	3.761560e-05
1.620000e+01	1.481137e+01	1.504563e+01	9.516578e+00	1.000000e+00	-5.900344e-03	-4.677783e-04	0.000000e+00	0.000000e+00	6.739805e-05	-6.300724e-03	-1.006785e-04	3.328049e-05
1.630000e+01	1.402269e+01	1.431606e+01	9.588356e+00	1.000000e+00	-6.869204e-03	-4.438407e-04	0.000000e+00	0.000000e+00	8.440388e-05	-7.228641e-03	-1.128609e-04	2.845701e-05
1.640000e+01	1.317063e+01	1.351367e+01	9.648479e+00	1.000000e+00	-7.646975e-03	-4.002477e-04	0.000000e+00	0.000000e+00	9.869158e-05	-7.948532e-03	-1.219569e-04	2.326535e-05
1.650000e+01	1.227926e+01	1.266084e+01	9.696250e+00	1.000000e+00	-8.203185e-03	-3.424617e-04	0.000000e+00	0.000000e+00	1.097803e-04	-8.435866e-03	-1.276248e-04	1.784445e-05
1.660000e+01	1.137285e+01	1.178123e+01	9.731304e+00	1.000000e+00	-8.527680e-03	-2.765113e-04	0.000000e+00	0.000000e+00	1.174909e-04	-8.686701e-03	-1.298298e-04	1.233892e-05
1.670000e+01	1.047408e+01	1.089782e+01	9.753608e+00	1.000000e+00	-8.628307e-03	-2.081443e-04	0.000000e+00	0.000000e+00	1.219095e-04	-8.714542e-03	-1.287967e-04	6.887211e-06
1.680000e+01	9.602675e+00	1.003134e+01	9.763434e+00	1.000000e+00	-8.526975e-03	-1.422314e-04	0.000000e+00	0.000000e+00	1.233280e-04	-8.545878e-03	-1.249406e-04	1.612602e-06
1.690000e+01	8.774632e+00	9.199297e+00	9.761316e+00	1.000000e+00	-8.255049e-03	-8.244228e-05	0.000000e+00	0.000000e+00	1.221761e-04	-8.215315e-03	-1.187932e-04	-3.382905e-06
1.700000e+01	8.001858e+00	8.415330e+00	9.747997e+00	1.000000e+00	-7.848839e-03	-3.115898e-05	0.000000e+00	0.000000e+00	1.189559e-04	-7.761042e-03	-1.109343e-04	-8.021590e-06
1.710000e+01	7.292254e+00	7.689146e+00	9.724373e+00	1.000000e+00	-7.345698e-03	1.043235e-05	0.000000e+00	0.000000e+00	1.141859e-04	-7.221080e-03	-1.019355e-04	-1.225043e-05
1.720000e+01	6.650064e+00	7.026701e+00	9.691433e+00	1.000000e+00	-6.781014e-03	4.214041e-05	0.000000e+00	0.000000e+00	1.083585e-04	-6.630515e-03	-9.231898e-05	-1.603956e-05
1.730000e+01	6.076402e+00	6.430631e+00	9.650215e+00	1.000000e+00	-6.186161e-03	6.451660e-05	0.000000e+00	0.000000e+00	1.019119e-04	-6.019732e-03	-8.253253e-05	-1.937932e-05
1.740000e+01	5.569868e+00	5.900816e+00	9.601757e+00	1.000000e+00	-5.587364e-03	7.859752e-05	0.000000e+00	0.000000e+00	9.521376e-05	-5.413552e-03	-7.293705e-05	-2.227670e-05
1.750000e+01	5.127162e+00	5.434973e+00	9.547064e+00	1.000000e+00	-5.005318e-03	8.567448e-05	0.000000e+00	0.000000e+00	8.855724e-05	-4.831086e-03	-6.380574e-05	-2.475150e-05
1.760000e+01	4.743653e+00	5.029239e+00	9.487087e+00	1.000000e+00	-4.455369e-03	8.711221e-05	0.000000e+00	0.000000e+00	8.216316e-05	-4.286093e-03	-5.533048e-05	-2.683268e-05
1.770000e+01	4.413877e+00	4.678693e+00	9.422700e+00	1.000000e+00	-3.948038e-03	8.422504e-05	0.000000e+00	0.000000e+00	7.618754e-05	-3.787625e-03	-4.763241e-05	-2.855513e-05
1.780000e+01	4.131942e+00	4.377792e+00	9.354693e+00	1.000000e+00	-3.489711e-03	7.820323e-05	0.000000e+00	0.000000e+00	7.073099e-05	-3.340777e-03	-4.077403e-05	-2.995696e-05
1.790000e+01	3.891854e+00	4.120734e+00	9.283763e+00	1.000000e+00	-3.083391e-03	7.007549e-05	0.000000e+00	0.000000e+00	6.584862e-05	-2.947467e-03	-3.477132e-05	-3.107731e-05
1.800000e+01	3.687762e+00	3.901733e+00	9.210522e+00	1.000000e+00	-2.729411e-03	6.069945e-05	0.000000e+00	0.000000e+00	6.155949e-05	-2.607152e-03	-2.960483e-05	-3.195466e-05
1.810000e+01	3.514136e+00	3.715231e+00	9.135489e+00	1.000000e+00	-2.426076e-03	5.077357e-05	0.000000e+00	0.000000e+00	5.785480e-05	-2.317448e-03	-2.522918e-05	-3.262562e-05
1.820000e+01	3.365899e+00	3.556044e+00	9.059104e+00	1.000000e+00	-2.170179e-03	4.085827e-05	0.000000e+00	0.000000e+00	5.470452e-05	-2.074616e-03	-2.158049e-05	-3.312402e-05
1.830000e+01	3.238507e+00	3.419470e+00	8.981732e+00	1.000000e+00	-1.957444e-03	3.139161e-05	0.000000e+00	0.000000e+00	5.206290e-05	-1.873990e-03	-1.858252e-05	-3.348037e-05
1.840000e+01	3.128000e+00	3.301354e+00	8.903672e+00	1.000000e+00	-1.782929e-03	2.269494e-05	0.000000e+00	0.000000e+00	4.987370e-05	-1.710361e-03	-1.615223e-05	-3.372147e-05
1.850000e+01	3.031011e+00	3.198113e+00	8.825162e+00	1.000000e+00	-1.641393e-03	1.497672e-05	0.000000e+00	0.000000e+00	4.807527e-05	-1.578341e-03	-1.420494e-05	-3.387033e-05
1.860000e+01	2.944746e+00	3.106737e+00	8.746395e+00	1.000000e+00	-1.527616e-03	8.344973e-06	0.000000e+00	0.000000e+00	4.660501e-05	-1.472666e-03	-1.265878e-05	-3.394623e-05
1.870000e+01	2.866942e+00	3.024754e+00	8.667521e+00	1.000000e+00	-1.436626e-03	2.829886e-06	0.000000e+00	0.000000e+00	4.540259e-05	-1.388393e-03	-1.143765e-05	-3.396494e-05
1.880000e+01	2.795818e+00	2.950187e+00	8.588657e+00	1.000000e+00	-1.363837e-03	-1.592635e-06	0.000000e+00	0.000000e+00	4.441186e-05	-1.321017e-03	-1.047278e-05	-3.393908e-05
1.890000e+01	2.730015e+00	2.881499e+00	8.509895e+00	1.000000e+00	-1.305136e-03	-4.986920e-06	0.000000e+00	0.000000e+00	4.358204e-05	-1.266541e-03	-9.703600e-06	-3.387844e-05
1.900000e+01	2.668533e+00	2.817538e+00	8.431307e+00	1.000000e+00	-1.256961e-03	-7.454147e-06	0.000000e+00	0.000000e+00	4.286886e-05	-1.221546e-03	-9.078460e-06	-3.379040e-05
1.910000e+01	2.610665e+00	2.757470e+00	8.352950e+00	1.000000e+00	-1.216369e-03	-9.131100e-06	0.000000e+00	0.000000e+00	4.223584e-05	-1.183264e-03	-8.555531e-06	-3.368031e-05
1.920000e+01	2.555924e+00	2.700712e+00	8.274871e+00	1.000000e+00	-1.181089e-03	-1.018175e-05	0.000000e+00	0.000000e+00	4.165529e-05	-1.149616e-03	-8.103313e-06	-3.355198e-05
1.930000e+01	2.503973e+00	2.646859e+00	8.197108e+00	1.000000e+00	-1.149508e-03	-1.077932e-05	0.000000e+00	0.000000e+00	4.110832e-05	-1.119179e-03	-7.700260e-06	-3.340806e-05
1.940000e+01	2.454564e+00	2.595626e+00	8.119696e+00	1.000000e+00	-1.120589e-03	-1.108398e-05	0.000000e+00	0.000000e+00	4.058379e-05	-1.091089e-03	-7.333309e-06	-3.325048e-05
1.950000e+01	2.407494e+00	2.546793e+00	8.042664e+00	1.000000e+00	-1.093741e-03	-1.122418e-05	0.000000e+00	0.000000e+00	4.007636e-05	-1.064889e-03	-6.995618e-06	-3.308074e-05
1.960000e+01	2.362584e+00	2.500172e+00	7.966039e+00	1.000000e+00	-1.068658e-03	-1.128719e-05	0.000000e+00	0.000000e+00	3.958422e-05	-1.040361e-03	-6.684076e-06	-3.290014e-05
1.970000e+01	2.319661e+00	2.455591e+00	7.889845e+00	1.000000e+00	-1.045179e-03	-1.132016e-05	0.000000e+00	0.000000e+00	3.910702e-05	-1.017392e-03	-6.397163e-06	-3.270986e-05
1.980000e+01	2.278563e+00	2.412885e+00	7.814103e+00	1.000000e+00	-1.023188e-03	-1.133894e-05	0.000000e+00	0.000000e+00	3.864450e-05	-9.958824e-04	-6.133493e-06	-3.251101e-05
1.990000e+01	2.239141e+00	2.371904e+00	7.738832e+00	1.000000e+00	-1.002551e-03	-1.134024e-05	0.000000e+00	0.000000e+00	3.819572e-05	-9.756960e-04	-5.891112e-06	-3.230461e-05
2.000000e+01	2.201265e+00	2.332509e+00	7.664048e+00	1.000000e+00	-9.831051e-04	-1.131336e-05	0.000000e+00	0.000000e+00	3.775899e-05	-9.566595e-04	-5.667399e-06	-3.209160e-05
2.010000e+01	2.164825e+00	2.294585e+00	7.589765e+00	1.000000e+00	-9.646608e-04	-1.124871e-05	0.000000e+00	0.000000e+00	3.733210e-05	-9.385774e-04	-5.459348e-06	-3.187275e-05
2.020000e+01	2.129732e+00	2.258035e+00	7.515998e+00	1.000000e+00	-9.470293e-04	-1.114243e-05	0.000000e+00	0.000000e+00	3.691271e-05	-9.212590e-04	-5.263980e-06	-3.164873e-05
2.030000e+01	2.095917e+00	2.222781e+00	7.442756e+00	1.000000e+00	-9.300428e-04	-1.099756e-05	0.000000e+00	0.000000e+00	3.649879e-05	-9.045415e-04	-5.078721e-06	-3.142007e-05
2.040000e+01	2.063322e+00	2.188761e+00	7.370050e+00	1.000000e+00	-9.135712e-04	-1.082283e-05	0.000000e+00	0.000000e+00	3.608885e-05	-8.883052e-04	-4.901641e-06	-3.118721e-05
2.050000e+01	2.031899e+00	2.155924e+00	7.297889e+00	1.000000e+00	-8.975302e-04	-1.063023e-05	0.000000e+00	0.000000e+00	3.568206e-05	-8.724784e-04	-4.731544e-06	-3.095051e-05
2.060000e+01	2.001604e+00	2.124225e+00	7.226282e+00	1.000000e+00	-8.818797e-04	-1.043253e-05	0.000000e+00	0.000000e+00	3.527821e-05	-8.570340e-04	-4.567909e-06	-3.071030e-05
2.070000e+01	1.972391e+00	2.093620e+00	7.155237e+00	1.000000e+00	-8.666167e-04	-1.024115e-05	0.000000e+00	0.000000e+00	3.487764e-05	-8.419802e-04	-4.410754e-06	-3.046689e-05
2.080000e+01	1.944213e+00	2.064063e+00	7.084761e+00	1.000000e+00	-8.517646e-04	-1.006485e-05	0.000000e+00	0.000000e+00	3.448103e-05	-8.273484e-04	-4.260449e-06	-3.022058e-05
2.090000e+01	1.917017e+00	2.035506e+00	7.014860e+00	1.000000e+00	-8.373614e-04	-9.909179e-06	0.000000e+00	0.000000e+00	3.408926e-05	-8.131813e-04	-4.117537e-06	-2.997172e-05
2.100000e+01	1.890750e+00	2.007897e+00	6.945539e+00	1.000000e+00	-8.234491e-04	-9.776519e-06	0.000000e+00	0.000000e+00	3.370323e-05	-7.995224e-04	-3.982575e-06	-2.972066e-05
2.110000e+01	1.865351e+00	1.981179e+00	6.876804e+00	1.000000e+00	-8.100658e-04	-9.666581e-06	0.000000e+00	0.000000e+00	3.332376e-05	-7.864086e-04	-3.856016e-06	-2.946774e-05
2.120000e+01	1.840761e+00	1.955295e+00	6.808658e+00	1.000000e+00	-7.972395e-04	-9.577075e-06	0.000000e+00	0.000000e+00	3.295150e-05	-7.738650e-04	-3.738141e-06	-2.921336e-05
2.130000e+01	1.816918e+00	1.930185e+00	6.741104e+00	1.000000e+00	-7.849856e-04	-9.504452e-06	0.000000e+00	0.000000e+00	3.258691e-05	-7.619031e-04	-3.629027e-06	-2.895789e-05
2.140000e+01	1.793761e+00	1.905789e+00	6.674144e+00	1.000000e+00	-7.733059e-04	-9.444566e-06	0.000000e+00	0.000000e+00	3.223023e-05	-7.505203e-04	-3.528544e-06	-2.870169e-05
2.150000e+01	1.771234e+00	1.882049e+00	6.607780e+00	1.000000e+00	-7.621895e-04	-9.393209e-06	0.000000e+00	0.000000e+00	3.188150e-05	-7.397012e-04	-3.436379e-06	-2.844512e-05
2.160000e+01	1.749281e+00	1.858911e+00	6.542012e+00	1.000000e+00	-7.516144e-04	-9.346496e-06	0.000000e+00	0.000000e+00	3.154059e-05	-7.294203e-04	-3.352071e-06	-2.818852e-05
2.170000e+01	1.727851e+00	1.836323e+00	6.476840e+00	1.000000e+00	-7.415502e-04	-9.301102e-06	0.000000e+00	0.000000e+00	3.120725e-05	-7.196440e-04	-3.275052e-06	-2.793220e-05
2.180000e+01	1.706898e+00	1.814236e+00	6.412262e+00	1.000000e+00	-7.319607e-04	-9.254372e-06	0.000000e+00	0.000000e+00	3.088112e-05	-7.103339e-04	-3.204684e-06	-2.767644e-05
2.190000e+01	1.686381e+00	1.792609e+00	6.348278e+00	1.000000e+00	-7.228060e-04	-9.204347e-06	0.000000e+00	0.000000e+00	3.056178e-05	-7.014485e-04	-3.140299e-06	-2.742148e-05
2.200000e+01	1.666262e+00	1.771402e+00	6.284884e+00	1.000000e+00	-7.140451e-04	-9.149713e-06	0.000000e+00	0.000000e+00	3.024878e-05	-6.929460e-04	-3.081227e-06	-2.716755e-05
2.210000e+01	1.646509e+00	1.750581e+00	6.222079e+00	1.000000e+00	-7.056373e-04	-9.089718e-06	0.000000e+00	0.000000e+00	2.994166e-05	-6.847854e-04	-3.026821e-06	-2.691484e-05
2.220000e+01	1.627094e+00	1.730118e+00	6.159859e+00	1.000000e+00	-6.975436e-04	-9.024069e-06	0.000000e+00	0.000000e+00	2.963997e-05	-6.769277e-04	-2.976473e-06	-2.666350e-05
2.230000e+01	1.607992e+00	1.709985e+00	6.098222e+00	1.000000e+00	-6.897277e-04	-8.952826e-06	0.000000e+00	0.000000e+00	2.934330e-05	-6.693373e-04	-2.929626e-06	-2.641367e-05
2.240000e+01	1.589184e+00	1.690161e+00	6.037162e+00	1.000000e+00	-6.821565e-04	-8.876306e-06	0.000000e+00	0.000000e+00	2.905125e-05	-6.619816e-04	-2.885780e-06	-2.616547e-05
2.250000e+01	1.570650e+00	1.670628e+00	5.976677e+00	1.000000e+00	-6.748003e-04	-8.794992e-06	0.000000e+00	0.000000e+00	2.876347e-05	-6.548318e-04	-2.844493e-06	-2.591897e-05
2.260000e+01	1.552377e+00	1.651368e+00	5.916763e+00	1.000000e+00	-6.676329e-04	-8.709467e-06	0.000000e+00	0.000000e+00	2.847965e-05	-6.478627e-04	-2.805380e-06	-2.567427e-05
2.270000e+01	1.534351e+00	1.632368e+00	5.857415e+00	1.000000e+00	-6.606317e-04	-8.620356e-06	0.000000e+00	0.000000e+00	2.819951e-05	-6.410526e-04	-2.768111e-06	-2.543140e-05
2.280000e+01	1.516562e+00	1.613617e+00	5.798629e+00	1.000000e+00	-6.537773e-04	-8.528284e-06	0.000000e+00	0.000000e+00	2.792282e-05	-6.343828e-04	-2.732404e-06	-2.519042e-05
2.290000e+01	1.499000e+00	1.595105e+00	5.740400e+00	1.000000e+00	-6.470532e-04	-8.433850e-06	0.000000e+00	0.000000e+00	2.764938e-05	-6.278376e-04	-2.698025e-06	-2.495136e-05
2.300000e+01	1.481658e+00	1.576824e+00	5.682724e+00	1.000000e+00	-6.404454e-04	-8.337610e-06	0.000000e+00	0.000000e+00	2.737901e-05	-6.214040e-04	-2.664778e-06	-2.471424e-05
2.310000e+01	1.464530e+00	1.558765e+00	5.625597e+00	1.000000e+00	-6.339423e-04	-8.240060e-06	0.000000e+00	0.000000e+00	2.711157e-05	-6.150708e-04	-2.632500e-06	-2.447907e-05
2.320000e+01	1.447608e+00	1.540924e+00	5.569013e+00	1.000000e+00	-6.275345e-04	-8.141640e-06	0.000000e+00	0.000000e+00	2.684693e-05	-6.088292e-04	-2.601057e-06	-2.424588e-05
2.330000e+01	1.430889e+00	1.523295e+00	5.512969e+00	1.000000e+00	-6.212138e-04	-8.042728e-06	0.000000e+00	0.000000e+00	2.658499e-05	-6.026716e-04	-2.570342e-06	-2.401465e-05
2.340000e+01	1.414369e+00	1.505872e+00	5.457460e+00	1.000000e+00	-6.149739e-04	-7.943646e-06	0.000000e+00	0.000000e+00	2.632566e-05	-5.965919e-04	-2.540267e-06	-2.378540e-05
2.350000e+01	1.398042e+00	1.488653e+00	5.402481e+00	1.000000e+00	-6.088095e-04	-7.844662e-06	0.000000e+00	0.000000e+00	2.606887e-05	-5.905853e-04	-2.510760e-06	-2.355811e-05
2.360000e+01	1.381906e+00	1.471634e+00	5.348027e+00	1.000000e+00	-6.027161e-04	-7.745999e-06	0.000000e+00	0.000000e+00	2.581455e-05	-5.846475e-04	-2.481765e-06	-2.333279e-05
2.370000e+01	1.365958e+00	1.454810e+00	5.294095e+00	1.000000e+00	-5.966902e-04	-7.647836e-06	0.000000e+00	0.000000e+00	2.556266e-05	-5.787753e-04	-2.453235e-06	-2.310942e-05
2.380000e+01	1.350195e+00	1.438179e+00	5.240679e+00	1.000000e+00	-5.907289e-04	-7.550320e-06	0.000000e+00	0.000000e+00	2.531314e-05	-5.729661e-04	-2.425132e-06	-2.288800e-05
2.390000e+01	1.334614e+00	1.421739e+00	5.187775e+00	1.000000e+00	-5.848298e-04	-7.453566e-06	0.000000e+00	0.000000e+00	2.506595e-05	-5.672174e-04	-2.397429e-06	-2.266852e-05
2.400000e+01	1.319212e+00	1.405486e+00	5.135378e+00	1.000000e+00	-5.789910e-04	-7.357663e-06	0.000000e+00	0.000000e+00	2.482106e-05	-5.615276e-04	-2.370100e-06	-2.245096e-05
2.410000e+01	1.303988e+00	1.389419e+00	5.083485e+00	1.000000e+00	-5.732108e-04	-7.262682e-06	0.000000e+00	0.000000e+00	2.457845e-05	-5.558951e-04	-2.343127e-06	-2.223532e-05
2.420000e+01	1.288939e+00	1.373534e+00	5.032090e+00	1.000000e+00	-5.674879e-04	-7.168673e-06	0.000000e+00	0.000000e+00	2.433807e-05	-5.503185e-04	-2.316493e-06	-2.202158e-05
2.430000e+01	1.274062e+00	1.357829e+00	4.981190e+00	1.000000e+00	-5.618210e-04	-7.075677e-06	0.000000e+00	0.000000e+00	2.409992e-05	-5.447968e-04	-2.290186e-06	-2.180973e-05
2.440000e+01	1.259356e+00	1.342303e+00	4.930779e+00	1.000000e+00	-5.562093e-04	-6.983719e-06	0.000000e+00	0.000000e+00	2.386395e-05	-5.393290e-04	-2.264196e-06	-2.159975e-05
2.450000e+01	1.244819e+00	1.326953e+00	4.880854e+00	1.000000e+00	-5.506517e-04	-6.892819e-06	0.000000e+00	0.000000e+00	2.363015e-05	-5.339143e-04	-2.238513e-06	-2.139164e-05
2.460000e+01	1.230448e+00	1.311777e+00	4.831410e+00	1.000000e+00	-5.451475e-04	-6.802988e-06	0.000000e+00	0.000000e+00	2.339850e-05	-5.285520e-04	-2.213130e-06	-2.118537e-05
2.470000e+01	1.216242e+00	1.296774e+00	4.782443e+00	1.000000e+00	-5.396961e-04	-6.714231e-06	0.000000e+00	0.000000e+00	2.316898e-05	-5.232414e-04	-2.188041e-06	-2.098094e-05
2.480000e+01	1.202199e+00	1.281940e+00	4.733949e+00	1.000000e+00	-5.342968e-04	-6.626550e-06	0.000000e+00	0.000000e+00	2.294157e-05	-5.179818e-04	-2.163240e-06	-2.077833e-05
2.490000e+01	1.188316e+00	1.267274e+00	4.685923e+00	1.000000e+00	-5.289491e-04	-6.539943e-06	0.000000e+00	0.000000e+00	2.271625e-05	-5.127728e-04	-2.138722e-06	-2.057753e-05
2.500000e+01	1.174593e+00	1.252775e+00	4.638361e+00	1.000000e+00	-5.236523e-04	-6.454405e-06	0.000000e+00	0.000000e+00	2.249300e-05	-5.076137e-04	-2.114482e-06	-2.037852e-05
2.510000e+01	1.161026e+00	1.238440e+00	4.591260e+00	1.000000e+00	-5.184059e-04	-6.369931e-06	0.000000e+00	0.000000e+00	2.227181e-05	-5.025041e-04	-2.090517e-06	-2.018129e-05
2.520000e+01	1.147616e+00	1.224267e+00	4.544614e+00	1.000000e+00	-5.132096e-04	-6.286512e-06	0.000000e+00	0.000000e+00	2.205266e-05	-4.974434e-04	-2.066823e-06	-1.998583e-05
2.530000e+01	1.134358e+00	1.210255e+00	4.498421e+00	1.000000e+00	-5.080626e-04	-6.204139e-06	0.000000e+00	0.000000e+00	2.183552e-05	-4.924313e-04	-2.043395e-06	-1.979213e-05
2.540000e+01	1.121253e+00	1.196402e+00	4.452676e+00	1.000000e+00	-5.029648e-04	-6.122802e-06	0.000000e+00	0.000000e+00	2.162039e-05	-4.874672e-04	-2.020231e-06	-1.960016e-05
2.550000e+01	1.108298e+00	1.182706e+00	4.407374e+00	1.000000e+00	-4.979154e-04	-6.042490e-06	0.000000e+00	0.000000e+00	2.140725e-05	-4.825507e-04	-1.997328e-06	-1.940992e-05
2.560000e+01	1.095491e+00	1.169165e+00	4.362512e+00	1.000000e+00	-4.929142e-04	-5.963194e-06	0.000000e+00	0.000000e+00	2.119607e-05	-4.776814e-04	-1.974682e-06	-1.922139e-05
2.570000e+01	1.082831e+00	1.155778e+00	4.318086e+00	1.000000e+00	-4.879607e-04	-5.884901e-06	0.000000e+00	0.000000e+00	2.098685e-05	-4.728588e-04	-1.952290e-06	-1.903456e-05
2.580000e+01	1.070316e+00	1.142543e+00	4.274092e+00	1.000000e+00	-4.830545e-04	-5.807600e-06	0.000000e+00	0.000000e+00	2.077957e-05	-4.680825e-04	-1.930149e-06	-1.884942e-05
2.590000e+01	1.057944e+00	1.129457e+00	4.230526e+00	1.000000e+00	-4.781951e-04	-5.731279e-06	0.000000e+00	0.000000e+00	2.057421e-05	-4.633522e-04	-1.908257e-06	-1.866595e-05
2.600000e+01	1.045715e+00	1.116520e+00	4.187384e+00	1.000000e+00	-4.733822e-04	-5.655928e-06	0.000000e+00	0.000000e+00	2.037076e-05	-4.586673e-04	-1.886611e-06	-1.848415e-05
2.610000e+01	1.033625e+00	1.103730e+00	4.144663e+00	1.000000e+00	-4.686152e-04	-5.581534e-06	0.000000e+00	0.000000e+00	2.016919e-05	-4.540276e-04	-1.865207e-06	-1.830398e-05
2.620000e+01	1.021674e+00	1.091085e+00	4.102358e+00	1.000000e+00	-4.638939e-04	-5.508087e-06	0.000000e+00	0.000000e+00	1.996950e-05	-4.494325e-04	-1.844044e-06	-1.812546e-05
2.630000e+01	1.009860e+00	1.078584e+00	4.060466e+00	1.000000e+00	-4.592177e-04	-5.435574e-06	0.000000e+00	0.000000e+00	1.977167e-05	-4.448816e-04	-1.823118e-06	-1.794855e-05
2.640000e+01	9.981819e-01	1.066224e+00	4.018983e+00	1.000000e+00	-4.545864e-04	-5.363984e-06	0.000000e+00	0.000000e+00	1.957567e-05	-4.403747e-04	-1.802427e-06	-1.777325e-05
2.650000e+01	9.866374e-01	1.054004e+00	3.977905e+00	1.000000e+00	-4.499995e-04	-5.293306e-06	0.000000e+00	0.000000e+00	1.938151e-05	-4.359113e-04	-1.781968e-06	-1.759954e-05
2.660000e+01	9.752252e-01	1.041924e+00	3.937229e+00	1.000000e+00	-4.454566e-04	-5.223530e-06	0.000000e+00	0.000000e+00	1.918916e-05	-4.314910e-04	-1.761739e-06	-1.742742e-05
2.670000e+01	9.639440e-01	1.029980e+00	3.896951e+00	1.000000e+00	-4.409573e-04	-5.154642e-06	0.000000e+00	0.000000e+00	1.899861e-05	-4.271134e-04	-1.741736e-06	-1.725687e-05
2.680000e+01	9.527923e-01	1.018172e+00	3.857067e+00	1.000000e+00	-4.365013e-04	-5.086634e-06	0.000000e+00	0.000000e+00	1.880983e-05	-4.227781e-04	-1.721959e-06	-1.708787e-05
2.690000e+01	9.417684e-01	1.006498e+00	3.817574e+00	1.000000e+00	-4.320881e-04	-5.019494e-06	0.000000e+00	0.000000e+00	1.862283e-05	-4.184848e-04	-1.702403e-06	-1.692042e-05
2.700000e+01	9.308711e-01	9.949572e-01	3.778468e+00	1.000000e+00	-4.277174e-04	-4.953211e-06	0.000000e+00	0.000000e+00	1.843757e-05	-4.142331e-04	-1.683067e-06	-1.675451e-05
2.710000e+01	9.200988e-01	9.835471e-01	3.739745e+00	1.000000e+00	-4.233888e-04	-4.887774e-06	0.000000e+00	0.000000e+00	1.825406e-05	-4.100225e-04	-1.663948e-06	-1.659011e-05
2.720000e+01	9.094502e-01	9.722665e-01	3.701403e+00	1.000000e+00	-4.191020e-04	-4.823174e-06	0.000000e+00	0.000000e+00	1.807226e-05	-4.058529e-04	-1.645044e-06	-1.642722e-05
2.730000e+01	8.989238e-01	9.611142e-01	3.663437e+00	1.000000e+00	-4.148564e-04	-4.759400e-06	0.000000e+00	0.000000e+00	1.789217e-05	-4.017237e-04	-1.626352e-06	-1.626582e-05
2.740000e+01	8.885182e-01	9.500885e-01	3.625844e+00	1.000000e+00	-4.106519e-04	-4.696441e-06	0.000000e+00	0.000000e+00	1.771378e-05	-3.976346e-04	-1.607870e-06	-1.610591e-05
2.750000e+01	8.782321e-01	9.391882e-01	3.588621e+00	1.000000e+00	-4.064880e-04	-4.634288e-06	0.000000e+00	0.000000e+00	1.753706e-05	-3.935852e-04	-1.589596e-06	-1.594747e-05
2.760000e+01	8.680641e-01	9.284117e-01	3.551765e+00	1.000000e+00	-4.023643e-04	-4.572931e-06	0.000000e+00	0.000000e+00	1.736201e-05	-3.895752e-04	-1.571527e-06	-1.579049e-05
2.770000e+01	8.580129e-01	9.177578e-01	3.515271e+00	1.000000e+00	-3.982805e-04	-4.512359e-06	0.000000e+00	0.000000e+00	1.718861e-05	-3.856043e-04	-1.553662e-06	-1.563495e-05
2.780000e+01	8.480771e-01	9.072250e-01	3.479137e+00	1.000000e+00	-3.942363e-04	-4.452563e-06	0.000000e+00	0.000000e+00	1.701685e-05	-3.816720e-04	-1.535997e-06	-1.548085e-05
2.790000e+01	8.382554e-01	8.968119e-01	3.443359e+00	1.000000e+00	-3.902312e-04	-4.393534e-06	0.000000e+00	0.000000e+00	1.684670e-05	-3.777781e-04	-1.518531e-06	-1.532817e-05
2.800000e+01	8.285466e-01	8.865173e-01	3.407934e+00	1.000000e+00	-3.862650e-04	-4.335261e-06	0.000000e+00	0.000000e+00	1.667817e-05	-3.739221e-04	-1.501261e-06	-1.517691e-05
2.810000e+01	8.189493e-01	8.763398e-01	3.372858e+00	1.000000e+00	-3.823373e-04	-4.277736e-06	0.000000e+00	0.000000e+00	1.651123e-05	-3.701038e-04	-1.484185e-06	-1.502704e-05
2.820000e+01	8.094623e-01	8.662780e-01	3.338130e+00	1.000000e+00	-3.784477e-04	-4.220948e-06	0.000000e+00	0.000000e+00	1.634587e-05	-3.663227e-04	-1.467302e-06	-1.487857e-05
2.830000e+01	8.000843e-01	8.563307e-01	3.303744e+00	1.000000e+00	-3.745958e-04	-4.164890e-06	0.000000e+00	0.000000e+00	1.618208e-05	-3.625786e-04	-1.450609e-06	-1.473147e-05
2.840000e+01	7.908141e-01	8.464965e-01	3.269698e+00	1.000000e+00	-3.707815e-04	-4.109552e-06	0.000000e+00	0.000000e+00	1.601984e-05	-3.588712e-04	-1.434103e-06	-1.458574e-05
2.850000e+01	7.816504e-01	8.367743e-01	3.235990e+00	1.000000e+00	-3.670042e-04	-4.054924e-06	0.000000e+00	0.000000e+00	1.585914e-05	-3.552000e-04	-1.417783e-06	-1.444136e-05
2.860000e+01	7.725921e-01	8.271627e-01	3.202615e+00	1.000000e+00	-3.632637e-04	-4.000999e-06	0.000000e+00	0.000000e+00	1.569997e-05	-3.515647e-04	-1.401647e-06	-1.429832e-05
2.870000e+01	7.636379e-01	8.176605e-01	3.169571e+00	1.000000e+00	-3.595596e-04	-3.947767e-06	0.000000e+00	0.000000e+00	1.554231e-05	-3.479651e-04	-1.385692e-06	-1.415662e-05
2.880000e+01	7.547866e-01	8.082665e-01	3.136854e+00	1.000000e+00	-3.558917e-04	-3.895220e-06	0.000000e+00	0.000000e+00	1.538615e-05	-3.444008e-04	-1.369918e-06	-1.401623e-05
2.890000e+01	7.460372e-01	7.989794e-01	3.104462e+00	1.000000e+00	-3.522595e-04	-3.843348e-06	0.000000e+00	0.000000e+00	1.523148e-05	-3.408714e-04	-1.354320e-06	-1.387716e-05
2.900000e+01	7.373883e-01	7.897981e-01	3.072391e+00	1.000000e+00	-3.486628e-04	-3.792145e-06	0.000000e+00	0.000000e+00	1.507828e-05	-3.373767e-04	-1.338899e-06	-1.373939e-05
2.910000e+01	7.288390e-01	7.807213e-01	3.040639e+00	1.000000e+00	-3.451013e-04	-3.741601e-06	0.000000e+00	0.000000e+00	1.492655e-05	-3.339163e-04	-1.323651e-06	-1.360290e-05
2.920000e+01	7.203879e-01	7.717479e-01	3.009203e+00	1.000000e+00	-3.415745e-04	-3.691708e-06	0.000000e+00	0.000000e+00	1.477626e-05	-3.304900e-04	-1.308575e-06	-1.346769e-05
2.930000e+01	7.120341e-01	7.628767e-01	2.978079e+00	1.000000e+00	-3.380823e-04	-3.642458e-06	0.000000e+00	0.000000e+00	1.462741e-05	-3.270973e-04	-1.293669e-06	-1.333374e-05
2.940000e+01	7.037764e-01	7.541066e-01	2.947264e+00	1.000000e+00	-3.346242e-04	-3.593843e-06	0.000000e+00	0.000000e+00	1.447999e-05	-3.237380e-04	-1.278930e-06	-1.320106e-05
2.950000e+01	6.956137e-01	7.454364e-01	2.916757e+00	1.000000e+00	-3.312000e-04	-3.545855e-06	0.000000e+00	0.000000e+00	1.433397e-05	-3.204119e-04	-1.264358e-06	-1.306961e-05
2.960000e+01	6.875450e-01	7.368650e-01	2.886553e+00	1.000000e+00	-3.278093e-04	-3.498487e-06	0.000000e+00	0.000000e+00	1.418935e-05	-3.171185e-04	-1.249951e-06	-1.293940e-05
2.970000e+01	6.795691e-01	7.283912e-01	2.856650e+00	1.000000e+00	-3.244519e-04	-3.451730e-06	0.000000e+00	0.000000e+00	1.404612e-05	-3.138575e-04	-1.235705e-06	-1.281042e-05
2.980000e+01	6.716850e-01	7.200141e-01	2.827046e+00	1.000000e+00	-3.211275e-04	-3.405576e-06	0.000000e+00	0.000000e+00	1.390426e-05	-3.106288e-04	-1.221620e-06	-1.268264e-05
2.990000e+01	6.638917e-01	7.117324e-01	2.797736e+00	1.000000e+00	-3.178357e-04	-3.360019e-06	0.000000e+00	0.000000e+00	1.376377e-05	-3.074319e-04	-1.207695e-06	-1.255608e-05
3.000000e+01	6.561881e-01	7.035451e-01	2.768720e+00	1.000000e+00	-3.145762e-04	-3.315051e-06	0.000000e+00	0.000000e+00	1.362462e-05	-3.042666e-04	-1.193926e-06	-1.243070e-05
3.010000e+01	6.485732e-01	6.954512e-01	2.739993e+00	1.000000e+00	-3.113488e-04	-3.270665e-06	0.000000e+00	0.000000e+00	1.348682e-05	-3.011326e-04	-1.180312e-06	-1.230651e-05
3.020000e+01	6.410460e-01	6.874496e-01	2.711553e+00	1.000000e+00	-3.081531e-04	-3.226852e-06	0.000000e+00	0.000000e+00	1.335034e-05	-2.980297e-04	-1.166852e-06	-1.218348e-05
3.030000e+01	6.336054e-01	6.795393e-01	2.683398e+00	1.000000e+00	-3.049889e-04	-3.183607e-06	0.000000e+00	0.000000e+00	1.321517e-05	-2.949574e-04	-1.153544e-06	-1.206162e-05
3.040000e+01	6.262506e-01	6.717191e-01	2.655524e+00	1.000000e+00	-3.018559e-04	-3.140921e-06	0.000000e+00	0.000000e+00	1.308130e-05	-2.919155e-04	-1.140387e-06	-1.194092e-05
3.050000e+01	6.189804e-01	6.639882e-01	2.627929e+00	1.000000e+00	-2.987537e-04	-3.098788e-06	0.000000e+00	0.000000e+00	1.294873e-05	-2.889038e-04	-1.127377e-06	-1.182135e-05
3.060000e+01	6.117941e-01	6.563455e-01	2.600611e+00	1.000000e+00	-2.956822e-04	-3.057201e-06	0.000000e+00	0.000000e+00	1.281744e-05	-2.859219e-04	-1.114515e-06	-1.170292e-05
3.070000e+01	6.046905e-01	6.487899e-01	2.573567e+00	1.000000e+00	-2.926409e-04	-3.016153e-06	0.000000e+00	0.000000e+00	1.268741e-05	-2.829697e-04	-1.101798e-06	-1.158562e-05
3.080000e+01	5.976688e-01	6.413206e-01	2.546793e+00	1.000000e+00	-2.896297e-04	-2.975637e-06	0.000000e+00	0.000000e+00	1.255864e-05	-2.800467e-04	-1.089224e-06	-1.146942e-05
3.090000e+01	5.907279e-01	6.339366e-01	2.520288e+00	1.000000e+00	-2.866483e-04	-2.935647e-06	0.000000e+00	0.000000e+00	1.243112e-05	-2.771528e-04	-1.076792e-06	-1.135433e-05
3.100000e+01	5.838671e-01	6.266368e-01	2.494050e+00	1.000000e+00	-2.836963e-04	-2.896176e-06	0.000000e+00	0.000000e+00	1.230483e-05	-2.742876e-04	-1.064501e-06	-1.124033e-05
3.110000e+01	5.770854e-01	6.194203e-01	2.468074e+00	1.000000e+00	-2.807735e-04	-2.857218e-06	0.000000e+00	0.000000e+00	1.217977e-05	-2.714509e-04	-1.052349e-06	-1.112742e-05
3.120000e+01	5.703818e-01	6.122863e-01	2.442360e+00	1.000000e+00	-2.778796e-04	-2.818765e-06	0.000000e+00	0.000000e+00	1.205591e-05	-2.686425e-04	-1.040334e-06	-1.101558e-05
3.130000e+01	5.637555e-01	6.052336e-01	2.416904e+00	1.000000e+00	-2.750144e-04	-2.780812e-06	0.000000e+00	0.000000e+00	1.193326e-05	-2.658620e-04	-1.028455e-06	-1.090481e-05
3.140000e+01	5.572056e-01	5.982616e-01	2.391705e+00	1.000000e+00	-2.721776e-04	-2.743352e-06	0.000000e+00	0.000000e+00	1.181180e-05	-2.631092e-04	-1.016710e-06	-1.079509e-05
3.150000e+01	5.507312e-01	5.913691e-01	2.366759e+00	1.000000e+00	-2.693690e-04	-2.706380e-06	0.000000e+00	0.000000e+00	1.169152e-05	-2.603838e-04	-1.005098e-06	-1.068642e-05
3.160000e+01	5.443315e-01	5.845554e-01	2.342064e+00	1.000000e+00	-2.665882e-04	-2.669888e-06	0.000000e+00	0.000000e+00	1.157241e-05	-2.576856e-04	-9.936167e-07	-1.057879e-05
3.170000e+01	5.380056e-01	5.778195e-01	2.317618e+00	1.000000e+00	-2.638350e-04	-2.633872e-06	0.000000e+00	0.000000e+00	1.145446e-05	-2.550144e-04	-9.822655e-07	-1.047219e-05
3.180000e+01	5.317527e-01	5.711606e-01	2.293418e+00	1.000000e+00	-2.611091e-04	-2.598324e-06	0.000000e+00	0.000000e+00	1.133765e-05	-2.523698e-04	-9.710428e-07	-1.036661e-05
3.190000e+01	5.255719e-01	5.645777e-01	2.269462e+00	1.000000e+00	-2.584104e-04	-2.563240e-06	0.000000e+00	0.000000e+00	1.122199e-05	-2.497516e-04	-9.599470e-07	-1.026204e-05
3.200000e+01	5.194624e-01	5.580701e-01	2.245748e+00	1.000000e+00	-2.557385e-04	-2.528613e-06	0.000000e+00	0.000000e+00	1.110745e-05	-2.471596e-04	-9.489767e-07	-1.015847e-05
