TIME          	MC CONC       	STS CONC      	HTS CONC      	SED CONC      	ADV dm/dt     	DISP dm/dt    	DECAY dm/dt   	SORPTION dm/dt	STORAGE dm/dt 	MC dm/dt      	STS dm/dt     	HTS dm/dt     
(hr)          	mg/L          	mg/L          	mg/L          	mg/L          	(mg/L)·(m²/s)  	(mg/L)·(m²/s)  	(mg/L)·(m²/s)  	(mg/L)·(m²/s)  	(mg/L)·(m²/s)  	(mg/L)·(m²/s)  	(mg/L)·(m²/s)  	(mg/L)·(m²/s)  
0.000000e+000	4.523788e-003	4.523788e-003	4.523788e-003	0.000000e+000	6.013625e-004	1.220606e-007	0.000000e+000	0.000000e+000	0.000000e+000	6.014846e-004	0.000000e+000	0.000000e+000
2.000000e-003	4.523788e-003	4.523788e-003	4.523788e-003	1.000000e+000	6.013625e-004	1.220606e-007	0.000000e+000	0.000000e+000	-4.503168e-019	6.014846e-004	4.327093e-019	1.760757e-020
4.000000e-003	4.523788e-003	4.523788e-003	4.523788e-003	1.000000e+000	6.013625e-004	1.220606e-007	0.000000e+000	0.000000e+000	-4.763315e-019	6.014846e-004	4.645931e-019	1.173838e-020
6.000000e-003	4.523788e-003	4.523788e-003	4.523788e-003	1.000000e+000	6.013625e-004	1.220606e-007	0.000000e+000	0.000000e+000	-4.769735e-019	6.014846e-004	4.691479e-019	7.825585e-021
8.000000e-003	4.523788e-003	4.523788e-003	4.523788e-003	1.000000e+000	6.013625e-004	1.220606e-007	0.000000e+000	0.000000e+000	-5.004200e-019	6.014846e-004	4.828124e-019	1.760757e-020
1.000000e-002	4.523788e-003	4.523788e-003	4.523788e-003	1.000000e+000	6.013625e-004	1.220606e-007	0.000000e+000	0.000000e+000	1.152797e-018	6.014846e-004	-9.610701e-019	-1.917268e-019
1.200000e-002	4.523788e-003	4.523788e-003	4.523788e-003	1.000000e+000	6.013625e-004	1.220606e-007	0.000000e+000	0.000000e+000	3.953471e-016	6.014846e-004	-3.524394e-016	-4.290768e-017
1.400000e-002	4.523788e-003	4.523788e-003	4.523788e-003	1.000000e+000	6.013625e-004	1.220605e-007	0.000000e+000	0.000000e+000	2.265448e-014	6.014846e-004	-2.054001e-014	-2.114471e-015
1.600000e-002	4.523788e-003	4.523788e-003	4.523788e-003	1.000000e+000	6.013625e-004	1.220585e-007	0.000000e+000	0.000000e+000	4.797003e-013	6.014846e-004	-4.407955e-013	-3.890476e-014
1.800000e-002	4.523788e-003	4.523788e-003	4.523788e-003	1.000000e+000	6.013624e-004	1.220419e-007	0.000000e+000	0.000000e+000	5.050506e-012	6.014845e-004	-4.689951e-012	-3.605549e-013
2.000000e-002	4.523784e-003	4.523787e-003	4.523784e-003	1.000000e+000	6.013618e-004	1.219599e-007	0.000000e+000	0.000000e+000	3.220074e-011	6.014838e-004	-3.014808e-011	-2.052663e-012
2.200000e-002	4.523767e-003	4.523779e-003	4.523769e-003	1.000000e+000	6.013594e-004	1.216782e-007	0.000000e+000	0.000000e+000	1.421533e-010	6.014812e-004	-1.339470e-010	-8.206315e-012
2.400000e-002	4.523709e-003	4.523752e-003	4.523715e-003	1.000000e+000	6.013512e-004	1.209395e-007	0.000000e+000	0.000000e+000	4.765528e-010	6.014726e-004	-4.513142e-010	-2.523861e-011
2.600000e-002	4.523555e-003	4.523672e-003	4.523569e-003	1.000000e+000	6.013294e-004	1.193697e-007	0.000000e+000	0.000000e+000	1.293512e-009	6.014501e-004	-1.230003e-009	-6.350858e-011
2.800000e-002	4.523214e-003	4.523475e-003	4.523242e-003	1.000000e+000	6.012818e-004	1.172452e-007	0.000000e+000	0.000000e+000	2.866343e-009	6.014020e-004	-2.740930e-009	-1.254126e-010
3.000000e-002	4.523015e-003	4.523170e-003	4.522983e-003	1.000000e+000	6.012595e-004	1.354609e-007	0.000000e+000	0.000000e+000	1.481460e-009	6.013964e-004	-1.624393e-009	1.429322e-010
3.200000e-002	4.530582e-003	4.524885e-003	4.529360e-003	1.000000e+000	6.023890e-004	4.292774e-007	0.000000e+000	0.000000e+000	-6.534900e-008	6.027529e-004	5.983725e-008	5.511748e-009
3.400000e-002	4.611105e-003	4.551177e-003	4.600575e-003	1.000000e+000	6.141493e-004	2.564302e-006	0.000000e+000	0.000000e+000	-6.769119e-007	6.160367e-004	6.294113e-007	4.750056e-008
3.600000e-002	5.094349e-003	4.736339e-003	5.038776e-003	1.000000e+000	6.838847e-004	1.229885e-005	0.000000e+000	0.000000e+000	-4.010774e-006	6.921727e-004	3.760076e-006	2.506980e-007
3.800000e-002	7.114716e-003	5.613325e-003	6.904346e-003	1.000000e+000	9.726866e-004	4.395580e-005	0.000000e+000	0.000000e+000	-1.671772e-005	9.999246e-004	1.576871e-005	9.490118e-007
4.000000e-002	1.358393e-002	8.734410e-003	1.296181e-002	1.000000e+000	1.890088e-003	1.237609e-004	0.000000e+000	0.000000e+000	-5.373973e-005	1.960109e-003	5.093324e-005	2.806488e-006
4.200000e-002	3.046302e-002	1.765370e-002	2.894110e-002	1.000000e+000	4.267381e-003	2.890063e-004	0.000000e+000	0.000000e+000	-1.413984e-004	4.414988e-003	1.345328e-004	6.865616e-006
4.400000e-002	6.795969e-002	3.909570e-002	6.475266e-002	1.000000e+000	9.517063e-003	5.817341e-004	0.000000e+000	0.000000e+000	-3.176181e-004	9.781179e-003	3.031508e-004	1.446737e-005
4.600000e-002	1.411880e-001	8.395867e-002	1.351934e-001	1.000000e+000	1.971537e-002	1.038383e-003	0.000000e+000	0.000000e+000	-6.281070e-004	2.012565e-002	6.010644e-004	2.704266e-005
4.800000e-002	2.699330e-001	1.677595e-001	2.597745e-001	1.000000e+000	3.756096e-002	1.678665e-003	0.000000e+000	0.000000e+000	-1.118927e-003	3.812070e-002	1.073101e-003	4.582666e-005
5.000000e-002	4.773995e-001	3.102377e-001	4.615338e-001	1.000000e+000	6.619583e-002	2.497146e-003	0.000000e+000	0.000000e+000	-1.827227e-003	6.686575e-002	1.755655e-003	7.157236e-005
5.200000e-002	7.880858e-001	5.340447e-001	7.649577e-001	1.000000e+000	1.089104e-001	3.459876e-003	0.000000e+000	0.000000e+000	-2.772460e-003	1.095978e-001	2.668126e-003	1.043341e-004
5.400000e-002	1.225125e+000	8.626686e-001	1.193344e+000	1.000000e+000	1.687804e-001	4.506735e-003	0.000000e+000	0.000000e+000	-3.950146e-003	1.693370e-001	3.806779e-003	1.433670e-004
5.600000e-002	1.807527e+000	1.317914e+000	1.766040e+000	1.000000e+000	2.482967e-001	5.558659e-003	0.000000e+000	0.000000e+000	-5.329434e-003	2.485259e-001	5.142279e-003	1.871552e-004
5.800000e-002	2.547757e+000	1.917332e+000	2.495984e+000	1.000000e+000	3.490428e-001	6.527892e-003	0.000000e+000	0.000000e+000	-6.854739e-003	3.487159e-001	6.621185e-003	2.335541e-004
6.000000e-002	3.449964e+000	2.671988e+000	3.387892e+000	1.000000e+000	4.714668e-001	7.329108e-003	0.000000e+000	0.000000e+000	-8.450886e-003	4.703451e-001	8.170873e-003	2.800123e-004
6.200000e-002	4.509074e+000	3.584857e+000	4.437289e+000	1.000000e+000	6.147700e-001	7.889443e-003	0.000000e+000	0.000000e+000	-1.003064e-002	6.126288e-001	9.706804e-003	3.238310e-004
6.400000e-002	5.710789e+000	4.650033e+000	5.630450e+000	1.000000e+000	7.769175e-001	8.156049e-003	0.000000e+000	0.000000e+000	-1.150326e-002	7.735703e-001	1.114084e-002	3.624205e-004
6.600000e-002	7.032409e+000	5.852777e+000	6.945175e+000	1.000000e+000	9.547605e-001	8.100443e-003	0.000000e+000	0.000000e+000	-1.278288e-002	9.500780e-001	1.238936e-002	3.935220e-004
6.800000e-002	8.444325e+000	7.170351e+000	8.352248e+000	1.000000e+000	1.144245e+000	7.719579e-003	0.000000e+000	0.000000e+000	-1.379558e-002	1.138169e+000	1.338021e-002	4.153729e-004
7.000000e-002	9.911957e+000	8.573463e+000	9.817346e+000	1.000000e+000	1.340677e+000	7.034050e-003	0.000000e+000	0.000000e+000	-1.448465e-002	1.333226e+000	1.405785e-002	4.268068e-004
7.200000e-002	1.139791e+001	1.002814e+001	1.130319e+001	1.000000e+000	1.539016e+000	6.084133e-003	0.000000e+000	0.000000e+000	-1.481363e-002	1.530287e+000	1.438634e-002	4.272883e-004
7.400000e-002	1.286414e+001	1.149779e+001	1.277172e+001	1.000000e+000	1.734166e+000	4.924518e-003	0.000000e+000	0.000000e+000	-1.476728e-002	1.724323e+000	1.435039e-002	4.168912e-004
7.600000e-002	1.427393e+001	1.294528e+001	1.418609e+001	1.000000e+000	1.921237e+000	3.618520e-003	0.000000e+000	0.000000e+000	-1.435066e-002	1.910505e+000	1.395443e-002	3.962313e-004
7.800000e-002	1.559361e+001	1.433485e+001	1.551240e+001	1.000000e+000	2.095773e+000	2.232460e-003	0.000000e+000	0.000000e+000	-1.358681e-002	2.084419e+000	1.322044e-002	3.663691e-004
8.000000e-002	1.679390e+001	1.563375e+001	1.672103e+001	1.000000e+000	2.253923e+000	8.307193e-004	0.000000e+000	0.000000e+000	-1.251339e-002	2.242241e+000	1.218469e-002	3.286968e-004
8.200000e-002	1.785076e+001	1.681350e+001	1.778762e+001	1.000000e+000	2.392556e+000	-5.282147e-004	0.000000e+000	0.000000e+000	-1.117888e-002	2.380849e+000	1.089406e-002	2.848196e-004
8.400000e-002	1.874598e+001	1.785077e+001	1.869356e+001	1.000000e+000	2.509327e+000	-1.794574e-003	0.000000e+000	0.000000e+000	-9.638599e-003	2.497894e+000	9.402155e-003	2.364442e-004
8.600000e-002	1.946730e+001	1.872790e+001	1.942622e+001	1.000000e+000	2.602690e+000	-2.929000e-003	0.000000e+000	0.000000e+000	-7.950976e-003	2.591810e+000	7.765697e-003	1.852792e-004
8.800000e-002	2.000825e+001	1.943304e+001	1.997878e+001	1.000000e+000	2.671874e+000	-3.903206e-003	0.000000e+000	0.000000e+000	-6.174235e-003	2.661796e+000	6.041282e-003	1.329531e-004
9.000000e-002	2.036777e+001	1.995999e+001	2.034982e+001	1.000000e+000	2.716822e+000	-4.699784e-003	0.000000e+000	0.000000e+000	-4.363669e-003	2.707759e+000	4.282718e-003	8.095112e-005
9.200000e-002	2.054957e+001	2.030782e+001	2.054279e+001	1.000000e+000	2.738112e+000	-5.311355e-003	0.000000e+000	0.000000e+000	-2.569552e-003	2.730231e+000	2.538981e-003	3.057137e-005
9.400000e-002	2.056147e+001	2.048027e+001	2.056526e+001	1.000000e+000	2.736857e+000	-5.739274e-003	0.000000e+000	0.000000e+000	-8.356958e-004	2.730282e+000	8.527973e-004	-1.710148e-005
9.600000e-002	2.041463e+001	2.048511e+001	2.042820e+001	1.000000e+000	2.714602e+000	-5.992078e-003	0.000000e+000	0.000000e+000	8.014066e-004	2.709411e+000	-7.401998e-004	-6.120681e-005
9.800000e-002	2.012274e+001	2.033333e+001	2.014515e+001	1.000000e+000	2.673222e+000	-6.083831e-003	0.000000e+000	0.000000e+000	2.312915e-003	2.669451e+000	-2.211809e-003	-1.011061e-004
1.000000e-001	1.970129e+001	2.003846e+001	1.973152e+001	1.000000e+000	2.614820e+000	-6.032510e-003	0.000000e+000	0.000000e+000	3.677555e-003	2.612465e+000	-3.541184e-003	-1.363710e-004
1.020000e-001	1.916691e+001	1.961578e+001	1.920387e+001	1.000000e+000	2.541634e+000	-5.858506e-003	0.000000e+000	0.000000e+000	4.881196e-003	2.540657e+000	-4.714431e-003	-1.667646e-004
1.040000e-001	1.853667e+001	1.908167e+001	1.857928e+001	1.000000e+000	2.455959e+000	-5.583319e-003	0.000000e+000	0.000000e+000	5.916204e-003	2.456292e+000	-5.723986e-003	-1.922180e-004
1.060000e-001	1.782762e+001	1.845297e+001	1.787480e+001	1.000000e+000	2.360070e+000	-5.228458e-003	0.000000e+000	0.000000e+000	6.780636e-003	2.361622e+000	-6.567831e-003	-2.128042e-004
1.080000e-001	1.705633e+001	1.774650e+001	1.710703e+001	1.000000e+000	2.256172e+000	-4.814578e-003	0.000000e+000	0.000000e+000	7.477356e-003	2.258834e+000	-7.248644e-003	-2.287121e-004
1.100000e-001	1.623851e+001	1.697859e+001	1.629176e+001	1.000000e+000	2.146350e+000	-4.360831e-003	0.000000e+000	0.000000e+000	8.013139e-003	2.150002e+000	-7.772918e-003	-2.402204e-004
1.120000e-001	1.538878e+001	1.616478e+001	1.544368e+001	1.000000e+000	2.032537e+000	-3.884431e-003	0.000000e+000	0.000000e+000	8.397787e-003	2.037051e+000	-8.150113e-003	-2.476739e-004
1.140000e-001	1.452046e+001	1.531947e+001	1.457620e+001	1.000000e+000	1.916491e+000	-3.400391e-003	0.000000e+000	0.000000e+000	8.643321e-003	1.921734e+000	-8.391859e-003	-2.514617e-004
1.160000e-001	1.364547e+001	1.445586e+001	1.370133e+001	1.000000e+000	1.799777e+000	-2.921416e-003	0.000000e+000	0.000000e+000	8.763247e-003	1.805619e+000	-8.511249e-003	-2.519985e-004
1.180000e-001	1.277428e+001	1.358571e+001	1.282963e+001	1.000000e+000	1.683765e+000	-2.457916e-003	0.000000e+000	0.000000e+000	8.771920e-003	1.690079e+000	-8.522211e-003	-2.497091e-004
1.200000e-001	1.191586e+001	1.271936e+001	1.197017e+001	1.000000e+000	1.569627e+000	-2.018105e-003	0.000000e+000	0.000000e+000	8.684004e-003	1.576293e+000	-8.438989e-003	-2.450151e-004
1.220000e-001	1.107776e+001	1.186572e+001	1.113059e+001	1.000000e+000	1.458345e+000	-1.608151e-003	0.000000e+000	0.000000e+000	8.514032e-003	1.465251e+000	-8.275708e-003	-2.383244e-004
1.240000e-001	1.026615e+001	1.103224e+001	1.031714e+001	1.000000e+000	1.350716e+000	-1.232371e-003	0.000000e+000	0.000000e+000	8.276047e-003	1.357759e+000	-8.046024e-003	-2.300232e-004
1.260000e-001	9.485916e+000	1.022504e+001	9.534788e+000	1.000000e+000	1.247366e+000	-8.934361e-004	0.000000e+000	0.000000e+000	7.983325e-003	1.254456e+000	-7.762855e-003	-2.204699e-004
1.280000e-001	8.740747e+000	9.448961e+000	8.787297e+000	1.000000e+000	1.148768e+000	-5.925930e-004	0.000000e+000	0.000000e+000	7.648168e-003	1.155823e+000	-7.438178e-003	-2.099906e-004
1.300000e-001	8.033283e+000	8.707668e+000	8.077369e+000	1.000000e+000	1.055251e+000	-3.298819e-004	0.000000e+000	0.000000e+000	7.281764e-003	1.062203e+000	-7.082887e-003	-1.988770e-004
1.320000e-001	7.365215e+000	8.003783e+000	7.406753e+000	1.000000e+000	9.670243e-001	-1.043530e-004	0.000000e+000	0.000000e+000	6.894094e-003	9.738141e-001	-6.706709e-003	-1.873845e-004
1.340000e-001	6.737417e+000	7.338991e+000	6.776372e+000	1.000000e+000	8.841872e-001	8.572615e-005	0.000000e+000	0.000000e+000	6.493899e-003	8.907668e-001	-6.318167e-003	-1.757327e-004
1.360000e-001	6.150072e+000	6.714171e+000	6.186450e+000	1.000000e+000	8.067503e-001	2.426757e-004	0.000000e+000	0.000000e+000	6.088687e-003	8.130817e-001	-5.924581e-003	-1.641064e-004
1.380000e-001	5.602785e+000	6.129515e+000	5.636625e+000	1.000000e+000	7.346490e-001	3.692248e-004	0.000000e+000	0.000000e+000	5.684766e-003	7.407030e-001	-5.532108e-003	-1.526577e-004
1.400000e-001	5.094692e+000	5.584642e+000	5.126061e+000	1.000000e+000	6.677585e-001	4.683521e-004	0.000000e+000	0.000000e+000	5.287318e-003	6.735142e-001	-5.145810e-003	-1.415081e-004
1.420000e-001	4.624564e+000	5.078706e+000	4.653548e+000	1.000000e+000	6.059068e-001	5.431480e-004	0.000000e+000	0.000000e+000	4.900486e-003	6.113504e-001	-4.769734e-003	-1.307518e-004
1.440000e-001	4.190890e+000	4.610497e+000	4.217593e+000	1.000000e+000	5.488864e-001	5.966996e-004	0.000000e+000	0.000000e+000	4.527475e-003	5.540106e-001	-4.407017e-003	-1.204589e-004
1.460000e-001	3.791962e+000	4.178526e+000	3.816496e+000	1.000000e+000	4.964645e-001	6.319991e-004	0.000000e+000	0.000000e+000	4.170662e-003	5.012672e-001	-4.059984e-003	-1.106783e-004
1.480000e-001	3.425933e+000	3.781104e+000	3.448420e+000	1.000000e+000	4.483919e-001	6.518740e-004	0.000000e+000	0.000000e+000	3.831708e-003	4.528755e-001	-3.730266e-003	-1.014413e-004
1.500000e-001	3.090882e+000	3.416406e+000	3.111445e+000	1.000000e+000	4.044100e-001	6.589386e-004	0.000000e+000	0.000000e+000	3.511662e-003	4.085806e-001	-3.418898e-003	-9.276429e-005
