TIME          	MC CONC       	STS CONC      	HTS CONC      	SED CONC      	ADV dm/dt     	DISP dm/dt    	DECAY dm/dt   	SORPTION dm/dt	STORAGE dm/dt 	MC dm/dt      	STS dm/dt     	HTS dm/dt     
(hr)          	mg/L          	mg/L          	mg/L          	mg/L          	(mg/L)·(m²/s)  	(mg/L)·(m²/s)  	(mg/L)·(m²/s)  	(mg/L)·(m²/s)  	(mg/L)·(m²/s)  	(mg/L)·(m²/s)  	(mg/L)·(m²/s)  	(mg/L)·(m²/s)  
0.000000e+000	9.520842e-002	9.520842e-002	9.520842e-002	0.000000e+000	1.213202e-005	8.286148e-009	0.000000e+000	0.000000e+000	0.000000e+000	1.214031e-005	0.000000e+000	0.000000e+000
1.000000e-001	9.520842e-002	9.520842e-002	9.520842e-002	1.000000e+000	1.213202e-005	8.286148e-009	0.000000e+000	0.000000e+000	2.054903e-019	1.214031e-005	-2.007727e-019	-4.717589e-021
2.000000e-001	9.520842e-002	9.520842e-002	9.520842e-002	1.000000e+000	1.213202e-005	8.286148e-009	0.000000e+000	0.000000e+000	2.054903e-019	1.214031e-005	-2.007727e-019	-4.717589e-021
3.000000e-001	9.520842e-002	9.520842e-002	9.520842e-002	1.000000e+000	1.213202e-005	8.286202e-009	0.000000e+000	0.000000e+000	-1.919948e-015	1.214031e-005	1.866684e-015	5.326315e-017
4.000000e-001	9.520842e-002	9.520842e-002	9.520842e-002	1.000000e+000	1.213213e-005	8.310600e-009	0.000000e+000	0.000000e+000	-1.319966e-012	1.214044e-005	1.278217e-012	4.174913e-014
5.000000e-001	9.520851e-002	9.520846e-002	9.520842e-002	1.000000e+000	1.213878e-005	9.452936e-009	0.000000e+000	0.000000e+000	-9.074841e-011	1.214815e-005	8.741746e-011	3.330952e-012
6.000000e-001	9.521025e-002	9.520941e-002	9.520843e-002	1.000000e+000	1.224061e-005	2.303601e-008	0.000000e+000	0.000000e+000	-1.590382e-009	1.226206e-005	1.521754e-009	6.862816e-011
7.000000e-001	9.522441e-002	9.521829e-002	9.520859e-002	1.000000e+000	1.288000e-005	8.786276e-008	0.000000e+000	0.000000e+000	-1.165783e-008	1.295620e-005	1.106034e-008	5.974879e-010
8.000000e-001	9.528648e-002	9.526193e-002	9.520952e-002	1.000000e+000	1.503057e-005	2.465569e-007	0.000000e+000	0.000000e+000	-4.730283e-008	1.522982e-005	4.439600e-008	2.906830e-009
9.000000e-001	9.546086e-002	9.539647e-002	9.521299e-002	1.000000e+000	1.956893e-005	4.685621e-007	0.000000e+000	0.000000e+000	-1.258065e-007	1.991169e-005	1.164442e-007	9.362301e-009
1.000000e+000	9.581193e-002	9.568909e-002	9.522229e-002	1.000000e+000	2.615091e-005	6.323391e-007	0.000000e+000	0.000000e+000	-2.444041e-007	2.653885e-005	2.221330e-007	2.227102e-008
1.100000e+000	9.635807e-002	9.617495e-002	9.524166e-002	1.000000e+000	3.296143e-005	6.218364e-007	0.000000e+000	0.000000e+000	-3.733142e-007	3.320995e-005	3.311463e-007	4.216782e-008
1.200000e+000	9.705041e-002	9.682606e-002	9.527487e-002	1.000000e+000	3.777991e-005	4.267924e-007	0.000000e+000	0.000000e+000	-4.727776e-007	3.773393e-005	4.057139e-007	6.706372e-008
1.300000e+000	9.779393e-002	9.755955e-002	9.532391e-002	1.000000e+000	3.931338e-005	1.409838e-007	0.000000e+000	0.000000e+000	-5.171500e-007	3.893722e-005	4.238551e-007	9.329489e-008
1.400000e+000	9.849061e-002	9.827586e-002	9.538842e-002	1.000000e+000	3.769600e-005	-1.170086e-007	0.000000e+000	0.000000e+000	-5.055233e-007	3.707347e-005	3.883511e-007	1.171723e-007
1.500000e+000	9.907370e-002	9.889720e-002	9.546615e-002	1.000000e+000	3.405366e-005	-2.745766e-007	0.000000e+000	0.000000e+000	-4.554468e-007	3.332363e-005	3.191864e-007	1.362604e-007
1.600000e+000	9.951842e-002	9.938573e-002	9.555384e-002	1.000000e+000	2.973189e-005	-3.226204e-007	0.000000e+000	0.000000e+000	-3.897020e-007	2.901957e-005	2.399563e-007	1.497457e-007
1.700000e+000	9.983334e-002	9.974038e-002	9.564815e-002	1.000000e+000	2.573993e-005	-2.928081e-007	0.000000e+000	0.000000e+000	-3.261888e-007	2.512093e-005	1.681104e-007	1.580784e-007
1.800000e+000	1.000446e-001	9.998264e-002	9.574625e-002	1.000000e+000	2.257842e-005	-2.265610e-007	0.000000e+000	0.000000e+000	-2.743812e-007	2.207748e-005	1.120291e-007	1.623521e-007
1.900000e+000	1.001821e-001	1.001419e-001	9.584603e-002	1.000000e+000	2.033537e-005	-1.555733e-007	0.000000e+000	0.000000e+000	-2.366174e-007	1.994318e-005	7.283868e-008	1.637787e-007
2.000000e+000	1.002719e-001	1.002455e-001	9.594608e-002	1.000000e+000	1.887034e-005	-9.654284e-008	0.000000e+000	0.000000e+000	-2.111243e-007	1.856267e-005	4.773610e-008	1.633882e-007
2.100000e+000	1.003327e-001	1.003146e-001	9.604554e-002	1.000000e+000	1.796984e-005	-5.429128e-008	0.000000e+000	0.000000e+000	-1.946768e-007	1.772087e-005	3.274687e-008	1.619299e-007
2.200000e+000	1.003771e-001	1.003637e-001	9.614391e-002	1.000000e+000	1.743669e-005	-2.711563e-008	0.000000e+000	0.000000e+000	-1.841720e-007	1.722540e-005	2.427987e-008	1.598921e-007
2.300000e+000	1.004126e-001	1.004017e-001	9.624094e-002	1.000000e+000	1.712337e-005	-1.104256e-008	0.000000e+000	0.000000e+000	-1.772490e-007	1.693508e-005	1.968242e-008	1.575666e-007
2.400000e+000	1.004433e-001	1.004337e-001	9.633650e-002	1.000000e+000	1.693303e-005	-2.179499e-009	0.000000e+000	0.000000e+000	-1.723454e-007	1.675851e-005	1.722961e-008	1.551158e-007
2.500000e+000	1.004714e-001	1.004626e-001	9.643054e-002	1.000000e+000	1.680784e-005	2.413114e-009	0.000000e+000	0.000000e+000	-1.685247e-007	1.664173e-005	1.589973e-008	1.526249e-007
2.600000e+000	1.004980e-001	1.004896e-001	9.652307e-002	1.000000e+000	1.671572e-005	4.654087e-009	0.000000e+000	0.000000e+000	-1.652667e-007	1.655511e-005	1.513048e-008	1.501362e-007
2.700000e+000	1.005237e-001	1.005156e-001	9.661408e-002	1.000000e+000	1.663996e-005	5.676314e-009	0.000000e+000	0.000000e+000	-1.623001e-007	1.648334e-005	1.463061e-008	1.476695e-007
2.800000e+000	1.005487e-001	1.005408e-001	9.670359e-002	1.000000e+000	1.657226e-005	6.099384e-009	0.000000e+000	0.000000e+000	-1.594906e-007	1.641887e-005	1.425682e-008	1.452338e-007
2.900000e+000	1.005732e-001	1.005655e-001	9.679162e-002	1.000000e+000	1.650869e-005	6.241816e-009	0.000000e+000	0.000000e+000	-1.567742e-007	1.635816e-005	1.394166e-008	1.428326e-007
3.000000e+000	1.005971e-001	1.005896e-001	9.687819e-002	1.000000e+000	1.644745e-005	6.259055e-009	0.000000e+000	0.000000e+000	-1.541218e-007	1.629959e-005	1.365458e-008	1.404672e-007
3.100000e+000	1.006206e-001	1.006132e-001	9.696334e-002	1.000000e+000	1.638776e-005	6.223620e-009	0.000000e+000	0.000000e+000	-1.515201e-007	1.624246e-005	1.338218e-008	1.381379e-007
3.200000e+000	1.006436e-001	1.006363e-001	9.704706e-002	1.000000e+000	1.632925e-005	6.168015e-009	0.000000e+000	0.000000e+000	-1.489633e-007	1.618645e-005	1.311875e-008	1.358445e-007
3.300000e+000	1.006662e-001	1.006590e-001	9.712940e-002	1.000000e+000	1.627178e-005	6.106273e-009	0.000000e+000	0.000000e+000	-1.464485e-007	1.613144e-005	1.286188e-008	1.335867e-007
3.400000e+000	1.006883e-001	1.006813e-001	9.721037e-002	1.000000e+000	1.621528e-005	6.044229e-009	0.000000e+000	0.000000e+000	-1.439744e-007	1.607735e-005	1.261053e-008	1.313638e-007
3.500000e+000	1.007100e-001	1.007031e-001	9.728999e-002	1.000000e+000	1.615971e-005	5.984203e-009	0.000000e+000	0.000000e+000	-1.415399e-007	1.602416e-005	1.236427e-008	1.291756e-007
3.600000e+000	1.007312e-001	1.007245e-001	9.736828e-002	1.000000e+000	1.610506e-005	5.927050e-009	0.000000e+000	0.000000e+000	-1.391444e-007	1.597184e-005	1.212284e-008	1.270215e-007
3.700000e+000	1.007521e-001	1.007455e-001	9.744527e-002	1.000000e+000	1.605129e-005	5.873038e-009	0.000000e+000	0.000000e+000	-1.367872e-007	1.592038e-005	1.188612e-008	1.249011e-007
3.800000e+000	1.007725e-001	1.007661e-001	9.752097e-002	1.000000e+000	1.599841e-005	5.822201e-009	0.000000e+000	0.000000e+000	-1.344678e-007	1.586976e-005	1.165399e-008	1.228138e-007
3.900000e+000	1.007926e-001	1.007862e-001	9.759540e-002	1.000000e+000	1.594639e-005	5.774488e-009	0.000000e+000	0.000000e+000	-1.321857e-007	1.581998e-005	1.142635e-008	1.207593e-007
4.000000e+000	1.008122e-001	1.008060e-001	9.766859e-002	1.000000e+000	1.589523e-005	5.729815e-009	0.000000e+000	0.000000e+000	-1.299402e-007	1.577102e-005	1.120313e-008	1.187371e-007
4.100000e+000	1.008315e-001	1.008254e-001	9.774056e-002	1.000000e+000	1.584490e-005	5.688089e-009	0.000000e+000	0.000000e+000	-1.277309e-007	1.572286e-005	1.098423e-008	1.167466e-007
4.200000e+000	1.008504e-001	1.008444e-001	9.781131e-002	1.000000e+000	1.579540e-005	5.649214e-009	0.000000e+000	0.000000e+000	-1.255571e-007	1.567550e-005	1.076956e-008	1.147876e-007
4.300000e+000	1.008689e-001	1.008630e-001	9.788088e-002	1.000000e+000	1.574672e-005	5.613096e-009	0.000000e+000	0.000000e+000	-1.234185e-007	1.562891e-005	1.055906e-008	1.128594e-007
4.400000e+000	1.008870e-001	1.008813e-001	9.794928e-002	1.000000e+000	1.569883e-005	5.579642e-009	0.000000e+000	0.000000e+000	-1.213144e-007	1.558310e-005	1.035264e-008	1.109618e-007
4.500000e+000	1.009048e-001	1.008992e-001	9.801653e-002	1.000000e+000	1.565174e-005	5.548764e-009	0.000000e+000	0.000000e+000	-1.192444e-007	1.553804e-005	1.015022e-008	1.090942e-007
4.600000e+000	1.009223e-001	1.009168e-001	9.808264e-002	1.000000e+000	1.560542e-005	5.520373e-009	0.000000e+000	0.000000e+000	-1.172079e-007	1.549374e-005	9.951719e-009	1.072562e-007
4.700000e+000	1.009394e-001	1.009340e-001	9.814764e-002	1.000000e+000	1.555987e-005	5.494384e-009	0.000000e+000	0.000000e+000	-1.152045e-007	1.545016e-005	9.757070e-009	1.054474e-007
4.800000e+000	1.009562e-001	1.009509e-001	9.821155e-002	1.000000e+000	1.551507e-005	5.470714e-009	0.000000e+000	0.000000e+000	-1.132336e-007	1.540731e-005	9.566196e-009	1.036674e-007
4.900000e+000	1.009726e-001	1.009674e-001	9.827437e-002	1.000000e+000	1.547102e-005	5.449284e-009	0.000000e+000	0.000000e+000	-1.112948e-007	1.536517e-005	9.379025e-009	1.019158e-007
5.000000e+000	1.009888e-001	1.009837e-001	9.833614e-002	1.000000e+000	1.542769e-005	5.430014e-009	0.000000e+000	0.000000e+000	-1.093876e-007	1.532373e-005	9.195485e-009	1.001921e-007
5.100000e+000	1.010046e-001	1.009996e-001	9.839685e-002	1.000000e+000	1.538508e-005	5.412828e-009	0.000000e+000	0.000000e+000	-1.075115e-007	1.528298e-005	9.015506e-009	9.849596e-008
5.200000e+000	1.010201e-001	1.010152e-001	9.845654e-002	1.000000e+000	1.534318e-005	5.397653e-009	0.000000e+000	0.000000e+000	-1.056660e-007	1.524291e-005	8.839021e-009	9.682698e-008
5.300000e+000	1.010353e-001	1.010305e-001	9.851522e-002	1.000000e+000	1.530198e-005	5.384417e-009	0.000000e+000	0.000000e+000	-1.038507e-007	1.520351e-005	8.665963e-009	9.518476e-008
5.400000e+000	1.010502e-001	1.010455e-001	9.857290e-002	1.000000e+000	1.526146e-005	5.373050e-009	0.000000e+000	0.000000e+000	-1.020652e-007	1.516477e-005	8.496264e-009	9.356890e-008
5.500000e+000	1.010648e-001	1.010602e-001	9.862961e-002	1.000000e+000	1.522162e-005	5.363483e-009	0.000000e+000	0.000000e+000	-1.003089e-007	1.512668e-005	8.329861e-009	9.197902e-008
5.600000e+000	1.010791e-001	1.010746e-001	9.868535e-002	1.000000e+000	1.518245e-005	5.355652e-009	0.000000e+000	0.000000e+000	-9.858143e-008	1.508922e-005	8.166690e-009	9.041474e-008
5.700000e+000	1.010932e-001	1.010887e-001	9.874014e-002	1.000000e+000	1.514392e-005	5.349491e-009	0.000000e+000	0.000000e+000	-9.688237e-008	1.505239e-005	8.006690e-009	8.887568e-008
5.800000e+000	1.011069e-001	1.011026e-001	9.879399e-002	1.000000e+000	1.510609e-005	5.358862e-009	0.000000e+000	0.000000e+000	-9.521170e-008	1.501624e-005	7.850220e-009	8.736148e-008
5.900000e+000	1.011210e-001	1.011164e-001	9.884694e-002	1.000000e+000	1.513528e-005	2.092402e-008	0.000000e+000	0.000000e+000	-9.431820e-008	1.506189e-005	8.423639e-009	8.589456e-008
6.000000e+000	1.012165e-001	1.011650e-001	9.889941e-002	1.000000e+000	2.185567e-005	1.267696e-006	0.000000e+000	0.000000e+000	-1.805939e-007	2.294278e-005	9.307705e-008	8.751684e-008
6.100000e+000	1.035351e-001	1.023751e-001	9.896769e-002	1.000000e+000	1.672920e-004	2.222744e-005	0.000000e+000	0.000000e+000	-2.270264e-006	1.872491e-004	2.097748e-006	1.725159e-007
6.200000e+000	1.271826e-001	1.166481e-001	9.925834e-002	1.000000e+000	1.320931e-003	1.497425e-004	0.000000e+000	0.000000e+000	-2.010529e-005	1.450568e-003	1.905057e-005	1.054723e-006
6.300000e+000	2.494237e-001	1.998688e-001	1.009802e-001	1.000000e+000	5.919358e-003	5.262967e-004	0.000000e+000	0.000000e+000	-9.522205e-005	6.350433e-003	8.961521e-005	5.606845e-006
6.400000e+000	6.376482e-001	4.914726e-001	1.081084e-001	1.000000e+000	1.699344e-002	1.151825e-003	0.000000e+000	0.000000e+000	-2.843451e-004	1.786092e-002	2.643439e-004	2.000119e-005
6.500000e+000	1.496822e+000	1.191458e+000	1.289787e-001	1.000000e+000	3.496590e-002	1.738577e-003	0.000000e+000	0.000000e+000	-6.038856e-004	3.610059e-002	5.522209e-004	5.166468e-005
6.600000e+000	2.939070e+000	2.449199e+000	1.756105e-001	1.000000e+000	5.575785e-002	1.904745e-003	0.000000e+000	0.000000e+000	-9.902611e-004	5.667233e-002	8.858827e-004	1.043784e-004
6.700000e+000	4.888036e+000	4.249426e+000	2.602275e-001	1.000000e+000	7.285370e-002	1.507059e-003	0.000000e+000	0.000000e+000	-1.329658e-003	7.303110e-002	1.154862e-003	1.747965e-004
6.800000e+000	7.102425e+000	6.397364e+000	3.909846e-001	1.000000e+000	8.131758e-002	7.359457e-004	0.000000e+000	0.000000e+000	-1.528530e-003	8.052500e-002	1.275033e-003	2.534972e-004
6.900000e+000	9.288817e+000	8.608475e+000	5.695022e-001	1.000000e+000	8.014369e-002	-6.794685e-005	0.000000e+000	0.000000e+000	-1.559666e-003	7.851608e-002	1.230329e-003	3.293364e-004
7.000000e+000	1.121453e+001	1.062617e+001	7.911955e-001	1.000000e+000	7.173838e-002	-6.431411e-004	0.000000e+000	0.000000e+000	-1.457694e-003	6.963754e-002	1.063995e-003	3.936989e-004
7.100000e+000	1.276113e+001	1.229530e+001	1.047547e+000	1.000000e+000	5.986570e-002	-9.048572e-004	0.000000e+000	0.000000e+000	-1.284840e-003	5.767601e-002	8.424077e-004	4.424324e-004
7.200000e+000	1.391639e+001	1.357207e+001	1.328806e+000	1.000000e+000	4.780464e-002	-9.087020e-004	0.000000e+000	0.000000e+000	-1.098097e-003	4.579784e-002	6.226530e-004	4.754442e-004
7.300000e+000	1.473486e+001	1.449257e+001	1.626012e+000	1.000000e+000	3.751801e-002	-7.651599e-004	0.000000e+000	0.000000e+000	-9.332875e-004	3.581957e-002	4.381545e-004	4.951330e-004
7.400000e+000	1.529652e+001	1.513071e+001	1.932017e+000	1.000000e+000	2.969742e-002	-5.739691e-004	0.000000e+000	0.000000e+000	-8.046388e-004	2.831881e-002	2.998495e-004	5.047893e-004
7.500000e+000	1.567845e+001	1.556556e+001	2.241664e+000	1.000000e+000	2.419810e-002	-3.981402e-004	0.000000e+000	0.000000e+000	-7.116732e-004	2.308828e-002	2.041538e-004	5.075194e-004
7.600000e+000	1.594145e+001	1.586336e+001	2.551502e+000	1.000000e+000	2.050298e-002	-2.636431e-004	0.000000e+000	0.000000e+000	-6.469641e-004	1.959238e-002	1.412139e-004	5.057503e-004
7.700000e+000	1.612814e+001	1.607230e+001	2.859330e+000	1.000000e+000	1.807096e-002	-1.696998e-004	0.000000e+000	0.000000e+000	-6.021534e-004	1.729911e-002	1.009785e-004	5.011749e-004
7.800000e+000	1.626728e+001	1.622520e+001	3.163805e+000	1.000000e+000	1.650326e-002	-1.046892e-004	0.000000e+000	0.000000e+000	-5.710320e-004	1.582754e-002	7.610186e-005	4.949301e-004
7.900000e+000	1.637860e+001	1.634443e+001	3.464157e+000	1.000000e+000	1.553617e-002	-5.922532e-005	0.000000e+000	0.000000e+000	-5.495806e-004	1.492736e-002	6.179057e-005	4.877900e-004
8.000000e+000	1.647545e+001	1.644528e+001	3.760010e+000	1.000000e+000	1.497390e-002	-2.905819e-005	0.000000e+000	0.000000e+000	-5.348235e-004	1.441002e-002	5.455001e-005	4.802735e-004
8.100000e+000	1.656589e+001	1.653747e+001	4.051236e+000	1.000000e+000	1.464669e-002	-1.264132e-005	0.000000e+000	0.000000e+000	-5.240902e-004	1.410996e-002	5.140052e-005	4.726897e-004
8.200000e+000	1.665347e+001	1.662587e+001	4.337845e+000	1.000000e+000	1.441694e-002	-6.535852e-006	0.000000e+000	0.000000e+000	-5.150849e-004	1.389532e-002	4.991248e-005	4.651724e-004
8.300000e+000	1.673947e+001	1.671230e+001	4.619891e+000	1.000000e+000	1.423628e-002	-2.103333e-006	0.000000e+000	0.000000e+000	-5.069087e-004	1.372727e-002	4.914128e-005	4.577674e-004
8.400000e+000	1.682585e+001	1.679841e+001	4.897462e+000	1.000000e+000	1.413344e-002	3.706918e-006	0.000000e+000	0.000000e+000	-5.001644e-004	1.363698e-002	4.961848e-005	4.505459e-004
8.500000e+000	1.691077e+001	1.688456e+001	5.170673e+000	1.000000e+000	1.381964e-002	-3.461789e-005	0.000000e+000	0.000000e+000	-4.908365e-004	1.329419e-002	4.740237e-005	4.434341e-004
8.600000e+000	1.695836e+001	1.694866e+001	5.439292e+000	1.000000e+000	1.167282e-002	-2.577322e-004	0.000000e+000	0.000000e+000	-4.526325e-004	1.096246e-002	1.754698e-005	4.350856e-004
8.700000e+000	1.684674e+001	1.689844e+001	5.701376e+000	1.000000e+000	4.396434e-003	-7.907586e-004	0.000000e+000	0.000000e+000	-3.274773e-004	3.278199e-003	-9.349316e-005	4.209705e-004
8.800000e+000	1.636449e+001	1.654710e+001	5.951127e+000	1.000000e+000	-1.060391e-002	-1.500135e-003	0.000000e+000	0.000000e+000	-6.309050e-005	-1.216713e-002	-3.302316e-004	3.933221e-004
8.900000e+000	1.531323e+001	1.568312e+001	6.177926e+000	1.000000e+000	-3.179032e-002	-1.987848e-003	0.000000e+000	0.000000e+000	3.238602e-004	-3.345431e-002	-6.689088e-004	3.450486e-004
9.000000e+000	1.364910e+001	1.420752e+001	6.368418e+000	1.000000e+000	-5.321990e-002	-1.915595e-003	0.000000e+000	0.000000e+000	7.348577e-004	-5.440064e-002	-1.009855e-003	2.749977e-004
9.100000e+000	1.153648e+001	1.222077e+001	6.510966e+000	1.000000e+000	-6.810227e-002	-1.284736e-003	0.000000e+000	0.000000e+000	1.047656e-003	-6.833935e-002	-1.237474e-003	1.898183e-004
9.200000e+000	9.274057e+000	9.986749e+000	6.599717e+000	1.000000e+000	-7.272440e-002	-3.969695e-004	0.000000e+000	0.000000e+000	1.187820e-003	-7.193355e-002	-1.288832e-003	1.010122e-004
9.300000e+000	7.162432e+000	7.812805e+000	6.636039e+000	1.000000e+000	-6.770168e-002	3.911650e-004	0.000000e+000	0.000000e+000	1.156252e-003	-6.615426e-002	-1.176135e-003	1.988233e-005
9.400000e+000	5.403768e+000	5.935519e+000	6.627125e+000	1.000000e+000	-5.653904e-002	8.691088e-004	0.000000e+000	0.000000e+000	1.007826e-003	-5.466210e-002	-9.616184e-004	-4.620729e-005
9.500000e+000	4.072534e+000	4.468983e+000	6.583145e+000	1.000000e+000	-4.332429e-002	1.014808e-003	0.000000e+000	0.000000e+000	8.117678e-004	-4.149771e-002	-7.169398e-004	-9.482804e-005
9.600000e+000	3.142356e+000	3.415986e+000	6.514499e+000	1.000000e+000	-3.111012e-002	9.247303e-004	0.000000e+000	0.000000e+000	6.222013e-004	-2.956318e-002	-4.948324e-004	-1.273689e-004
9.700000e+000	2.533600e+000	2.710998e+000	6.430048e+000	1.000000e+000	-2.142228e-002	7.231571e-004	0.000000e+000	0.000000e+000	4.679785e-004	-2.023115e-002	-3.208061e-004	-1.471723e-004
9.800000e+000	2.154486e+000	2.264289e+000	6.336430e+000	1.000000e+000	-1.454571e-002	5.055720e-004	0.000000e+000	0.000000e+000	3.565248e-004	-1.368361e-002	-1.985690e-004	-1.579558e-004
9.900000e+000	1.925239e+000	1.991519e+000	6.238146e+000	1.000000e+000	-1.006925e-002	3.230654e-004	0.000000e+000	0.000000e+000	2.827625e-004	-9.463422e-003	-1.198602e-004	-1.629023e-004
1.000000e+001	1.786802e+000	1.826995e+000	6.138005e+000	1.000000e+000	-7.349888e-003	1.911548e-004	0.000000e+000	0.000000e+000	2.370340e-004	-6.921700e-003	-7.268513e-005	-1.643489e-004
1.010000e+001	1.700086e+000	1.725551e+000	6.037640e+000	1.000000e+000	-5.784731e-003	1.054045e-004	0.000000e+000	0.000000e+000	2.098839e-004	-5.469443e-003	-4.605063e-005	-1.638333e-004
1.020000e+001	1.641369e+000	1.658915e+000	5.937941e+000	1.000000e+000	-4.916739e-003	5.410457e-005	0.000000e+000	0.000000e+000	1.940156e-004	-4.668619e-003	-3.173015e-005	-1.622854e-004
1.030000e+001	1.597229e+000	1.610669e+000	5.839362e+000	1.000000e+000	-4.442043e-003	2.546600e-005	0.000000e+000	0.000000e+000	1.845353e-004	-4.232042e-003	-2.430607e-005	-1.602292e-004
1.040000e+001	1.560510e+000	1.571862e+000	5.742121e+000	1.000000e+000	-4.176902e-003	1.042180e-005	0.000000e+000	0.000000e+000	1.784717e-004	-3.988009e-003	-2.052851e-005	-1.579432e-004
1.050000e+001	1.527587e+000	1.537865e+000	5.646309e+000	1.000000e+000	-4.018180e-003	2.960135e-006	0.000000e+000	0.000000e+000	1.741542e-004	-3.841065e-003	-1.858639e-005	-1.555678e-004
1.060000e+001	1.496698e+000	1.506392e+000	5.551957e+000	1.000000e+000	-3.911425e-003	-5.202136e-007	0.000000e+000	0.000000e+000	1.707007e-004	-3.741244e-003	-1.752997e-005	-1.531708e-004
1.070000e+001	1.467021e+000	1.476359e+000	5.459069e+000	1.000000e+000	-3.829347e-003	-2.016114e-006	0.000000e+000	0.000000e+000	1.676696e-004	-3.663694e-003	-1.688632e-005	-1.507832e-004
1.080000e+001	1.438179e+000	1.447265e+000	5.367633e+000	1.000000e+000	-3.758868e-003	-2.567871e-006	0.000000e+000	0.000000e+000	1.648493e-004	-3.596587e-003	-1.643027e-005	-1.484190e-004
1.090000e+001	1.410004e+000	1.418884e+000	5.277634e+000	1.000000e+000	-3.693962e-003	-2.689803e-006	0.000000e+000	0.000000e+000	1.621426e-004	-3.534509e-003	-1.605876e-005	-1.460839e-004
1.100000e+001	1.382419e+000	1.391115e+000	5.189053e+000	1.000000e+000	-3.631946e-003	-2.624957e-006	0.000000e+000	0.000000e+000	1.595062e-004	-3.475065e-003	-1.572619e-005	-1.437800e-004
1.110000e+001	1.355385e+000	1.363908e+000	5.101869e+000	1.000000e+000	-3.571658e-003	-2.483698e-006	0.000000e+000	0.000000e+000	1.569211e-004	-3.417221e-003	-1.541301e-005	-1.415081e-004
1.120000e+001	1.328882e+000	1.337238e+000	5.016065e+000	1.000000e+000	-3.512606e-003	-2.314362e-006	0.000000e+000	0.000000e+000	1.543793e-004	-3.360541e-003	-1.511103e-005	-1.392682e-004
1.130000e+001	1.302895e+000	1.311088e+000	4.931620e+000	1.000000e+000	-3.454582e-003	-2.137406e-006	0.000000e+000	0.000000e+000	1.518771e-004	-3.304843e-003	-1.481687e-005	-1.370602e-004
1.140000e+001	1.277413e+000	1.285447e+000	4.848515e+000	1.000000e+000	-3.397497e-003	-1.961187e-006	0.000000e+000	0.000000e+000	1.494129e-004	-3.250045e-003	-1.452914e-005	-1.348837e-004
1.150000e+001	1.252425e+000	1.260303e+000	4.766730e+000	1.000000e+000	-3.341307e-003	-1.788968e-006	0.000000e+000	0.000000e+000	1.469857e-004	-3.196110e-003	-1.424721e-005	-1.327385e-004
1.160000e+001	1.227922e+000	1.235648e+000	4.686247e+000	1.000000e+000	-3.285990e-003	-1.621932e-006	0.000000e+000	0.000000e+000	1.445949e-004	-3.143017e-003	-1.397080e-005	-1.306241e-004
1.170000e+001	1.203895e+000	1.211470e+000	4.607048e+000	1.000000e+000	-3.231530e-003	-1.460434e-006	0.000000e+000	0.000000e+000	1.422399e-004	-3.090751e-003	-1.369974e-005	-1.285402e-004
1.180000e+001	1.180333e+000	1.187762e+000	4.529112e+000	1.000000e+000	-3.177914e-003	-1.304507e-006	0.000000e+000	0.000000e+000	1.399203e-004	-3.039298e-003	-1.343390e-005	-1.264864e-004
1.190000e+001	1.157229e+000	1.164514e+000	4.452423e+000	1.000000e+000	-3.125129e-003	-1.154065e-006	0.000000e+000	0.000000e+000	1.376356e-004	-2.988648e-003	-1.317317e-005	-1.244624e-004
1.200000e+001	1.134574e+000	1.141717e+000	4.376962e+000	1.000000e+000	-3.073165e-003	-1.008981e-006	0.000000e+000	0.000000e+000	1.353854e-004	-2.938788e-003	-1.291745e-005	-1.224679e-004
1.210000e+001	1.112358e+000	1.119362e+000	4.302711e+000	1.000000e+000	-3.022008e-003	-8.691118e-007	0.000000e+000	0.000000e+000	1.331692e-004	-2.889708e-003	-1.266665e-005	-1.205025e-004
1.220000e+001	1.090574e+000	1.097442e+000	4.229653e+000	1.000000e+000	-2.971649e-003	-7.343148e-007	0.000000e+000	0.000000e+000	1.309865e-004	-2.841397e-003	-1.242067e-005	-1.185658e-004
1.230000e+001	1.069213e+000	1.075948e+000	4.157769e+000	1.000000e+000	-2.922077e-003	-6.044474e-007	0.000000e+000	0.000000e+000	1.288370e-004	-2.793845e-003	-1.217942e-005	-1.166576e-004
1.240000e+001	1.048267e+000	1.054871e+000	4.087043e+000	1.000000e+000	-2.873280e-003	-4.793700e-007	0.000000e+000	0.000000e+000	1.267202e-004	-2.747039e-003	-1.194281e-005	-1.147773e-004
1.250000e+001	1.027727e+000	1.034203e+000	4.017458e+000	1.000000e+000	-2.825248e-003	-3.589463e-007	0.000000e+000	0.000000e+000	1.246356e-004	-2.700971e-003	-1.171076e-005	-1.129248e-004
1.260000e+001	1.007587e+000	1.013937e+000	3.948997e+000	1.000000e+000	-2.777969e-003	-2.430436e-007	0.000000e+000	0.000000e+000	1.225829e-004	-2.655629e-003	-1.148317e-005	-1.110997e-004
1.270000e+001	9.878388e-001	9.940652e-001	3.881643e+000	1.000000e+000	-2.731434e-003	-1.315322e-007	0.000000e+000	0.000000e+000	1.205616e-004	-2.611004e-003	-1.125995e-005	-1.093016e-004
1.280000e+001	9.684741e-001	9.745796e-001	3.815380e+000	1.000000e+000	-2.685632e-003	-2.428596e-008	0.000000e+000	0.000000e+000	1.185713e-004	-2.567085e-003	-1.104104e-005	-1.075302e-004
1.290000e+001	9.494860e-001	9.554727e-001	3.750192e+000	1.000000e+000	-2.640552e-003	7.881823e-008	0.000000e+000	0.000000e+000	1.166115e-004	-2.523861e-003	-1.082634e-005	-1.057852e-004
1.300000e+001	9.308672e-001	9.367375e-001	3.686062e+000	1.000000e+000	-2.596184e-003	1.779003e-007	0.000000e+000	0.000000e+000	1.146820e-004	-2.481324e-003	-1.061578e-005	-1.040662e-004
1.310000e+001	9.126106e-001	9.183667e-001	3.622975e+000	1.000000e+000	-2.552519e-003	2.730770e-007	0.000000e+000	0.000000e+000	1.127822e-004	-2.439464e-003	-1.040927e-005	-1.023729e-004
1.320000e+001	8.947092e-001	9.003533e-001	3.560915e+000	1.000000e+000	-2.509545e-003	3.644623e-007	0.000000e+000	0.000000e+000	1.109117e-004	-2.398269e-003	-1.020674e-005	-1.007050e-004
1.330000e+001	8.771561e-001	8.826903e-001	3.499867e+000	1.000000e+000	-2.467254e-003	4.521671e-007	0.000000e+000	0.000000e+000	1.090703e-004	-2.357732e-003	-1.000812e-005	-9.906216e-005
1.340000e+001	8.599447e-001	8.653712e-001	3.439816e+000	1.000000e+000	-2.425636e-003	5.362996e-007	0.000000e+000	0.000000e+000	1.072574e-004	-2.317842e-003	-9.813325e-006	-9.744404e-005
1.350000e+001	8.430683e-001	8.483892e-001	3.380745e+000	1.000000e+000	-2.384680e-003	6.169650e-007	0.000000e+000	0.000000e+000	1.054726e-004	-2.278590e-003	-9.622285e-006	-9.585035e-005
1.360000e+001	8.265205e-001	8.317378e-001	3.322642e+000	1.000000e+000	-2.344377e-003	6.942659e-007	0.000000e+000	0.000000e+000	1.037157e-004	-2.239967e-003	-9.434930e-006	-9.428076e-005
1.370000e+001	8.102949e-001	8.154106e-001	3.265491e+000	1.000000e+000	-2.304718e-003	7.683023e-007	0.000000e+000	0.000000e+000	1.019861e-004	-2.201963e-003	-9.251190e-006	-9.273496e-005
1.380000e+001	7.943854e-001	7.994014e-001	3.209277e+000	1.000000e+000	-2.265693e-003	8.391716e-007	0.000000e+000	0.000000e+000	1.002836e-004	-2.164570e-003	-9.070994e-006	-9.121263e-005
1.390000e+001	7.787858e-001	7.837041e-001	3.153987e+000	1.000000e+000	-2.227294e-003	9.069686e-007	0.000000e+000	0.000000e+000	9.860775e-005	-2.127779e-003	-8.894276e-006	-8.971348e-005
1.400000e+001	7.634902e-001	7.683126e-001	3.099606e+000	1.000000e+000	-2.189510e-003	9.717856e-007	0.000000e+000	0.000000e+000	9.695816e-005	-2.091581e-003	-8.720969e-006	-8.823719e-005
1.410000e+001	7.484926e-001	7.532211e-001	3.046120e+000	1.000000e+000	-2.152334e-003	1.033713e-006	0.000000e+000	0.000000e+000	9.533446e-005	-2.055966e-003	-8.551008e-006	-8.678346e-005
1.420000e+001	7.337874e-001	7.384237e-001	2.993516e+000	1.000000e+000	-2.115756e-003	1.092838e-006	0.000000e+000	0.000000e+000	9.373632e-005	-2.020927e-003	-8.384330e-006	-8.535199e-005
1.430000e+001	7.193688e-001	7.239148e-001	2.941780e+000	1.000000e+000	-2.079767e-003	1.149245e-006	0.000000e+000	0.000000e+000	9.216335e-005	-1.986454e-003	-8.220870e-006	-8.394248e-005
1.440000e+001	7.052314e-001	7.096887e-001	2.890900e+000	1.000000e+000	-2.044359e-003	1.203019e-006	0.000000e+000	0.000000e+000	9.061522e-005	-1.952541e-003	-8.060569e-006	-8.255465e-005
1.450000e+001	6.913697e-001	6.957401e-001	2.840860e+000	1.000000e+000	-2.009523e-003	1.254240e-006	0.000000e+000	0.000000e+000	8.909156e-005	-1.919177e-003	-7.903366e-006	-8.118819e-005
1.460000e+001	6.777784e-001	6.820635e-001	2.791650e+000	1.000000e+000	-1.975250e-003	1.302987e-006	0.000000e+000	0.000000e+000	8.759203e-005	-1.886355e-003	-7.749200e-006	-7.984283e-005
1.470000e+001	6.644523e-001	6.686538e-001	2.743255e+000	1.000000e+000	-1.941533e-003	1.349337e-006	0.000000e+000	0.000000e+000	8.611628e-005	-1.854067e-003	-7.598015e-006	-7.851826e-005
1.480000e+001	6.513861e-001	6.555057e-001	2.695664e+000	1.000000e+000	-1.908362e-003	1.393363e-006	0.000000e+000	0.000000e+000	8.466397e-005	-1.822305e-003	-7.449754e-006	-7.721422e-005
1.490000e+001	6.385750e-001	6.426141e-001	2.648864e+000	1.000000e+000	-1.875731e-003	1.435140e-006	0.000000e+000	0.000000e+000	8.323477e-005	-1.791061e-003	-7.304359e-006	-7.593041e-005
1.500000e+001	6.260139e-001	6.299742e-001	2.602842e+000	1.000000e+000	-1.843630e-003	1.474737e-006	0.000000e+000	0.000000e+000	8.182835e-005	-1.760327e-003	-7.161778e-006	-7.466657e-005
1.510000e+001	6.136981e-001	6.175811e-001	2.557586e+000	1.000000e+000	-1.812052e-003	1.512223e-006	0.000000e+000	0.000000e+000	8.044437e-005	-1.730096e-003	-7.021954e-006	-7.342241e-005
1.520000e+001	6.016228e-001	6.054299e-001	2.513086e+000	1.000000e+000	-1.780989e-003	1.547667e-006	0.000000e+000	0.000000e+000	7.908251e-005	-1.700359e-003	-6.884837e-006	-7.219767e-005
1.530000e+001	5.897832e-001	5.935160e-001	2.469327e+000	1.000000e+000	-1.750433e-003	1.581132e-006	0.000000e+000	0.000000e+000	7.774245e-005	-1.671110e-003	-6.750374e-006	-7.099207e-005
1.540000e+001	5.781750e-001	5.818348e-001	2.426300e+000	1.000000e+000	-1.720377e-003	1.612682e-006	0.000000e+000	0.000000e+000	7.642387e-005	-1.642340e-003	-6.618514e-006	-6.980535e-005
1.550000e+001	5.667935e-001	5.703819e-001	2.383993e+000	1.000000e+000	-1.690813e-003	1.642380e-006	0.000000e+000	0.000000e+000	7.512646e-005	-1.614044e-003	-6.489207e-006	-6.863725e-005
1.560000e+001	5.556344e-001	5.591527e-001	2.342394e+000	1.000000e+000	-1.661733e-003	1.670285e-006	0.000000e+000	0.000000e+000	7.384991e-005	-1.586213e-003	-6.362405e-006	-6.748750e-005
1.570000e+001	5.446934e-001	5.481429e-001	2.301492e+000	1.000000e+000	-1.633130e-003	1.696456e-006	0.000000e+000	0.000000e+000	7.259391e-005	-1.558840e-003	-6.238059e-006	-6.635585e-005
1.580000e+001	5.339663e-001	5.373483e-001	2.261276e+000	1.000000e+000	-1.604997e-003	1.720949e-006	0.000000e+000	0.000000e+000	7.135816e-005	-1.531918e-003	-6.116122e-006	-6.524204e-005
1.590000e+001	5.234488e-001	5.267648e-001	2.221735e+000	1.000000e+000	-1.577328e-003	1.743820e-006	0.000000e+000	0.000000e+000	7.014236e-005	-1.505441e-003	-5.996549e-006	-6.414581e-005
1.600000e+001	5.131371e-001	5.163882e-001	2.182860e+000	1.000000e+000	-1.550113e-003	1.765124e-006	0.000000e+000	0.000000e+000	6.894622e-005	-1.479402e-003	-5.879293e-006	-6.306693e-005
1.610000e+001	5.030270e-001	5.062145e-001	2.144638e+000	1.000000e+000	-1.523348e-003	1.784911e-006	0.000000e+000	0.000000e+000	6.776945e-005	-1.453793e-003	-5.764311e-006	-6.200514e-005
1.620000e+001	4.931146e-001	4.962398e-001	2.107061e+000	1.000000e+000	-1.497024e-003	1.803234e-006	0.000000e+000	0.000000e+000	6.661175e-005	-1.428609e-003	-5.651558e-006	-6.096019e-005
1.630000e+001	4.833961e-001	4.864602e-001	2.070116e+000	1.000000e+000	-1.471135e-003	1.820142e-006	0.000000e+000	0.000000e+000	6.547285e-005	-1.403842e-003	-5.540992e-006	-5.993185e-005
1.640000e+001	4.738679e-001	4.768719e-001	2.033796e+000	1.000000e+000	-1.445675e-003	1.835683e-006	0.000000e+000	0.000000e+000	6.435246e-005	-1.379487e-003	-5.432571e-006	-5.891988e-005
1.650000e+001	4.645260e-001	4.674713e-001	1.998089e+000	1.000000e+000	-1.420636e-003	1.849904e-006	0.000000e+000	0.000000e+000	6.325030e-005	-1.355536e-003	-5.326254e-006	-5.792405e-005
1.660000e+001	4.553671e-001	4.582547e-001	1.962986e+000	1.000000e+000	-1.396013e-003	1.862850e-006	0.000000e+000	0.000000e+000	6.216611e-005	-1.331984e-003	-5.221999e-006	-5.694411e-005
1.670000e+001	4.463874e-001	4.492185e-001	1.928477e+000	1.000000e+000	-1.371798e-003	1.874566e-006	0.000000e+000	0.000000e+000	6.109961e-005	-1.308824e-003	-5.119769e-006	-5.597984e-005
1.680000e+001	4.375835e-001	4.403592e-001	1.894552e+000	1.000000e+000	-1.347986e-003	1.885095e-006	0.000000e+000	0.000000e+000	6.005054e-005	-1.286050e-003	-5.019523e-006	-5.503101e-005
1.690000e+001	4.289521e-001	4.316734e-001	1.861203e+000	1.000000e+000	-1.324569e-003	1.894479e-006	0.000000e+000	0.000000e+000	5.901863e-005	-1.263656e-003	-4.921224e-006	-5.409740e-005
1.700000e+001	4.204897e-001	4.231577e-001	1.828420e+000	1.000000e+000	-1.301543e-003	1.902758e-006	0.000000e+000	0.000000e+000	5.800362e-005	-1.241637e-003	-4.824834e-006	-5.317879e-005
1.710000e+001	4.121931e-001	4.148088e-001	1.796194e+000	1.000000e+000	-1.278901e-003	1.909972e-006	0.000000e+000	0.000000e+000	5.700526e-005	-1.219986e-003	-4.730316e-006	-5.227495e-005
1.720000e+001	4.040590e-001	4.066235e-001	1.764515e+000	1.000000e+000	-1.256637e-003	1.916160e-006	0.000000e+000	0.000000e+000	5.602330e-005	-1.198697e-003	-4.637635e-006	-5.138566e-005
1.730000e+001	3.960843e-001	3.985985e-001	1.733376e+000	1.000000e+000	-1.234744e-003	1.921358e-006	0.000000e+000	0.000000e+000	5.505748e-005	-1.177766e-003	-4.546755e-006	-5.051072e-005
1.740000e+001	3.882659e-001	3.907309e-001	1.702768e+000	1.000000e+000	-1.213218e-003	1.925604e-006	0.000000e+000	0.000000e+000	5.410755e-005	-1.157185e-003	-4.457641e-006	-4.964991e-005
1.750000e+001	3.806008e-001	3.830174e-001	1.672681e+000	1.000000e+000	-1.192053e-003	1.928932e-006	0.000000e+000	0.000000e+000	5.317329e-005	-1.136950e-003	-4.370260e-006	-4.880303e-005
1.760000e+001	3.730859e-001	3.754552e-001	1.643107e+000	1.000000e+000	-1.171242e-003	1.931376e-006	0.000000e+000	0.000000e+000	5.225444e-005	-1.117056e-003	-4.284578e-006	-4.796986e-005
1.770000e+001	3.657184e-001	3.680412e-001	1.614039e+000	1.000000e+000	-1.150780e-003	1.932970e-006	0.000000e+000	0.000000e+000	5.135076e-005	-1.097496e-003	-4.200562e-006	-4.715020e-005
1.780000e+001	3.584954e-001	3.607727e-001	1.585468e+000	1.000000e+000	-1.130662e-003	1.933747e-006	0.000000e+000	0.000000e+000	5.046203e-005	-1.078266e-003	-4.118180e-006	-4.634385e-005
1.790000e+001	3.514141e-001	3.536467e-001	1.557385e+000	1.000000e+000	-1.110882e-003	1.933737e-006	0.000000e+000	0.000000e+000	4.958802e-005	-1.059360e-003	-4.037402e-006	-4.555062e-005
1.800000e+001	3.444717e-001	3.466604e-001	1.529784e+000	1.000000e+000	-1.091434e-003	1.932971e-006	0.000000e+000	0.000000e+000	4.872850e-005	-1.040773e-003	-3.958195e-006	-4.477030e-005
1.810000e+001	3.376655e-001	3.398113e-001	1.502655e+000	1.000000e+000	-1.072315e-003	1.931479e-006	0.000000e+000	0.000000e+000	4.788323e-005	-1.022500e-003	-3.880529e-006	-4.400270e-005
1.820000e+001	3.309928e-001	3.330965e-001	1.475992e+000	1.000000e+000	-1.053518e-003	1.929289e-006	0.000000e+000	0.000000e+000	4.705201e-005	-1.004536e-003	-3.804375e-006	-4.324764e-005
1.830000e+001	3.244511e-001	3.265136e-001	1.449786e+000	1.000000e+000	-1.035038e-003	1.926429e-006	0.000000e+000	0.000000e+000	4.623462e-005	-9.868767e-004	-3.729704e-006	-4.250491e-005
1.840000e+001	3.180379e-001	3.200598e-001	1.424031e+000	1.000000e+000	-1.016870e-003	1.922927e-006	0.000000e+000	0.000000e+000	4.543083e-005	-9.695162e-004	-3.656488e-006	-4.177435e-005
1.850000e+001	3.117505e-001	3.137328e-001	1.398718e+000	1.000000e+000	-9.990094e-004	1.918809e-006	0.000000e+000	0.000000e+000	4.464045e-005	-9.524502e-004	-3.584697e-006	-4.105575e-005
1.860000e+001	3.055867e-001	3.075300e-001	1.373841e+000	1.000000e+000	-9.814512e-004	1.914099e-006	0.000000e+000	0.000000e+000	4.386325e-005	-9.356738e-004	-3.514304e-006	-4.034894e-005
1.870000e+001	2.995438e-001	3.014490e-001	1.349393e+000	1.000000e+000	-9.641903e-004	1.908824e-006	0.000000e+000	0.000000e+000	4.309903e-005	-9.191825e-004	-3.445284e-006	-3.965374e-005
1.880000e+001	2.936197e-001	2.954874e-001	1.325366e+000	1.000000e+000	-9.472222e-004	1.903007e-006	0.000000e+000	0.000000e+000	4.234759e-005	-9.029716e-004	-3.377608e-006	-3.896998e-005
1.890000e+001	2.878119e-001	2.896430e-001	1.301753e+000	1.000000e+000	-9.305421e-004	1.896670e-006	0.000000e+000	0.000000e+000	4.160873e-005	-8.870367e-004	-3.311251e-006	-3.829748e-005
1.900000e+001	2.821183e-001	2.839134e-001	1.278548e+000	1.000000e+000	-9.141453e-004	1.889838e-006	0.000000e+000	0.000000e+000	4.088225e-005	-8.713732e-004	-3.246188e-006	-3.763606e-005
1.910000e+001	2.765366e-001	2.782963e-001	1.255744e+000	1.000000e+000	-8.980272e-004	1.882531e-006	0.000000e+000	0.000000e+000	4.016795e-005	-8.559768e-004	-3.182394e-006	-3.698556e-005
1.920000e+001	2.710645e-001	2.727897e-001	1.233335e+000	1.000000e+000	-8.821835e-004	1.874771e-006	0.000000e+000	0.000000e+000	3.946565e-005	-8.408431e-004	-3.119843e-006	-3.634581e-005
1.930000e+001	2.657000e-001	2.673913e-001	1.211313e+000	1.000000e+000	-8.666097e-004	1.866579e-006	0.000000e+000	0.000000e+000	3.877515e-005	-8.259680e-004	-3.058513e-006	-3.571664e-005
1.940000e+001	2.604410e-001	2.620991e-001	1.189672e+000	1.000000e+000	-8.513014e-004	1.857974e-006	0.000000e+000	0.000000e+000	3.809627e-005	-8.113471e-004	-2.998379e-006	-3.509789e-005
1.950000e+001	2.552854e-001	2.569109e-001	1.168407e+000	1.000000e+000	-8.362542e-004	1.848977e-006	0.000000e+000	0.000000e+000	3.742882e-005	-7.969764e-004	-2.939419e-006	-3.448940e-005
1.960000e+001	2.502312e-001	2.518247e-001	1.147510e+000	1.000000e+000	-8.214641e-004	1.839604e-006	0.000000e+000	0.000000e+000	3.677263e-005	-7.828518e-004	-2.881609e-006	-3.389102e-005
1.970000e+001	2.452765e-001	2.468386e-001	1.126976e+000	1.000000e+000	-8.069267e-004	1.829876e-006	0.000000e+000	0.000000e+000	3.612750e-005	-7.689693e-004	-2.824927e-006	-3.330258e-005
1.980000e+001	2.404191e-001	2.419505e-001	1.106798e+000	1.000000e+000	-7.926381e-004	1.819809e-006	0.000000e+000	0.000000e+000	3.549328e-005	-7.553250e-004	-2.769352e-006	-3.272392e-005
1.990000e+001	2.356574e-001	2.371586e-001	1.086972e+000	1.000000e+000	-7.785940e-004	1.809421e-006	0.000000e+000	0.000000e+000	3.486977e-005	-7.419148e-004	-2.714863e-006	-3.215491e-005
2.000000e+001	2.309894e-001	2.324611e-001	1.067490e+000	1.000000e+000	-7.647907e-004	1.798728e-006	0.000000e+000	0.000000e+000	3.425682e-005	-7.287351e-004	-2.661437e-006	-3.159538e-005
