TIME          	MC CONC       	STS CONC      	HTS CONC      	SED CONC      	ADV dm/dt     	DISP dm/dt    	DECAY dm/dt   	SORPTION dm/dt	STORAGE dm/dt 	MC dm/dt      	STS dm/dt     	HTS dm/dt     
(hr)          	mg/L          	mg/L          	mg/L          	mg/L          	(mg/L)·(m²/s)  	(mg/L)·(m²/s)  	(mg/L)·(m²/s)  	(mg/L)·(m²/s)  	(mg/L)·(m²/s)  	(mg/L)·(m²/s)  	(mg/L)·(m²/s)  	(mg/L)·(m²/s)  
0.000000e+000	8.880734e-003	8.880734e-003	0.000000e+000	0.000000e+000	2.004095e-004	7.984829e-010	0.000000e+000	0.000000e+000	0.000000e+000	2.004103e-004	0.000000e+000	       NaN
2.000000e-003	8.880734e-003	8.880734e-003	0.000000e+000	1.000000e+000	2.004095e-004	7.984829e-010	0.000000e+000	0.000000e+000	-6.786666e-021	2.004103e-004	6.786666e-021	       NaN
4.000000e-003	8.880734e-003	8.880734e-003	0.000000e+000	1.000000e+000	2.004095e-004	7.984829e-010	0.000000e+000	0.000000e+000	-1.221600e-020	2.004103e-004	1.221600e-020	       NaN
6.000000e-003	8.880734e-003	8.880734e-003	0.000000e+000	1.000000e+000	2.004095e-004	7.984829e-010	0.000000e+000	0.000000e+000	-2.171733e-020	2.004103e-004	2.171733e-020	       NaN
8.000000e-003	8.880734e-003	8.880734e-003	0.000000e+000	1.000000e+000	2.004095e-004	7.984829e-010	0.000000e+000	0.000000e+000	-2.171733e-020	2.004103e-004	2.171733e-020	       NaN
1.000000e-002	8.880734e-003	8.880734e-003	0.000000e+000	1.000000e+000	2.004095e-004	7.984829e-010	0.000000e+000	0.000000e+000	-1.628800e-020	2.004103e-004	1.628800e-020	       NaN
1.200000e-002	8.880734e-003	8.880734e-003	0.000000e+000	1.000000e+000	2.004095e-004	7.984829e-010	0.000000e+000	0.000000e+000	-1.085867e-020	2.004103e-004	1.085867e-020	       NaN
1.400000e-002	8.880734e-003	8.880734e-003	0.000000e+000	1.000000e+000	2.004095e-004	7.984829e-010	0.000000e+000	0.000000e+000	-1.764533e-020	2.004103e-004	1.764533e-020	       NaN
1.600000e-002	8.880734e-003	8.880734e-003	0.000000e+000	1.000000e+000	2.004095e-004	7.984829e-010	0.000000e+000	0.000000e+000	-2.307466e-020	2.004103e-004	2.307466e-020	       NaN
1.800000e-002	8.880734e-003	8.880734e-003	0.000000e+000	1.000000e+000	2.004095e-004	7.984829e-010	0.000000e+000	0.000000e+000	-9.501332e-021	2.004103e-004	9.501332e-021	       NaN
2.000000e-002	8.880734e-003	8.880734e-003	0.000000e+000	1.000000e+000	2.004095e-004	7.984829e-010	0.000000e+000	0.000000e+000	-2.036000e-020	2.004103e-004	2.036000e-020	       NaN
2.200000e-002	8.880734e-003	8.880734e-003	0.000000e+000	1.000000e+000	2.004095e-004	7.984829e-010	0.000000e+000	0.000000e+000	-2.443200e-020	2.004103e-004	2.443200e-020	       NaN
2.400000e-002	8.880734e-003	8.880734e-003	0.000000e+000	1.000000e+000	2.004095e-004	7.984829e-010	0.000000e+000	0.000000e+000	-3.664799e-020	2.004103e-004	3.664799e-020	       NaN
2.600000e-002	8.880734e-003	8.880734e-003	0.000000e+000	1.000000e+000	2.004095e-004	7.984829e-010	0.000000e+000	0.000000e+000	-1.764533e-020	2.004103e-004	1.764533e-020	       NaN
2.800000e-002	8.880734e-003	8.880734e-003	0.000000e+000	1.000000e+000	2.004095e-004	7.984829e-010	0.000000e+000	0.000000e+000	-2.036000e-020	2.004103e-004	2.036000e-020	       NaN
3.000000e-002	8.880734e-003	8.880734e-003	0.000000e+000	1.000000e+000	2.004095e-004	7.984829e-010	0.000000e+000	0.000000e+000	-3.529066e-020	2.004103e-004	3.529066e-020	       NaN
3.200000e-002	8.880734e-003	8.880734e-003	0.000000e+000	1.000000e+000	2.004095e-004	7.984829e-010	0.000000e+000	0.000000e+000	-1.628800e-020	2.004103e-004	1.628800e-020	       NaN
3.400000e-002	8.880734e-003	8.880734e-003	0.000000e+000	1.000000e+000	2.004095e-004	7.984829e-010	0.000000e+000	0.000000e+000	-1.628800e-020	2.004103e-004	1.628800e-020	       NaN
3.600000e-002	8.880734e-003	8.880734e-003	0.000000e+000	1.000000e+000	2.004095e-004	7.984829e-010	0.000000e+000	0.000000e+000	-1.628800e-020	2.004103e-004	1.628800e-020	       NaN
3.800000e-002	8.880734e-003	8.880734e-003	0.000000e+000	1.000000e+000	2.004095e-004	7.984829e-010	0.000000e+000	0.000000e+000	-2.714666e-020	2.004103e-004	2.714666e-020	       NaN
4.000000e-002	8.880734e-003	8.880734e-003	0.000000e+000	1.000000e+000	2.004095e-004	7.984829e-010	0.000000e+000	0.000000e+000	-3.121866e-020	2.004103e-004	3.121866e-020	       NaN
4.200000e-002	8.880734e-003	8.880734e-003	0.000000e+000	1.000000e+000	2.004095e-004	7.984829e-010	0.000000e+000	0.000000e+000	-1.357333e-020	2.004103e-004	1.357333e-020	       NaN
4.400000e-002	8.880734e-003	8.880734e-003	0.000000e+000	1.000000e+000	2.004095e-004	7.984829e-010	0.000000e+000	0.000000e+000	1.764533e-020	2.004103e-004	-1.764533e-020	       NaN
4.600000e-002	8.880734e-003	8.880734e-003	0.000000e+000	1.000000e+000	2.004095e-004	7.984829e-010	0.000000e+000	0.000000e+000	2.623725e-018	2.004103e-004	-2.623725e-018	       NaN
4.800000e-002	8.880734e-003	8.880734e-003	0.000000e+000	1.000000e+000	2.004095e-004	7.984822e-010	0.000000e+000	0.000000e+000	3.085653e-016	2.004103e-004	-3.085653e-016	       NaN
5.000000e-002	8.880734e-003	8.880734e-003	0.000000e+000	1.000000e+000	2.004095e-004	7.984370e-010	0.000000e+000	0.000000e+000	2.323589e-014	2.004103e-004	-2.323589e-014	       NaN
5.200000e-002	8.880734e-003	8.880734e-003	0.000000e+000	1.000000e+000	2.004094e-004	7.966116e-010	0.000000e+000	0.000000e+000	1.129307e-012	2.004102e-004	-1.129307e-012	       NaN
5.400000e-002	8.880705e-003	8.880728e-003	0.000000e+000	1.000000e+000	2.004070e-004	7.504266e-010	0.000000e+000	0.000000e+000	3.548376e-011	2.004078e-004	-3.548376e-011	       NaN
5.600000e-002	8.880125e-003	8.880584e-003	0.000000e+000	1.000000e+000	2.003635e-004	3.100373e-011	0.000000e+000	0.000000e+000	7.186769e-010	2.003642e-004	-7.186769e-010	       NaN
5.800000e-002	8.872520e-003	8.878464e-003	0.000000e+000	1.000000e+000	1.998570e-004	-6.625684e-009	0.000000e+000	0.000000e+000	9.301940e-009	1.998597e-004	-9.301940e-009	       NaN
6.000000e-002	8.810023e-003	8.858407e-003	0.000000e+000	1.000000e+000	1.962546e-004	-4.056487e-008	0.000000e+000	0.000000e+000	7.571644e-008	1.962898e-004	-7.571644e-008	       NaN
6.200000e-002	8.497820e-003	8.739170e-003	0.000000e+000	1.000000e+000	1.812832e-004	-1.185170e-007	0.000000e+000	0.000000e+000	3.776873e-007	1.815424e-004	-3.776873e-007	       NaN
6.400000e-002	7.596578e-003	8.306401e-003	0.000000e+000	1.000000e+000	1.478754e-004	-1.279042e-007	0.000000e+000	0.000000e+000	1.110800e-006	1.488583e-004	-1.110800e-006	       NaN
6.600000e-002	6.212787e-003	7.384303e-003	0.000000e+000	1.000000e+000	1.143518e-004	6.009302e-008	0.000000e+000	0.000000e+000	1.833304e-006	1.162451e-004	-1.833304e-006	       NaN
6.800000e-002	5.252702e-003	6.278115e-003	0.000000e+000	1.000000e+000	1.095643e-004	2.431506e-007	0.000000e+000	0.000000e+000	1.604667e-006	1.114121e-004	-1.604667e-006	       NaN
7.000000e-002	6.567913e-003	5.847023e-003	0.000000e+000	1.000000e+000	2.489938e-004	2.848281e-006	0.000000e+000	0.000000e+000	-1.128119e-006	2.507140e-004	1.128119e-006	       NaN
7.200000e-002	3.869675e-002	1.357021e-002	0.000000e+000	1.000000e+000	2.610779e-003	3.997270e-005	0.000000e+000	0.000000e+000	-3.932048e-005	2.611431e-003	3.932048e-005	       NaN
7.400000e-002	4.174027e-001	1.223606e-001	0.000000e+000	1.000000e+000	2.702742e-002	3.398646e-004	0.000000e+000	0.000000e+000	-4.617109e-004	2.690557e-002	4.617109e-004	       NaN
7.600000e-002	3.193801e+000	1.046930e+000	0.000000e+000	1.000000e+000	1.811087e-001	1.652589e-003	0.000000e+000	0.000000e+000	-3.359635e-003	1.794016e-001	3.359635e-003	       NaN
7.800000e-002	1.551164e+001	5.972131e+000	0.000000e+000	1.000000e+000	7.430280e-001	3.985708e-003	0.000000e+000	0.000000e+000	-1.492836e-002	7.320853e-001	1.492836e-002	       NaN
8.000000e-002	4.636824e+001	2.183437e+001	0.000000e+000	1.000000e+000	1.790141e+000	2.535614e-003	0.000000e+000	0.000000e+000	-3.839301e-002	1.754284e+000	3.839301e-002	       NaN
8.200000e-002	8.372759e+001	5.071404e+001	0.000000e+000	1.000000e+000	2.446490e+000	-5.046144e-003	0.000000e+000	0.000000e+000	-5.166287e-002	2.389781e+000	5.166287e-002	       NaN
8.400000e-002	9.464523e+001	7.665647e+001	0.000000e+000	1.000000e+000	2.043290e+000	-5.443647e-003	0.000000e+000	0.000000e+000	-2.815060e-002	2.009695e+000	2.815060e-002	       NaN
8.600000e-002	8.097336e+001	8.330639e+001	0.000000e+000	1.000000e+000	1.532337e+000	-7.089738e-005	0.000000e+000	0.000000e+000	3.650959e-003	1.535917e+000	-3.650959e-003	       NaN
8.800000e-002	6.571499e+001	7.642274e+001	0.000000e+000	1.000000e+000	1.189811e+000	-6.699581e-004	0.000000e+000	0.000000e+000	1.675655e-002	1.205898e+000	-1.675655e-002	       NaN
9.000000e-002	4.987616e+001	6.421537e+001	0.000000e+000	1.000000e+000	8.332246e-001	5.131813e-004	0.000000e+000	0.000000e+000	2.243940e-002	8.561772e-001	-2.243940e-002	       NaN
9.200000e-002	3.684090e+001	5.058629e+001	0.000000e+000	1.000000e+000	6.096559e-001	3.776655e-004	0.000000e+000	0.000000e+000	2.151015e-002	6.315437e-001	-2.151015e-002	       NaN
9.400000e-002	2.676417e+001	3.844504e+001	0.000000e+000	1.000000e+000	4.304514e-001	4.938938e-004	0.000000e+000	0.000000e+000	1.827937e-002	4.492246e-001	-1.827937e-002	       NaN
9.600000e-002	1.929901e+001	2.850386e+001	0.000000e+000	1.000000e+000	3.082978e-001	3.204768e-004	0.000000e+000	0.000000e+000	1.440465e-002	3.230230e-001	-1.440465e-002	       NaN
9.800000e-002	1.385206e+001	2.082414e+001	0.000000e+000	1.000000e+000	2.219285e-001	3.202035e-004	0.000000e+000	0.000000e+000	1.091059e-002	2.331593e-001	-1.091059e-002	       NaN
1.000000e-001	1.006754e+001	1.513221e+001	0.000000e+000	1.000000e+000	1.636164e-001	2.097915e-004	0.000000e+000	0.000000e+000	7.925689e-003	1.717519e-001	-7.925689e-003	       NaN
1.020000e-001	7.424777e+000	1.103567e+001	0.000000e+000	1.000000e+000	1.232960e-001	1.469027e-004	0.000000e+000	0.000000e+000	5.650675e-003	1.290936e-001	-5.650675e-003	       NaN
1.040000e-001	5.572986e+000	8.129038e+000	0.000000e+000	1.000000e+000	9.446758e-002	1.036680e-004	0.000000e+000	0.000000e+000	3.999962e-003	9.857121e-002	-3.999962e-003	       NaN
1.060000e-001	4.261994e+000	6.071712e+000	0.000000e+000	1.000000e+000	7.397994e-002	7.342473e-005	0.000000e+000	0.000000e+000	2.832025e-003	7.688539e-002	-2.832025e-003	       NaN
1.080000e-001	3.333246e+000	4.614929e+000	0.000000e+000	1.000000e+000	5.941389e-002	4.692023e-005	0.000000e+000	0.000000e+000	2.005704e-003	6.146651e-002	-2.005704e-003	       NaN
1.100000e-001	2.654098e+000	3.577217e+000	0.000000e+000	1.000000e+000	4.804294e-002	2.999274e-005	0.000000e+000	0.000000e+000	1.444587e-003	4.951752e-002	-1.444587e-003	       NaN
1.120000e-001	2.135520e+000	2.819585e+000	0.000000e+000	1.000000e+000	3.907643e-002	2.115862e-005	0.000000e+000	0.000000e+000	1.070493e-003	4.016808e-002	-1.070493e-003	       NaN
1.140000e-001	1.733863e+000	2.251757e+000	0.000000e+000	1.000000e+000	3.210953e-002	1.753560e-005	0.000000e+000	0.000000e+000	8.104521e-004	3.293752e-002	-8.104521e-004	       NaN
1.160000e-001	1.426702e+000	1.820570e+000	0.000000e+000	1.000000e+000	2.683417e-002	1.232003e-005	0.000000e+000	0.000000e+000	6.163629e-004	2.746285e-002	-6.163629e-004	       NaN
1.180000e-001	1.188859e+000	1.491395e+000	0.000000e+000	1.000000e+000	2.263530e-002	9.134570e-006	0.000000e+000	0.000000e+000	4.734380e-004	2.311787e-002	-4.734380e-004	       NaN
1.200000e-001	1.001951e+000	1.237112e+000	0.000000e+000	1.000000e+000	1.927450e-002	4.936488e-006	0.000000e+000	0.000000e+000	3.680027e-004	1.964744e-002	-3.680027e-004	       NaN
1.220000e-001	8.407421e-001	1.035151e+000	0.000000e+000	1.000000e+000	1.583919e-002	2.496532e-009	0.000000e+000	0.000000e+000	3.042296e-004	1.614342e-002	-3.042296e-004	       NaN
1.240000e-001	6.919640e-001	8.614949e-001	0.000000e+000	1.000000e+000	1.303400e-002	8.142293e-006	0.000000e+000	0.000000e+000	2.652986e-004	1.330745e-002	-2.652986e-004	       NaN
1.260000e-001	5.848167e-001	7.171241e-001	0.000000e+000	1.000000e+000	1.146627e-002	6.254775e-006	0.000000e+000	0.000000e+000	2.070477e-004	1.167957e-002	-2.070477e-004	       NaN
1.280000e-001	5.132631e-001	6.090989e-001	0.000000e+000	1.000000e+000	1.040145e-002	4.367930e-006	0.000000e+000	0.000000e+000	1.499734e-004	1.055579e-002	-1.499734e-004	       NaN
1.300000e-001	4.650829e-001	5.321579e-001	0.000000e+000	1.000000e+000	9.711242e-003	3.474259e-006	0.000000e+000	0.000000e+000	1.049656e-004	9.819682e-003	-1.049656e-004	       NaN
1.320000e-001	4.345744e-001	4.793847e-001	0.000000e+000	1.000000e+000	9.323044e-003	2.247288e-006	0.000000e+000	0.000000e+000	7.012353e-005	9.395415e-003	-7.012353e-005	       NaN
1.340000e-001	4.157519e-001	4.447354e-001	0.000000e+000	1.000000e+000	9.082976e-003	1.629207e-006	0.000000e+000	0.000000e+000	4.535622e-005	9.129961e-003	-4.535622e-005	       NaN
1.360000e-001	4.045900e-001	4.226735e-001	0.000000e+000	1.000000e+000	8.954582e-003	9.406098e-007	0.000000e+000	0.000000e+000	2.829880e-005	8.983822e-003	-2.829880e-005	       NaN
1.380000e-001	3.980582e-001	4.090709e-001	0.000000e+000	1.000000e+000	8.880871e-003	6.222555e-007	0.000000e+000	0.000000e+000	1.723369e-005	8.898727e-003	-1.723369e-005	       NaN
1.400000e-001	3.943123e-001	4.008764e-001	0.000000e+000	1.000000e+000	8.839538e-003	3.996170e-007	0.000000e+000	0.000000e+000	1.027209e-005	8.850209e-003	-1.027209e-005	       NaN
1.420000e-001	3.922878e-001	3.960567e-001	0.000000e+000	1.000000e+000	8.822406e-003	2.258466e-007	0.000000e+000	0.000000e+000	5.897841e-006	8.828530e-003	-5.897841e-006	       NaN
1.440000e-001	3.911014e-001	3.933065e-001	0.000000e+000	1.000000e+000	8.803454e-003	7.226452e-008	0.000000e+000	0.000000e+000	3.450668e-006	8.806977e-003	-3.450668e-006	       NaN
1.460000e-001	3.901536e-001	3.915983e-001	0.000000e+000	1.000000e+000	8.789271e-003	1.345771e-007	0.000000e+000	0.000000e+000	2.260716e-006	8.791666e-003	-2.260716e-006	       NaN
1.480000e-001	3.895954e-001	3.905006e-001	0.000000e+000	1.000000e+000	8.781461e-003	-6.159870e-009	0.000000e+000	0.000000e+000	1.416534e-006	8.782871e-003	-1.416534e-006	       NaN
1.500000e-001	3.885778e-001	3.896571e-001	0.000000e+000	1.000000e+000	8.730993e-003	-5.340094e-007	0.000000e+000	0.000000e+000	1.688918e-006	8.732148e-003	-1.688918e-006	       NaN
1.520000e-001	3.838065e-001	3.876544e-001	0.000000e+000	1.000000e+000	8.490527e-003	-2.225155e-006	0.000000e+000	0.000000e+000	6.021564e-006	8.494323e-003	-6.021564e-006	       NaN
1.540000e-001	3.664585e-001	3.800872e-001	0.000000e+000	1.000000e+000	7.743921e-003	-4.847579e-006	0.000000e+000	0.000000e+000	2.132753e-005	7.760401e-003	-2.132753e-005	       NaN
1.560000e-001	3.249472e-001	3.584061e-001	0.000000e+000	1.000000e+000	6.273048e-003	-5.981587e-006	0.000000e+000	0.000000e+000	5.235976e-005	6.319426e-003	-5.235976e-005	       NaN
1.580000e-001	2.567130e-001	3.147601e-001	0.000000e+000	1.000000e+000	4.304601e-003	-3.280180e-006	0.000000e+000	0.000000e+000	9.083779e-005	4.392158e-003	-9.083779e-005	       NaN
1.600000e-001	1.790536e-001	2.512175e-001	0.000000e+000	1.000000e+000	2.652328e-003	3.246814e-006	0.000000e+000	0.000000e+000	1.129293e-004	2.768504e-003	-1.129293e-004	       NaN
1.620000e-001	1.206731e-001	1.848544e-001	0.000000e+000	1.000000e+000	1.812247e-003	3.453891e-006	0.000000e+000	0.000000e+000	1.004372e-004	1.916138e-003	-1.004372e-004	       NaN
1.640000e-001	8.122291e-002	1.309350e-001	0.000000e+000	1.000000e+000	1.136677e-003	1.473656e-006	0.000000e+000	0.000000e+000	7.779442e-005	1.215945e-003	-7.779442e-005	       NaN
1.660000e-001	5.238831e-002	8.949403e-002	0.000000e+000	1.000000e+000	7.394506e-004	2.463357e-006	0.000000e+000	0.000000e+000	5.806669e-005	7.999807e-004	-5.806669e-005	       NaN
1.680000e-001	3.489768e-002	6.015760e-002	0.000000e+000	1.000000e+000	4.902678e-004	8.508706e-007	0.000000e+000	0.000000e+000	3.952922e-005	5.306479e-004	-3.952922e-005	       NaN
1.700000e-001	2.305867e-002	4.014181e-002	0.000000e+000	1.000000e+000	3.387242e-004	1.039055e-006	0.000000e+000	0.000000e+000	2.673339e-005	3.664967e-004	-2.673339e-005	       NaN
1.720000e-001	1.598327e-002	2.699276e-002	0.000000e+000	1.000000e+000	2.433665e-004	5.454156e-007	0.000000e+000	0.000000e+000	1.722874e-005	2.611407e-004	-1.722874e-005	       NaN
1.740000e-001	1.172923e-002	1.858231e-002	0.000000e+000	1.000000e+000	2.014471e-004	3.495638e-007	0.000000e+000	0.000000e+000	1.072437e-005	2.125210e-004	-1.072437e-005	       NaN
1.760000e-001	9.342655e-003	1.346594e-002	0.000000e+000	1.000000e+000	1.738534e-004	2.864387e-007	0.000000e+000	0.000000e+000	6.452522e-006	1.805923e-004	-6.452522e-006	       NaN
1.780000e-001	8.151335e-003	1.046305e-002	0.000000e+000	1.000000e+000	1.666576e-004	1.145578e-007	0.000000e+000	0.000000e+000	3.617597e-006	1.703897e-004	-3.617597e-006	       NaN
1.800000e-001	7.538550e-003	8.810977e-003	0.000000e+000	1.000000e+000	1.595490e-004	3.560056e-008	0.000000e+000	0.000000e+000	1.991220e-006	1.615758e-004	-1.991220e-006	       NaN
1.820000e-001	7.122462e-003	7.872241e-003	0.000000e+000	1.000000e+000	1.542452e-004	5.374253e-008	0.000000e+000	0.000000e+000	1.173328e-006	1.554722e-004	-1.173328e-006	       NaN
1.840000e-001	6.878915e-003	7.322135e-003	0.000000e+000	1.000000e+000	1.504790e-004	-7.656930e-010	0.000000e+000	0.000000e+000	6.935939e-007	1.511718e-004	-6.935939e-007	       NaN
1.860000e-001	6.630692e-003	6.964493e-003	0.000000e+000	1.000000e+000	1.439910e-004	-2.338713e-008	0.000000e+000	0.000000e+000	5.223655e-007	1.444899e-004	-5.223655e-007	       NaN
1.880000e-001	6.328050e-003	6.649671e-003	0.000000e+000	1.000000e+000	1.382180e-004	6.062308e-008	0.000000e+000	0.000000e+000	5.033039e-007	1.387819e-004	-5.033039e-007	       NaN
1.900000e-001	6.322686e-003	6.426826e-003	0.000000e+000	1.000000e+000	1.464640e-004	6.578606e-008	0.000000e+000	0.000000e+000	1.629677e-007	1.466927e-004	-1.629677e-007	       NaN
1.920000e-001	6.575793e-003	6.454126e-003	0.000000e+000	1.000000e+000	1.522050e-004	-3.248393e-008	0.000000e+000	0.000000e+000	-1.903970e-007	1.519821e-004	1.903970e-007	       NaN
1.940000e-001	6.696876e-003	6.578122e-003	0.000000e+000	1.000000e+000	1.526532e-004	-2.310635e-009	0.000000e+000	0.000000e+000	-1.858382e-007	1.524651e-004	1.858382e-007	       NaN
1.960000e-001	6.742518e-003	6.672568e-003	0.000000e+000	1.000000e+000	1.515590e-004	-5.299078e-008	0.000000e+000	0.000000e+000	-1.094638e-007	1.513966e-004	1.094638e-007	       NaN
1.980000e-001	6.544713e-003	6.660382e-003	0.000000e+000	1.000000e+000	1.417580e-004	-1.975298e-008	0.000000e+000	0.000000e+000	1.810097e-007	1.419193e-004	-1.810097e-007	       NaN
2.000000e-001	6.313320e-003	6.493416e-003	0.000000e+000	1.000000e+000	1.411460e-004	7.502212e-008	0.000000e+000	0.000000e+000	2.818312e-007	1.415028e-004	-2.818312e-007	       NaN
