RUN           	REACH         	DISPERSION    	AREA          	AREA2         	AREA3         	ALPHA         	ALPHA3        	QLATIN        	Objective Func
0.000000e+000	1.000000e+000	2.000000e-003	1.570000e-001	1.180000e-002	0.000000e+000	1.000000e-002	0.000000e+000	5.600000e-004	1.826260e+000
1.000000e+000	1.000000e+000	2.602547e-003	1.595296e-001	1.172845e-002	0.000000e+000	1.056208e-002	0.000000e+000	5.600000e-004	4.454288e+000
2.000000e+000	1.000000e+000	1.943166e-003	1.561650e-001	1.179223e-002	0.000000e+000	9.130614e-003	0.000000e+000	5.600000e-004	2.054202e+000
3.000000e+000	1.000000e+000	1.260656e-003	1.594654e-001	1.178812e-002	0.000000e+000	1.093086e-002	0.000000e+000	5.600000e-004	4.793069e+000
4.000000e+000	1.000000e+000	1.979828e-003	1.561658e-001	1.197326e-002	0.000000e+000	1.098460e-002	0.000000e+000	5.600000e-004	1.645385e+000
5.000000e+000	1.000000e+000	3.121313e-003	1.541102e-001	1.162783e-002	0.000000e+000	9.626455e-003	0.000000e+000	5.600000e-004	3.934226e+000
6.000000e+000	1.000000e+000	1.192249e-003	1.590804e-001	1.173843e-002	0.000000e+000	9.946142e-003	0.000000e+000	5.600000e-004	3.924259e+000
7.000000e+000	1.000000e+000	3.128003e-003	1.508968e-001	1.169512e-002	0.000000e+000	9.597619e-003	0.000000e+000	5.600000e-004	7.920983e+000
8.000000e+000	1.000000e+000	3.818962e-003	1.526392e-001	1.186871e-002	0.000000e+000	1.090507e-002	0.000000e+000	5.600000e-004	5.026617e+000
9.000000e+000	1.000000e+000	2.153126e-003	1.500896e-001	1.185386e-002	0.000000e+000	9.487179e-003	0.000000e+000	5.600000e-004	8.938399e+000
1.000000e+001	1.000000e+000	3.888325e-003	1.527734e-001	1.169866e-002	0.000000e+000	9.034899e-003	0.000000e+000	5.600000e-004	5.859079e+000
1.100000e+001	1.000000e+000	2.068166e-003	1.536837e-001	1.164612e-002	0.000000e+000	1.085463e-002	0.000000e+000	5.600000e-004	3.944373e+000
1.200000e+001	1.000000e+000	3.772805e-003	1.523351e-001	1.180891e-002	0.000000e+000	1.012718e-002	0.000000e+000	5.600000e-004	5.780538e+000
1.300000e+001	1.000000e+000	3.930015e-003	1.564074e-001	1.193340e-002	0.000000e+000	1.045019e-002	0.000000e+000	5.600000e-004	1.517293e+000
1.400000e+001	1.000000e+000	2.810672e-003	1.509079e-001	1.197577e-002	0.000000e+000	9.204687e-003	0.000000e+000	5.600000e-004	7.974380e+000
1.500000e+001	1.000000e+000	9.290611e-004	1.548371e-001	1.187239e-002	0.000000e+000	9.990954e-003	0.000000e+000	5.600000e-004	2.906107e+000
1.600000e+001	1.000000e+000	5.601105e-004	1.573386e-001	1.196371e-002	0.000000e+000	1.001205e-002	0.000000e+000	5.600000e-004	2.348167e+000
1.700000e+001	1.000000e+000	7.350609e-004	1.549929e-001	1.184634e-002	0.000000e+000	1.085250e-002	0.000000e+000	5.600000e-004	2.471529e+000
1.800000e+001	1.000000e+000	1.573186e-003	1.517218e-001	1.194985e-002	0.000000e+000	9.459591e-003	0.000000e+000	5.600000e-004	6.930227e+000
1.900000e+001	1.000000e+000	3.011725e-003	1.542234e-001	1.177399e-002	0.000000e+000	9.527405e-003	0.000000e+000	5.600000e-004	3.778502e+000
2.000000e+001	1.000000e+000	2.690268e-003	1.515402e-001	1.183517e-002	0.000000e+000	9.817773e-003	0.000000e+000	5.600000e-004	6.955858e+000
2.100000e+001	1.000000e+000	4.308260e-003	1.519759e-001	1.198678e-002	0.000000e+000	9.856690e-003	0.000000e+000	5.600000e-004	6.241581e+000
2.200000e+001	1.000000e+000	2.614521e-003	1.549059e-001	1.175685e-002	0.000000e+000	9.810801e-003	0.000000e+000	5.600000e-004	2.858409e+000
2.300000e+001	1.000000e+000	4.590543e-003	1.599700e-001	1.183428e-002	0.000000e+000	1.045082e-002	0.000000e+000	5.600000e-004	4.687083e+000
2.400000e+001	1.000000e+000	2.489005e-003	1.578859e-001	1.179811e-002	0.000000e+000	1.027975e-002	0.000000e+000	5.600000e-004	2.523010e+000
2.500000e+001	1.000000e+000	9.178368e-004	1.589360e-001	1.181261e-002	0.000000e+000	9.220900e-003	0.000000e+000	5.600000e-004	3.541758e+000
2.600000e+001	1.000000e+000	4.587709e-003	1.582625e-001	1.177179e-002	0.000000e+000	1.027941e-002	0.000000e+000	5.600000e-004	2.679645e+000
2.700000e+001	1.000000e+000	2.801685e-003	1.503890e-001	1.194959e-002	0.000000e+000	1.007194e-002	0.000000e+000	5.600000e-004	8.175285e+000
2.800000e+001	1.000000e+000	2.753115e-003	1.561897e-001	1.181180e-002	0.000000e+000	1.003307e-002	0.000000e+000	5.600000e-004	1.678488e+000
2.900000e+001	1.000000e+000	2.069358e-003	1.519693e-001	1.190086e-002	0.000000e+000	9.756732e-003	0.000000e+000	5.600000e-004	6.446358e+000
3.000000e+001	1.000000e+000	2.178899e-003	1.580612e-001	1.182069e-002	0.000000e+000	9.740752e-003	0.000000e+000	5.600000e-004	2.559072e+000
3.100000e+001	1.000000e+000	9.424693e-004	1.585798e-001	1.162101e-002	0.000000e+000	1.014701e-002	0.000000e+000	5.600000e-004	3.493539e+000
3.200000e+001	1.000000e+000	4.392008e-003	1.554469e-001	1.186019e-002	0.000000e+000	9.433694e-003	0.000000e+000	5.600000e-004	2.429837e+000
3.300000e+001	1.000000e+000	1.126131e-003	1.549404e-001	1.175984e-002	0.000000e+000	1.005748e-002	0.000000e+000	5.600000e-004	2.812251e+000
3.400000e+001	1.000000e+000	3.398901e-003	1.564449e-001	1.197617e-002	0.000000e+000	1.014323e-002	0.000000e+000	5.600000e-004	1.545265e+000
3.500000e+001	1.000000e+000	1.088313e-003	1.519928e-001	1.171739e-002	0.000000e+000	9.568715e-003	0.000000e+000	5.600000e-004	6.706098e+000
3.600000e+001	1.000000e+000	2.094566e-003	1.577605e-001	1.184429e-002	0.000000e+000	1.042695e-002	0.000000e+000	5.600000e-004	2.518244e+000
3.700000e+001	1.000000e+000	4.706628e-003	1.551106e-001	1.173293e-002	0.000000e+000	9.573155e-003	0.000000e+000	5.600000e-004	2.756523e+000
3.800000e+001	1.000000e+000	3.762385e-003	1.543508e-001	1.195664e-002	0.000000e+000	9.419126e-003	0.000000e+000	5.600000e-004	3.602359e+000
3.900000e+001	1.000000e+000	2.511521e-003	1.569081e-001	1.187238e-002	0.000000e+000	1.017499e-002	0.000000e+000	5.600000e-004	1.726020e+000
4.000000e+001	1.000000e+000	1.033231e-003	1.553247e-001	1.167734e-002	0.000000e+000	1.012055e-002	0.000000e+000	5.600000e-004	2.481795e+000
4.100000e+001	1.000000e+000	1.898230e-003	1.556171e-001	1.186079e-002	0.000000e+000	1.028657e-002	0.000000e+000	5.600000e-004	1.986842e+000
4.200000e+001	1.000000e+000	4.997322e-003	1.522665e-001	1.170907e-002	0.000000e+000	1.099824e-002	0.000000e+000	5.600000e-004	5.540939e+000
4.300000e+001	1.000000e+000	3.419564e-003	1.558655e-001	1.189042e-002	0.000000e+000	9.915521e-003	0.000000e+000	5.600000e-004	1.839846e+000
4.400000e+001	1.000000e+000	1.236111e-003	1.517129e-001	1.196218e-002	0.000000e+000	9.582159e-003	0.000000e+000	5.600000e-004	6.893528e+000
4.500000e+001	1.000000e+000	2.308648e-003	1.560941e-001	1.185870e-002	0.000000e+000	9.731547e-003	0.000000e+000	5.600000e-004	1.818784e+000
4.600000e+001	1.000000e+000	6.117147e-004	1.554670e-001	1.198059e-002	0.000000e+000	1.057786e-002	0.000000e+000	5.600000e-004	2.119596e+000
4.700000e+001	1.000000e+000	4.292322e-003	1.571281e-001	1.180313e-002	0.000000e+000	1.028282e-002	0.000000e+000	5.600000e-004	1.714833e+000
4.800000e+001	1.000000e+000	2.295455e-003	1.517165e-001	1.193691e-002	0.000000e+000	1.064624e-002	0.000000e+000	5.600000e-004	6.303304e+000
4.900000e+001	1.000000e+000	2.415031e-003	1.547092e-001	1.198561e-002	0.000000e+000	1.058093e-002	0.000000e+000	5.600000e-004	2.626844e+000
5.000000e+001	1.000000e+000	2.470512e-003	1.570918e-001	1.184499e-002	0.000000e+000	1.035504e-002	0.000000e+000	5.600000e-004	1.869453e+000
5.100000e+001	1.000000e+000	3.565500e-003	1.588256e-001	1.169497e-002	0.000000e+000	9.600331e-003	0.000000e+000	5.600000e-004	3.094368e+000
5.200000e+001	1.000000e+000	3.630571e-003	1.562589e-001	1.190991e-002	0.000000e+000	1.050376e-002	0.000000e+000	5.600000e-004	1.532734e+000
5.300000e+001	1.000000e+000	4.391005e-003	1.568926e-001	1.176475e-002	0.000000e+000	9.942903e-003	0.000000e+000	5.600000e-004	1.569061e+000
5.400000e+001	1.000000e+000	3.336161e-003	1.532822e-001	1.172951e-002	0.000000e+000	1.049216e-002	0.000000e+000	5.600000e-004	4.490854e+000
5.500000e+001	1.000000e+000	2.773261e-003	1.561328e-001	1.186471e-002	0.000000e+000	1.035085e-002	0.000000e+000	5.600000e-004	1.628154e+000
5.600000e+001	1.000000e+000	2.928046e-003	1.533864e-001	1.183927e-002	0.000000e+000	9.965709e-003	0.000000e+000	5.600000e-004	4.548846e+000
5.700000e+001	1.000000e+000	2.830520e-003	1.562944e-001	1.192073e-002	0.000000e+000	1.064826e-002	0.000000e+000	5.600000e-004	1.565625e+000
5.800000e+001	1.000000e+000	3.761215e-003	1.542359e-001	1.194785e-002	0.000000e+000	1.017093e-002	0.000000e+000	5.600000e-004	3.353812e+000
5.900000e+001	1.000000e+000	2.574478e-003	1.571049e-001	1.185248e-002	0.000000e+000	9.848298e-003	0.000000e+000	5.600000e-004	1.771855e+000
6.000000e+001	1.000000e+000	2.542385e-003	1.573339e-001	1.161197e-002	0.000000e+000	9.164305e-003	0.000000e+000	5.600000e-004	1.820790e+000
6.100000e+001	1.000000e+000	4.309276e-003	1.539510e-001	1.189089e-002	0.000000e+000	9.589936e-003	0.000000e+000	5.600000e-004	4.013609e+000
6.200000e+001	1.000000e+000	1.971506e-003	1.577980e-001	1.177655e-002	0.000000e+000	9.857091e-003	0.000000e+000	5.600000e-004	2.377294e+000
6.300000e+001	1.000000e+000	2.098007e-003	1.570514e-001	1.185916e-002	0.000000e+000	9.962555e-003	0.000000e+000	5.600000e-004	1.826812e+000
6.400000e+001	1.000000e+000	6.895766e-004	1.583994e-001	1.189662e-002	0.000000e+000	1.007843e-002	0.000000e+000	5.600000e-004	3.346186e+000
6.500000e+001	1.000000e+000	3.702365e-003	1.559328e-001	1.177385e-002	0.000000e+000	9.699473e-003	0.000000e+000	5.600000e-004	1.897291e+000
6.600000e+001	1.000000e+000	1.709886e-003	1.574627e-001	1.197595e-002	0.000000e+000	1.029411e-002	0.000000e+000	5.600000e-004	2.269444e+000
6.700000e+001	1.000000e+000	3.204245e-003	1.563152e-001	1.182438e-002	0.000000e+000	9.848131e-003	0.000000e+000	5.600000e-004	1.640953e+000
6.800000e+001	1.000000e+000	3.993864e-003	1.552294e-001	1.195587e-002	0.000000e+000	1.007928e-002	0.000000e+000	5.600000e-004	2.307178e+000
6.900000e+001	1.000000e+000	3.536432e-003	1.564853e-001	1.176705e-002	0.000000e+000	9.631899e-003	0.000000e+000	5.600000e-004	1.628051e+000
7.000000e+001	1.000000e+000	3.871869e-003	1.556127e-001	1.183722e-002	0.000000e+000	9.979870e-003	0.000000e+000	5.600000e-004	2.030294e+000
7.100000e+001	1.000000e+000	2.898826e-003	1.567318e-001	1.184867e-002	0.000000e+000	9.881191e-003	0.000000e+000	5.600000e-004	1.612771e+000
7.200000e+001	1.000000e+000	4.532912e-003	1.522412e-001	1.191173e-002	0.000000e+000	9.958080e-003	0.000000e+000	5.600000e-004	5.901469e+000
7.300000e+001	1.000000e+000	3.541449e-003	1.576194e-001	1.178511e-002	0.000000e+000	9.809347e-003	0.000000e+000	5.600000e-004	2.000760e+000
7.400000e+001	1.000000e+000	3.663401e-003	1.552220e-001	1.181714e-002	0.000000e+000	1.089879e-002	0.000000e+000	5.600000e-004	2.078390e+000
7.500000e+001	1.000000e+000	3.511960e-003	1.570690e-001	1.183898e-002	0.000000e+000	9.980647e-003	0.000000e+000	5.600000e-004	1.680465e+000
7.600000e+001	1.000000e+000	4.018889e-003	1.559812e-001	1.180581e-002	0.000000e+000	9.955914e-003	0.000000e+000	5.600000e-004	1.770096e+000
7.700000e+001	1.000000e+000	3.638692e-003	1.567971e-001	1.183069e-002	0.000000e+000	9.974464e-003	0.000000e+000	5.600000e-004	1.575248e+000
7.800000e+001	1.000000e+000	5.590266e-004	1.599834e-001	1.165752e-002	0.000000e+000	9.915214e-003	0.000000e+000	5.600000e-004	5.102356e+000
7.900000e+001	1.000000e+000	3.061368e-003	1.563258e-001	1.185952e-002	0.000000e+000	9.886801e-003	0.000000e+000	5.600000e-004	1.630226e+000
8.000000e+001	1.000000e+000	3.386985e-003	1.561429e-001	1.194937e-002	0.000000e+000	9.972569e-003	0.000000e+000	5.600000e-004	1.651016e+000
8.100000e+001	1.000000e+000	4.075098e-003	1.568872e-001	1.179998e-002	0.000000e+000	1.021966e-002	0.000000e+000	5.600000e-004	1.596794e+000
8.200000e+001	1.000000e+000	4.686704e-003	1.569653e-001	1.178842e-002	0.000000e+000	1.011293e-002	0.000000e+000	5.600000e-004	1.600002e+000
8.300000e+001	1.000000e+000	3.604208e-003	1.563838e-001	1.195253e-002	0.000000e+000	1.003574e-002	0.000000e+000	5.600000e-004	1.560239e+000
8.400000e+001	1.000000e+000	4.142874e-003	1.567857e-001	1.198545e-002	0.000000e+000	1.062349e-002	0.000000e+000	5.600000e-004	1.618626e+000
8.500000e+001	1.000000e+000	4.208116e-003	1.556809e-001	1.196700e-002	0.000000e+000	9.801281e-003	0.000000e+000	5.600000e-004	2.016801e+000
8.600000e+001	1.000000e+000	1.680253e-003	1.573290e-001	1.168666e-002	0.000000e+000	1.053231e-002	0.000000e+000	5.600000e-004	2.236543e+000
8.700000e+001	1.000000e+000	3.576150e-003	1.560929e-001	1.189691e-002	0.000000e+000	9.984038e-003	0.000000e+000	5.600000e-004	1.678405e+000
8.800000e+001	1.000000e+000	3.956513e-003	1.557809e-001	1.191573e-002	0.000000e+000	1.033364e-002	0.000000e+000	5.600000e-004	1.761058e+000
8.900000e+001	1.000000e+000	2.872769e-003	1.566263e-001	1.188322e-002	0.000000e+000	1.021465e-002	0.000000e+000	5.600000e-004	1.596100e+000
9.000000e+001	1.000000e+000	3.962427e-003	1.543740e-001	1.173895e-002	0.000000e+000	1.055667e-002	0.000000e+000	5.600000e-004	3.133373e+000
9.100000e+001	1.000000e+000	2.800278e-003	1.569059e-001	1.175130e-002	0.000000e+000	9.738136e-003	0.000000e+000	5.600000e-004	1.663165e+000
9.200000e+001	1.000000e+000	3.343082e-003	1.568229e-001	1.191654e-002	0.000000e+000	1.027309e-002	0.000000e+000	5.600000e-004	1.621366e+000
9.300000e+001	1.000000e+000	3.665644e-003	1.565863e-001	1.192762e-002	0.000000e+000	1.040403e-002	0.000000e+000	5.600000e-004	1.542482e+000
9.400000e+001	1.000000e+000	3.012653e-003	1.522806e-001	1.197386e-002	0.000000e+000	9.961650e-003	0.000000e+000	5.600000e-004	5.859140e+000
9.500000e+001	1.000000e+000	1.992916e-003	1.568233e-001	1.193875e-002	0.000000e+000	1.019854e-002	0.000000e+000	5.600000e-004	1.758655e+000
9.600000e+001	1.000000e+000	4.075964e-003	1.562748e-001	1.162411e-002	0.000000e+000	1.065724e-002	0.000000e+000	5.600000e-004	1.571341e+000
9.700000e+001	1.000000e+000	2.670318e-003	1.515842e-001	1.185258e-002	0.000000e+000	1.078963e-002	0.000000e+000	5.600000e-004	6.448570e+000
9.800000e+001	1.000000e+000	2.984757e-003	1.567032e-001	1.182945e-002	0.000000e+000	1.007404e-002	0.000000e+000	5.600000e-004	1.602294e+000
9.900000e+001	1.000000e+000	4.156744e-003	1.563379e-001	1.195846e-002	0.000000e+000	1.044196e-002	0.000000e+000	5.600000e-004	1.517938e+000
1.000000e+002	1.000000e+000	4.626114e-003	1.552762e-001	1.188409e-002	0.000000e+000	1.015684e-002	0.000000e+000	5.600000e-004	2.272678e+000
