RUN           	REACH         	DISPERSION    	AREA          	AREA2         	AREA3         	ALPHA         	ALPHA3        	QLATIN        	Objective Func
0.000000e+000	1.000000e+000	9.900000e-001	3.514300e-001	1.757150e-001	1.281300e-001	4.751400e-003	5.911600e-005	1.800000e-005	4.040309e-001
1.000000e+000	1.000000e+000	1.215353e+000	3.464141e-001	1.732070e-001	1.213061e-001	4.976478e-003	5.642271e-005	1.800000e-005	4.790900e-001
2.000000e+000	1.000000e+000	1.001447e+000	3.593086e-001	1.796543e-001	1.389308e-001	4.740292e-003	5.338069e-005	1.800000e-005	4.210513e-001
3.000000e+000	1.000000e+000	8.113897e-001	3.523317e-001	1.761658e-001	1.386632e-001	4.664425e-003	6.984604e-005	1.800000e-005	4.222290e-001
4.000000e+000	1.000000e+000	9.572682e-001	3.413913e-001	1.706956e-001	1.230767e-001	4.656614e-003	5.822047e-005	1.800000e-005	4.592645e-001
5.000000e+000	1.000000e+000	8.149926e-001	3.516800e-001	1.758400e-001	1.259762e-001	4.954018e-003	5.692162e-005	1.800000e-005	4.188848e-001
6.000000e+000	1.000000e+000	3.165829e-001	3.590507e-001	1.795254e-001	1.252784e-001	4.618901e-003	6.475094e-005	1.800000e-005	9.468256e-001
7.000000e+000	1.000000e+000	1.073296e+000	3.401793e-001	1.700896e-001	1.326932e-001	4.683681e-003	5.487179e-005	1.800000e-005	5.193093e-001
8.000000e+000	1.000000e+000	1.178849e+000	3.449329e-001	1.724664e-001	1.269696e-001	4.508725e-003	5.554679e-005	1.800000e-005	4.943249e-001
9.000000e+000	1.000000e+000	1.405508e+000	3.545458e-001	1.772729e-001	1.312718e-001	4.684183e-003	5.230586e-005	1.800000e-005	5.180018e-001
1.000000e+001	1.000000e+000	5.035568e-001	3.545019e-001	1.772509e-001	1.328147e-001	4.761134e-003	6.524451e-005	1.800000e-005	6.132044e-001
1.100000e+001	1.000000e+000	1.283541e+000	3.418158e-001	1.709079e-001	1.387887e-001	4.756741e-003	5.204687e-005	1.800000e-005	5.887703e-001
1.200000e+001	1.000000e+000	3.239510e-001	3.536193e-001	1.768097e-001	1.202672e-001	4.747739e-003	5.967416e-005	1.800000e-005	9.143889e-001
1.300000e+001	1.000000e+000	8.578303e-001	3.410447e-001	1.705224e-001	1.385250e-001	4.866928e-003	6.818534e-005	1.800000e-005	4.105740e-001
1.400000e+001	1.000000e+000	8.490808e-001	3.417237e-001	1.708618e-001	1.294051e-001	4.807929e-003	6.445836e-005	1.800000e-005	4.209702e-001
1.500000e+001	1.000000e+000	8.962204e-001	3.447697e-001	1.723849e-001	1.245959e-001	4.529510e-003	6.899832e-005	1.800000e-005	4.018201e-001
1.600000e+001	1.000000e+000	4.238375e-001	3.462309e-001	1.731154e-001	1.226351e-001	4.937317e-003	6.968265e-005	1.800000e-005	7.332117e-001
1.700000e+001	1.000000e+000	6.815936e-001	3.400108e-001	1.700054e-001	1.222286e-001	4.631888e-003	5.549176e-005	1.800000e-005	5.012438e-001
1.800000e+001	1.000000e+000	1.196847e+000	3.497345e-001	1.748673e-001	1.281777e-001	4.846839e-003	6.297970e-005	1.800000e-005	4.490573e-001
1.900000e+001	1.000000e+000	4.002240e-001	3.546137e-001	1.773068e-001	1.316921e-001	4.793960e-003	5.316979e-005	1.800000e-005	7.461703e-001
2.000000e+001	1.000000e+000	8.015048e-001	3.564334e-001	1.782167e-001	1.369256e-001	4.766041e-003	6.425575e-005	1.800000e-005	4.400239e-001
2.100000e+001	1.000000e+000	7.568487e-001	3.493110e-001	1.746555e-001	1.300304e-001	4.598797e-003	6.933892e-005	1.800000e-005	4.153235e-001
2.200000e+001	1.000000e+000	1.496101e+000	3.458036e-001	1.729018e-001	1.212421e-001	4.792853e-003	6.946247e-005	1.800000e-005	5.444019e-001
2.300000e+001	1.000000e+000	1.173270e+000	3.496548e-001	1.748274e-001	1.295502e-001	4.693671e-003	5.694018e-005	1.800000e-005	4.542836e-001
2.400000e+001	1.000000e+000	6.784531e-001	3.526388e-001	1.763194e-001	1.290802e-001	4.931216e-003	6.658775e-005	1.800000e-005	4.860007e-001
2.500000e+001	1.000000e+000	1.196521e+000	3.520998e-001	1.760499e-001	1.333113e-001	4.542196e-003	5.361088e-005	1.800000e-005	4.659620e-001
2.600000e+001	1.000000e+000	5.920523e-001	3.493334e-001	1.746667e-001	1.264908e-001	4.916394e-003	6.709986e-005	1.800000e-005	5.327006e-001
2.700000e+001	1.000000e+000	1.045404e+000	3.514082e-001	1.757041e-001	1.316061e-001	4.635745e-003	5.698313e-005	1.800000e-005	4.172453e-001
2.800000e+001	1.000000e+000	8.091126e-001	3.567432e-001	1.783716e-001	1.399749e-001	4.844283e-003	6.791720e-005	1.800000e-005	4.589824e-001
2.900000e+001	1.000000e+000	2.682672e-001	3.422870e-001	1.711435e-001	1.381565e-001	4.794843e-003	6.737623e-005	1.800000e-005	9.051678e-001
3.000000e+001	1.000000e+000	6.814231e-001	3.493311e-001	1.746655e-001	1.272203e-001	4.844836e-003	6.525712e-005	1.800000e-005	4.583625e-001
3.100000e+001	1.000000e+000	1.012434e+000	3.470559e-001	1.735279e-001	1.229142e-001	4.585457e-003	5.561563e-005	1.800000e-005	4.307058e-001
3.200000e+001	1.000000e+000	1.044853e+000	3.428510e-001	1.714255e-001	1.269280e-001	4.724556e-003	5.753189e-005	1.800000e-005	4.650183e-001
3.300000e+001	1.000000e+000	8.623419e-001	3.530378e-001	1.765189e-001	1.344262e-001	4.755670e-003	6.257479e-005	1.800000e-005	4.038092e-001
3.400000e+001	1.000000e+000	6.920272e-001	3.501729e-001	1.750864e-001	1.376834e-001	4.717587e-003	6.710872e-005	1.800000e-005	4.292700e-001
3.500000e+001	1.000000e+000	3.481595e-001	3.586961e-001	1.793481e-001	1.257316e-001	4.737506e-003	6.073355e-005	1.800000e-005	8.921859e-001
3.600000e+001	1.000000e+000	1.089449e+000	3.451020e-001	1.725510e-001	1.349073e-001	4.752558e-003	5.738976e-005	1.800000e-005	4.615029e-001
3.700000e+001	1.000000e+000	9.145483e-001	3.510795e-001	1.755398e-001	1.336854e-001	4.505319e-003	6.568936e-005	1.800000e-005	4.019291e-001
3.800000e+001	1.000000e+000	6.987445e-001	3.445330e-001	1.722665e-001	1.254533e-001	4.999702e-003	6.998242e-005	1.800000e-005	4.626939e-001
3.900000e+001	1.000000e+000	1.393741e+000	3.557230e-001	1.778615e-001	1.357291e-001	4.617998e-003	5.740856e-005	1.800000e-005	5.187275e-001
4.000000e+001	1.000000e+000	1.439560e+000	3.420672e-001	1.710336e-001	1.204243e-001	4.908152e-003	6.189139e-005	1.800000e-005	5.670938e-001
4.100000e+001	1.000000e+000	9.824132e-001	3.434329e-001	1.717165e-001	1.368454e-001	4.699495e-003	6.646239e-005	1.800000e-005	4.203616e-001
4.200000e+001	1.000000e+000	4.667992e-001	3.466096e-001	1.733048e-001	1.273314e-001	4.651879e-003	5.494119e-005	1.800000e-005	6.116297e-001
4.300000e+001	1.000000e+000	1.070162e+000	3.470512e-001	1.735256e-001	1.255168e-001	4.877862e-003	6.099930e-005	1.800000e-005	4.281988e-001
4.400000e+001	1.000000e+000	1.347332e+000	3.489218e-001	1.744609e-001	1.282402e-001	4.618715e-003	5.947753e-005	1.800000e-005	5.090333e-001
4.500000e+001	1.000000e+000	3.817066e-001	3.452201e-001	1.726100e-001	1.336799e-001	4.593367e-003	5.886328e-005	1.800000e-005	6.806653e-001
4.600000e+001	1.000000e+000	8.097889e-001	3.467196e-001	1.733598e-001	1.281673e-001	4.866790e-003	6.756511e-005	1.800000e-005	4.099557e-001
4.700000e+001	1.000000e+000	5.590463e-001	3.455572e-001	1.727786e-001	1.370519e-001	4.561979e-003	6.870899e-005	1.800000e-005	4.679022e-001
4.800000e+001	1.000000e+000	1.037397e+000	3.486902e-001	1.743451e-001	1.303963e-001	4.775624e-003	6.441202e-005	1.800000e-005	4.143298e-001
4.900000e+001	1.000000e+000	6.208920e-001	3.455846e-001	1.727923e-001	1.211049e-001	4.743032e-003	5.542783e-005	1.800000e-005	5.079323e-001
5.000000e+001	1.000000e+000	7.604171e-001	3.487823e-001	1.743911e-001	1.359110e-001	4.598980e-003	6.975848e-005	1.800000e-005	4.053838e-001
5.100000e+001	1.000000e+000	4.377683e-001	3.458610e-001	1.729305e-001	1.258435e-001	4.988958e-003	6.678502e-005	1.800000e-005	7.029308e-001
5.200000e+001	1.000000e+000	8.276401e-001	3.540022e-001	1.770011e-001	1.343687e-001	4.674113e-003	6.611706e-005	1.800000e-005	4.215606e-001
5.300000e+001	1.000000e+000	8.437206e-001	3.447933e-001	1.723966e-001	1.306460e-001	4.774475e-003	6.487304e-005	1.800000e-005	4.022592e-001
5.400000e+001	1.000000e+000	5.293171e-001	3.483043e-001	1.741521e-001	1.296304e-001	4.781787e-003	6.987317e-005	1.800000e-005	5.609605e-001
5.500000e+001	1.000000e+000	9.952978e-001	3.463948e-001	1.731974e-001	1.365534e-001	4.637206e-003	6.531830e-005	1.800000e-005	4.138285e-001
5.600000e+001	1.000000e+000	6.929143e-001	3.465764e-001	1.732882e-001	1.290882e-001	4.773019e-003	6.843769e-005	1.800000e-005	4.368892e-001
5.700000e+001	1.000000e+000	9.197020e-001	3.464402e-001	1.732201e-001	1.346871e-001	4.671159e-003	6.609815e-005	1.800000e-005	3.982120e-001
5.800000e+001	1.000000e+000	1.211118e+000	3.464847e-001	1.732424e-001	1.336537e-001	4.729127e-003	5.923812e-005	1.800000e-005	4.824456e-001
5.900000e+001	1.000000e+000	9.057876e-001	3.415097e-001	1.707548e-001	1.262427e-001	4.704400e-003	6.423217e-005	1.800000e-005	4.267298e-001
6.000000e+001	1.000000e+000	8.349892e-001	3.496262e-001	1.748131e-001	1.355580e-001	4.674419e-003	6.844257e-005	1.800000e-005	4.007735e-001
6.100000e+001	1.000000e+000	9.451710e-001	3.444537e-001	1.722268e-001	1.345288e-001	4.700620e-003	6.592930e-005	1.800000e-005	4.079887e-001
6.200000e+001	1.000000e+000	3.869496e-001	3.502070e-001	1.751035e-001	1.284765e-001	4.985322e-003	6.244899e-005	1.800000e-005	7.916394e-001
6.300000e+001	1.000000e+000	7.441437e-001	3.468644e-001	1.734322e-001	1.255856e-001	4.739999e-003	5.966051e-005	1.800000e-005	4.253416e-001
6.400000e+001	1.000000e+000	2.346377e-001	3.477175e-001	1.738587e-001	1.278478e-001	4.905862e-003	6.297363e-005	1.800000e-005	1.098952e+000
6.500000e+001	1.000000e+000	8.073181e-001	3.460996e-001	1.730498e-001	1.291940e-001	4.721649e-003	6.349000e-005	1.800000e-005	4.023713e-001
6.600000e+001	1.000000e+000	7.865502e-001	3.496026e-001	1.748013e-001	1.268909e-001	4.680365e-003	6.448442e-005	1.800000e-005	4.092481e-001
6.700000e+001	1.000000e+000	9.055158e-001	3.457409e-001	1.728704e-001	1.326193e-001	4.695557e-003	6.556808e-005	1.800000e-005	3.986258e-001
6.800000e+001	1.000000e+000	9.850811e-001	3.442883e-001	1.721442e-001	1.267508e-001	4.717937e-003	6.328036e-005	1.800000e-005	4.215929e-001
6.900000e+001	1.000000e+000	8.165831e-001	3.476588e-001	1.738294e-001	1.336209e-001	4.628720e-003	6.813895e-005	1.800000e-005	3.948385e-001
7.000000e+001	1.000000e+000	1.392741e+000	3.432759e-001	1.716379e-001	1.375273e-001	4.656293e-003	6.249380e-005	1.800000e-005	5.673322e-001
7.100000e+001	1.000000e+000	1.032445e+000	3.450150e-001	1.725075e-001	1.265619e-001	4.615443e-003	6.000089e-005	1.800000e-005	4.350267e-001
7.200000e+001	1.000000e+000	7.898298e-001	3.556863e-001	1.778431e-001	1.313962e-001	4.672761e-003	6.749567e-005	1.800000e-005	4.514196e-001
7.300000e+001	1.000000e+000	1.292315e+000	3.575011e-001	1.787506e-001	1.210169e-001	4.976181e-003	5.676013e-005	1.800000e-005	4.564170e-001
7.400000e+001	1.000000e+000	9.749391e-001	3.540613e-001	1.770306e-001	1.353088e-001	4.716021e-003	5.827195e-005	1.800000e-005	4.054648e-001
7.500000e+001	1.000000e+000	1.098859e+000	3.436359e-001	1.718179e-001	1.293451e-001	4.709229e-003	5.676166e-005	1.800000e-005	4.759780e-001
7.600000e+001	1.000000e+000	8.670870e-001	3.526737e-001	1.763368e-001	1.308834e-001	4.681878e-003	6.481216e-005	1.800000e-005	4.075453e-001
7.700000e+001	1.000000e+000	1.158704e+000	3.511515e-001	1.755758e-001	1.233055e-001	4.658866e-003	5.855758e-005	1.800000e-005	4.380971e-001
7.800000e+001	1.000000e+000	8.086964e-001	3.504175e-001	1.752088e-001	1.340889e-001	4.702907e-003	6.497094e-005	1.800000e-005	4.008352e-001
7.900000e+001	1.000000e+000	8.449359e-001	3.565308e-001	1.782654e-001	1.252114e-001	4.765683e-003	6.103495e-005	1.800000e-005	4.310315e-001
8.000000e+001	1.000000e+000	9.480439e-001	3.467074e-001	1.733537e-001	1.339369e-001	4.716042e-003	6.510553e-005	1.800000e-005	4.023245e-001
8.100000e+001	1.000000e+000	7.617925e-001	3.527930e-001	1.763965e-001	1.333559e-001	4.641351e-003	6.183332e-005	1.800000e-005	4.127970e-001
8.200000e+001	1.000000e+000	9.874041e-001	3.488046e-001	1.744023e-001	1.351765e-001	4.674798e-003	6.044935e-005	1.800000e-005	4.088992e-001
8.300000e+001	1.000000e+000	8.971663e-001	3.517064e-001	1.758532e-001	1.319567e-001	4.680108e-003	6.372146e-005	1.800000e-005	3.999630e-001
8.400000e+001	1.000000e+000	7.833728e-001	3.512710e-001	1.756355e-001	1.334692e-001	4.766223e-003	6.623618e-005	1.800000e-005	4.148496e-001
8.500000e+001	1.000000e+000	5.749662e-001	3.583799e-001	1.791899e-001	1.308047e-001	4.868169e-003	6.234357e-005	1.800000e-005	5.916796e-001
8.600000e+001	1.000000e+000	8.592338e-001	3.487570e-001	1.743785e-001	1.309813e-001	4.765435e-003	6.555848e-005	1.800000e-005	3.977728e-001
8.700000e+001	1.000000e+000	9.472516e-001	3.573192e-001	1.786596e-001	1.240829e-001	4.906588e-003	5.073049e-005	1.800000e-005	4.103309e-001
8.800000e+001	1.000000e+000	8.374443e-001	3.454711e-001	1.727356e-001	1.334113e-001	4.587082e-003	5.331323e-005	1.800000e-005	4.294071e-001
8.900000e+001	1.000000e+000	9.174941e-001	3.536786e-001	1.768393e-001	1.288041e-001	4.781880e-003	5.788825e-005	1.800000e-005	4.007812e-001
9.000000e+001	1.000000e+000	1.060781e+000	3.458366e-001	1.729183e-001	1.344483e-001	4.723469e-003	6.670109e-005	1.800000e-005	4.282345e-001
9.100000e+001	1.000000e+000	8.365397e-001	3.510539e-001	1.755269e-001	1.336290e-001	4.661880e-003	6.305027e-005	1.800000e-005	3.968026e-001
9.200000e+001	1.000000e+000	8.470717e-001	3.477286e-001	1.738643e-001	1.323662e-001	4.515903e-003	6.765360e-005	1.800000e-005	3.922965e-001
9.300000e+001	1.000000e+000	9.505104e-001	3.484675e-001	1.742338e-001	1.304851e-001	4.608201e-003	6.442923e-005	1.800000e-005	4.003761e-001
9.400000e+001	1.000000e+000	1.198298e+000	3.519284e-001	1.759642e-001	1.202535e-001	4.731736e-003	6.138763e-005	1.800000e-005	4.426767e-001
9.500000e+001	1.000000e+000	9.191758e-001	3.514894e-001	1.757447e-001	1.342804e-001	4.673787e-003	6.200222e-005	1.800000e-005	3.978091e-001
9.600000e+001	1.000000e+000	4.399712e-001	3.568157e-001	1.784078e-001	1.210950e-001	4.729233e-003	5.854387e-005	1.800000e-005	7.322172e-001
9.700000e+001	1.000000e+000	8.904007e-001	3.518030e-001	1.759015e-001	1.309873e-001	4.706980e-003	6.140078e-005	1.800000e-005	3.975917e-001
9.800000e+001	1.000000e+000	8.241590e-001	3.521129e-001	1.760565e-001	1.311468e-001	4.526646e-003	6.527265e-005	1.800000e-005	4.055312e-001
9.900000e+001	1.000000e+000	9.170727e-001	3.480588e-001	1.740294e-001	1.332394e-001	4.668693e-003	6.514731e-005	1.800000e-005	3.965534e-001
1.000000e+002	1.000000e+000	8.112250e-001	3.474031e-001	1.737015e-001	1.322395e-001	4.756803e-003	6.539528e-005	1.800000e-005	3.981333e-001
1.010000e+002	1.000000e+000	7.624308e-001	3.485934e-001	1.742967e-001	1.344963e-001	4.702638e-003	6.666514e-005	1.800000e-005	4.039823e-001
1.020000e+002	1.000000e+000	9.034905e-001	3.484990e-001	1.742495e-001	1.314879e-001	4.631810e-003	6.498821e-005	1.800000e-005	3.953759e-001
1.030000e+002	1.000000e+000	8.072991e-001	3.520294e-001	1.760147e-001	1.309141e-001	4.624914e-003	6.313768e-005	1.800000e-005	4.048716e-001
1.040000e+002	1.000000e+000	8.916013e-001	3.478375e-001	1.739187e-001	1.337438e-001	4.659598e-003	6.535803e-005	1.800000e-005	3.941551e-001
1.050000e+002	1.000000e+000	7.167998e-001	3.537151e-001	1.768575e-001	1.377412e-001	4.845770e-003	6.996763e-005	1.800000e-005	4.664770e-001
1.060000e+002	1.000000e+000	9.535336e-001	3.471900e-001	1.735950e-001	1.293567e-001	4.673025e-003	6.249258e-005	1.800000e-005	4.040392e-001
1.070000e+002	1.000000e+000	8.091445e-001	3.580513e-001	1.790257e-001	1.290253e-001	4.650721e-003	5.665901e-005	1.800000e-005	4.285215e-001
1.080000e+002	1.000000e+000	9.253277e-001	3.492143e-001	1.746072e-001	1.293599e-001	4.714357e-003	6.276374e-005	1.800000e-005	3.978699e-001
1.090000e+002	1.000000e+000	1.008067e+000	3.449403e-001	1.724702e-001	1.296809e-001	4.642894e-003	6.369400e-005	1.800000e-005	4.215331e-001
1.100000e+002	1.000000e+000	8.395464e-001	3.496884e-001	1.748442e-001	1.325221e-001	4.735391e-003	6.560063e-005	1.800000e-005	3.987946e-001
1.110000e+002	1.000000e+000	1.360665e+000	3.480566e-001	1.740283e-001	1.277778e-001	4.808516e-003	5.896341e-005	1.800000e-005	5.131615e-001
1.120000e+002	1.000000e+000	8.672675e-001	3.445255e-001	1.722627e-001	1.345639e-001	4.771242e-003	6.720193e-005	1.800000e-005	3.978469e-001
1.130000e+002	1.000000e+000	9.237673e-001	3.455442e-001	1.727721e-001	1.284606e-001	4.798373e-003	6.223458e-005	1.800000e-005	4.089202e-001
1.140000e+002	1.000000e+000	8.571837e-001	3.486057e-001	1.743028e-001	1.337837e-001	4.705408e-003	6.689057e-005	1.800000e-005	3.956662e-001
1.150000e+002	1.000000e+000	9.262650e-001	3.450490e-001	1.725245e-001	1.320011e-001	4.725408e-003	6.559249e-005	1.800000e-005	4.035874e-001
1.160000e+002	1.000000e+000	8.612261e-001	3.485285e-001	1.742643e-001	1.323919e-001	4.732895e-003	6.559860e-005	1.800000e-005	3.955475e-001
1.170000e+002	1.000000e+000	8.964501e-001	3.496697e-001	1.748349e-001	1.350901e-001	4.693739e-003	6.745402e-005	1.800000e-005	3.996462e-001
1.180000e+002	1.000000e+000	9.585819e-001	3.578452e-001	1.789226e-001	1.246765e-001	4.648764e-003	6.127018e-005	1.800000e-005	4.284101e-001
1.190000e+002	1.000000e+000	1.059938e+000	3.485363e-001	1.742682e-001	1.302943e-001	4.834621e-003	6.888788e-005	1.800000e-005	4.207289e-001
1.200000e+002	1.000000e+000	8.897623e-001	3.460464e-001	1.730232e-001	1.285698e-001	4.626701e-003	6.730145e-005	1.800000e-005	3.974971e-001
1.210000e+002	1.000000e+000	8.437206e-001	3.447933e-001	1.723966e-001	1.306460e-001	4.774475e-003	6.487304e-005	1.800000e-005	4.022592e-001
1.220000e+002	1.000000e+000	8.832678e-001	3.484506e-001	1.742253e-001	1.339790e-001	4.713923e-003	6.680878e-005	1.800000e-005	3.957655e-001
1.230000e+002	1.000000e+000	9.691082e-001	3.492152e-001	1.746076e-001	1.323749e-001	4.692329e-003	6.722614e-005	1.800000e-005	4.054152e-001
1.240000e+002	1.000000e+000	8.477656e-001	3.468785e-001	1.734393e-001	1.299892e-001	4.714319e-003	6.442403e-005	1.800000e-005	3.968496e-001
1.250000e+002	1.000000e+000	8.892481e-001	3.490034e-001	1.745017e-001	1.319916e-001	4.509637e-003	6.730187e-005	1.800000e-005	3.965029e-001
1.260000e+002	1.000000e+000	3.798917e-001	3.482628e-001	1.741314e-001	1.322166e-001	4.861401e-003	5.261012e-005	1.800000e-005	7.672698e-001
1.270000e+002	1.000000e+000	8.783742e-001	3.496945e-001	1.748472e-001	1.320711e-001	4.661868e-003	6.541087e-005	1.800000e-005	3.963081e-001
1.280000e+002	1.000000e+000	5.339362e-001	3.585426e-001	1.792713e-001	1.257977e-001	4.640540e-003	5.241676e-005	1.800000e-005	5.931439e-001
1.290000e+002	1.000000e+000	8.469221e-001	3.497331e-001	1.748665e-001	1.332574e-001	4.656271e-003	6.488621e-005	1.800000e-005	3.951419e-001
1.300000e+002	1.000000e+000	7.686049e-001	3.446128e-001	1.723064e-001	1.272959e-001	4.593477e-003	5.243616e-005	1.800000e-005	4.484756e-001
1.310000e+002	1.000000e+000	8.652441e-001	3.484747e-001	1.742374e-001	1.315071e-001	4.684961e-003	6.617443e-005	1.800000e-005	3.955594e-001
1.320000e+002	1.000000e+000	8.219869e-001	3.505113e-001	1.752556e-001	1.361812e-001	4.602145e-003	6.664553e-005	1.800000e-005	3.995353e-001
1.330000e+002	1.000000e+000	8.728185e-001	3.471626e-001	1.735813e-001	1.304727e-001	4.620562e-003	6.713747e-005	1.800000e-005	3.947832e-001
1.340000e+002	1.000000e+000	8.389387e-001	3.469565e-001	1.734782e-001	1.319269e-001	4.622369e-003	6.716926e-005	1.800000e-005	3.932944e-001
1.350000e+002	1.000000e+000	7.996855e-001	3.466924e-001	1.733462e-001	1.326660e-001	4.707893e-003	6.669233e-005	1.800000e-005	3.970758e-001
1.360000e+002	1.000000e+000	8.668575e-001	3.484257e-001	1.742128e-001	1.321602e-001	4.559201e-003	6.714949e-005	1.800000e-005	3.942086e-001
1.370000e+002	1.000000e+000	8.251303e-001	3.475715e-001	1.737858e-001	1.298330e-001	4.526103e-003	6.639961e-005	1.800000e-005	3.929872e-001
1.380000e+002	1.000000e+000	9.276515e-001	3.526359e-001	1.763180e-001	1.323537e-001	4.707163e-003	6.134245e-005	1.800000e-005	4.004208e-001
1.390000e+002	1.000000e+000	8.528464e-001	3.481882e-001	1.740941e-001	1.323603e-001	4.670830e-003	6.629785e-005	1.800000e-005	3.944730e-001
1.400000e+002	1.000000e+000	8.454157e-001	3.458152e-001	1.729076e-001	1.302013e-001	4.501492e-003	6.898171e-005	1.800000e-005	3.928299e-001
1.410000e+002	1.000000e+000	6.595562e-001	3.524527e-001	1.762264e-001	1.328466e-001	4.677551e-003	5.401930e-005	1.800000e-005	4.503063e-001
1.420000e+002	1.000000e+000	8.298377e-001	3.494898e-001	1.747449e-001	1.286369e-001	4.749516e-003	6.219618e-005	1.800000e-005	4.006084e-001
1.430000e+002	1.000000e+000	8.308490e-001	3.482351e-001	1.741176e-001	1.346369e-001	4.652889e-003	6.646090e-005	1.800000e-005	3.932687e-001
1.440000e+002	1.000000e+000	8.285091e-001	3.541800e-001	1.770900e-001	1.233270e-001	4.827772e-003	6.471733e-005	1.800000e-005	4.355436e-001
1.450000e+002	1.000000e+000	9.211263e-001	3.532387e-001	1.766193e-001	1.287016e-001	4.658532e-003	6.293735e-005	1.800000e-005	4.055322e-001
1.460000e+002	1.000000e+000	8.655929e-001	3.522143e-001	1.761072e-001	1.343520e-001	4.637478e-003	6.462761e-005	1.800000e-005	4.026460e-001
1.470000e+002	1.000000e+000	8.955351e-001	3.473592e-001	1.736796e-001	1.330525e-001	4.681037e-003	6.533296e-005	1.800000e-005	3.950100e-001
1.480000e+002	1.000000e+000	8.320031e-001	3.421090e-001	1.710545e-001	1.371631e-001	4.692082e-003	6.775194e-005	1.800000e-005	4.005863e-001
1.490000e+002	1.000000e+000	8.409031e-001	3.450050e-001	1.725025e-001	1.324763e-001	4.653572e-003	6.953579e-005	1.800000e-005	3.947137e-001
1.500000e+002	1.000000e+000	4.085868e-001	3.528495e-001	1.764247e-001	1.213178e-001	4.853478e-003	6.637608e-005	1.800000e-005	7.863934e-001
1.510000e+002	1.000000e+000	8.835920e-001	3.496650e-001	1.748325e-001	1.320521e-001	4.680146e-003	6.384941e-005	1.800000e-005	3.949546e-001
1.520000e+002	1.000000e+000	8.892265e-001	3.483622e-001	1.741811e-001	1.363954e-001	4.616578e-003	6.779081e-005	1.800000e-005	3.959707e-001
1.530000e+002	1.000000e+000	8.886986e-001	3.538403e-001	1.769201e-001	1.305747e-001	4.631355e-003	6.605905e-005	1.800000e-005	4.167212e-001
1.540000e+002	1.000000e+000	8.461770e-001	3.450418e-001	1.725209e-001	1.355160e-001	4.676900e-003	6.732872e-005	1.800000e-005	3.932295e-001
1.550000e+002	1.000000e+000	8.217139e-001	3.469545e-001	1.734773e-001	1.343176e-001	4.648205e-003	6.768018e-005	1.800000e-005	3.928854e-001
1.560000e+002	1.000000e+000	8.502800e-001	3.464732e-001	1.732366e-001	1.331070e-001	4.612356e-003	6.626316e-005	1.800000e-005	3.920192e-001
1.570000e+002	1.000000e+000	8.553454e-001	3.488119e-001	1.744059e-001	1.360523e-001	4.646408e-003	6.370060e-005	1.800000e-005	3.913180e-001
1.580000e+002	1.000000e+000	8.186775e-001	3.456594e-001	1.728297e-001	1.339197e-001	4.558552e-003	6.928539e-005	1.800000e-005	3.911287e-001
1.590000e+002	1.000000e+000	1.043190e+000	3.467715e-001	1.733857e-001	1.284714e-001	4.572459e-003	6.258326e-005	1.800000e-005	4.233961e-001
1.600000e+002	1.000000e+000	8.426543e-001	3.483013e-001	1.741506e-001	1.307500e-001	4.675949e-003	6.478848e-005	1.800000e-005	3.950980e-001
1.610000e+002	1.000000e+000	8.379589e-001	3.464219e-001	1.732110e-001	1.366007e-001	4.537944e-003	6.920548e-005	1.800000e-005	3.904524e-001
1.620000e+002	1.000000e+000	7.598581e-001	3.462281e-001	1.731141e-001	1.359368e-001	4.552138e-003	6.130994e-005	1.800000e-005	3.952726e-001
1.630000e+002	1.000000e+000	4.827830e-001	3.471725e-001	1.735863e-001	1.285320e-001	4.974803e-003	5.079890e-005	1.800000e-005	6.594968e-001
1.640000e+002	1.000000e+000	8.822367e-001	3.474868e-001	1.737434e-001	1.334767e-001	4.625578e-003	6.642431e-005	1.800000e-005	3.935976e-001
1.650000e+002	1.000000e+000	7.998555e-001	3.459786e-001	1.729893e-001	1.363053e-001	4.548705e-003	6.844521e-005	1.800000e-005	3.891921e-001
1.660000e+002	1.000000e+000	8.111723e-001	3.461407e-001	1.730704e-001	1.374769e-001	4.501355e-003	6.973869e-005	1.800000e-005	3.889517e-001
1.670000e+002	1.000000e+000	5.650344e-001	3.529765e-001	1.764883e-001	1.368569e-001	4.666818e-003	5.838061e-005	1.800000e-005	5.046093e-001
1.680000e+002	1.000000e+000	8.498356e-001	3.468740e-001	1.734370e-001	1.332031e-001	4.612438e-003	6.725808e-005	1.800000e-005	3.922773e-001
1.690000e+002	1.000000e+000	8.221242e-001	3.458346e-001	1.729173e-001	1.385349e-001	4.626776e-003	6.802169e-005	1.800000e-005	3.895984e-001
1.700000e+002	1.000000e+000	2.016436e-001	3.567080e-001	1.783540e-001	1.314979e-001	4.624915e-003	6.755558e-005	1.800000e-005	1.188187e+000
1.710000e+002	1.000000e+000	8.385053e-001	3.459436e-001	1.729718e-001	1.357218e-001	4.623135e-003	6.749916e-005	1.800000e-005	3.909209e-001
1.720000e+002	1.000000e+000	7.948096e-001	3.452652e-001	1.726326e-001	1.396951e-001	4.579539e-003	6.818974e-005	1.800000e-005	3.879250e-001
1.730000e+002	1.000000e+000	8.918138e-001	3.469609e-001	1.734804e-001	1.319988e-001	4.610146e-003	6.520571e-005	1.800000e-005	3.945880e-001
1.740000e+002	1.000000e+000	8.182059e-001	3.453643e-001	1.726822e-001	1.320657e-001	4.532068e-003	6.789508e-005	1.800000e-005	3.913181e-001
1.750000e+002	1.000000e+000	1.002863e+000	3.596443e-001	1.798221e-001	1.217126e-001	4.892475e-003	6.337417e-005	1.800000e-005	4.520853e-001
1.760000e+002	1.000000e+000	8.572902e-001	3.455476e-001	1.727738e-001	1.334829e-001	4.676516e-003	6.708162e-005	1.800000e-005	3.941204e-001
1.770000e+002	1.000000e+000	7.872250e-001	3.466695e-001	1.733348e-001	1.329497e-001	4.577707e-003	6.915377e-005	1.800000e-005	3.953245e-001
1.780000e+002	1.000000e+000	8.656666e-001	3.468880e-001	1.734440e-001	1.322365e-001	4.602037e-003	6.619272e-005	1.800000e-005	3.927227e-001
1.790000e+002	1.000000e+000	3.051458e-001	3.568492e-001	1.784246e-001	1.244716e-001	4.686924e-003	5.510840e-005	1.800000e-005	9.445673e-001
1.800000e+002	1.000000e+000	8.358943e-001	3.473288e-001	1.736644e-001	1.330628e-001	4.603850e-003	6.680368e-005	1.800000e-005	3.921014e-001
1.810000e+002	1.000000e+000	5.243177e-001	3.407351e-001	1.703676e-001	1.353065e-001	4.964525e-003	6.082173e-005	1.800000e-005	5.678396e-001
1.820000e+002	1.000000e+000	8.639943e-001	3.470815e-001	1.735407e-001	1.327365e-001	4.613802e-003	6.639519e-005	1.800000e-005	3.926273e-001
1.830000e+002	1.000000e+000	9.810211e-001	3.589255e-001	1.794627e-001	1.202727e-001	4.700403e-003	5.689587e-005	1.800000e-005	4.233022e-001
1.840000e+002	1.000000e+000	8.460554e-001	3.471713e-001	1.735856e-001	1.320492e-001	4.620268e-003	6.681104e-005	1.800000e-005	3.930150e-001
1.850000e+002	1.000000e+000	7.972144e-001	3.449280e-001	1.724640e-001	1.286131e-001	4.571654e-003	6.579547e-005	1.800000e-005	3.983288e-001
1.860000e+002	1.000000e+000	8.662235e-001	3.475037e-001	1.737518e-001	1.344498e-001	4.605347e-003	6.729197e-005	1.800000e-005	3.927170e-001
1.870000e+002	1.000000e+000	9.178418e-001	3.595508e-001	1.797754e-001	1.297300e-001	4.795117e-003	5.133989e-005	1.800000e-005	4.145600e-001
1.880000e+002	1.000000e+000	8.983130e-001	3.467819e-001	1.733910e-001	1.307457e-001	4.621693e-003	6.485992e-005	1.800000e-005	3.960618e-001
1.890000e+002	1.000000e+000	8.372179e-001	3.478756e-001	1.739378e-001	1.324858e-001	4.505747e-003	6.669702e-005	1.800000e-005	3.911067e-001
1.900000e+002	1.000000e+000	8.558055e-001	3.484437e-001	1.742218e-001	1.352502e-001	4.673625e-003	6.395900e-005	1.800000e-005	3.918617e-001
1.910000e+002	1.000000e+000	8.100638e-001	3.472944e-001	1.736472e-001	1.387916e-001	4.551340e-003	6.748249e-005	1.800000e-005	3.889579e-001
1.920000e+002	1.000000e+000	5.978961e-001	3.561273e-001	1.780637e-001	1.319689e-001	4.592120e-003	6.063581e-005	1.800000e-005	5.115372e-001
1.930000e+002	1.000000e+000	8.277505e-001	3.470416e-001	1.735208e-001	1.352759e-001	4.588319e-003	6.710419e-005	1.800000e-005	3.904331e-001
1.940000e+002	1.000000e+000	1.137280e+000	3.593749e-001	1.796874e-001	1.339214e-001	4.795361e-003	5.520137e-005	1.800000e-005	4.406505e-001
1.950000e+002	1.000000e+000	8.386828e-001	3.476117e-001	1.738059e-001	1.359100e-001	4.613101e-003	6.584739e-005	1.800000e-005	3.904557e-001
1.960000e+002	1.000000e+000	6.771799e-001	3.474441e-001	1.737221e-001	1.330714e-001	4.600702e-003	6.999449e-005	1.800000e-005	4.268367e-001
1.970000e+002	1.000000e+000	8.267460e-001	3.471950e-001	1.735975e-001	1.349732e-001	4.535936e-003	6.726554e-005	1.800000e-005	3.898526e-001
1.980000e+002	1.000000e+000	1.119757e+000	3.400182e-001	1.700091e-001	1.251677e-001	4.519040e-003	5.000000e-005	1.800000e-005	5.632781e-001
1.990000e+002	1.000000e+000	8.434687e-001	3.471015e-001	1.735508e-001	1.348470e-001	4.597055e-003	6.657185e-005	1.800000e-005	3.907554e-001
2.000000e+002	1.000000e+000	7.850073e-001	3.454982e-001	1.727491e-001	1.381064e-001	4.508434e-003	6.954748e-005	1.800000e-005	3.878356e-001
2.010000e+002	1.000000e+000	7.690358e-001	3.460093e-001	1.730046e-001	1.386690e-001	4.572590e-003	6.710216e-005	1.800000e-005	3.891631e-001
2.020000e+002	1.000000e+000	7.568849e-001	3.586127e-001	1.793063e-001	1.231072e-001	4.832817e-003	5.642581e-005	1.800000e-005	4.677393e-001
2.030000e+002	1.000000e+000	8.203006e-001	3.466770e-001	1.733385e-001	1.364470e-001	4.573311e-003	6.724466e-005	1.800000e-005	3.893267e-001
2.040000e+002	1.000000e+000	7.011482e-001	3.548723e-001	1.774362e-001	1.392067e-001	4.537585e-003	5.772148e-005	1.800000e-005	4.243685e-001
2.050000e+002	1.000000e+000	8.097524e-001	3.465254e-001	1.732627e-001	1.367947e-001	4.570220e-003	6.762880e-005	1.800000e-005	3.892164e-001
2.060000e+002	1.000000e+000	1.013835e+000	3.582679e-001	1.791339e-001	1.283377e-001	4.817178e-003	6.247446e-005	1.800000e-005	4.362706e-001
2.070000e+002	1.000000e+000	8.135688e-001	3.468571e-001	1.734286e-001	1.338511e-001	4.539185e-003	6.729076e-005	1.800000e-005	3.902764e-001
2.080000e+002	1.000000e+000	2.331006e-001	3.577974e-001	1.788987e-001	1.201564e-001	4.969879e-003	6.049312e-005	1.800000e-005	1.243595e+000
2.090000e+002	1.000000e+000	8.092502e-001	3.466021e-001	1.733010e-001	1.366433e-001	4.544029e-003	6.770948e-005	1.800000e-005	3.888514e-001
2.100000e+002	1.000000e+000	8.409672e-001	3.454783e-001	1.727391e-001	1.377237e-001	4.517861e-003	6.905458e-005	1.800000e-005	3.895293e-001
2.110000e+002	1.000000e+000	8.062794e-001	3.450285e-001	1.725143e-001	1.375594e-001	4.545838e-003	6.850904e-005	1.800000e-005	3.882525e-001
2.120000e+002	1.000000e+000	7.762782e-001	3.434423e-001	1.717212e-001	1.374716e-001	4.507091e-003	6.981434e-005	1.800000e-005	3.884985e-001
2.130000e+002	1.000000e+000	6.055455e-001	3.599236e-001	1.799618e-001	1.364739e-001	4.539532e-003	6.668471e-005	1.800000e-005	5.644324e-001
2.140000e+002	1.000000e+000	8.147747e-001	3.454687e-001	1.727343e-001	1.356363e-001	4.559695e-003	6.900099e-005	1.800000e-005	3.897854e-001
2.150000e+002	1.000000e+000	3.684311e-001	3.469591e-001	1.734795e-001	1.211604e-001	4.777440e-003	6.704450e-005	1.800000e-005	7.966662e-001
2.160000e+002	1.000000e+000	8.210078e-001	3.455247e-001	1.727624e-001	1.347345e-001	4.547530e-003	6.822986e-005	1.800000e-005	3.897933e-001
2.170000e+002	1.000000e+000	7.705270e-001	3.595228e-001	1.797614e-001	1.393992e-001	4.518080e-003	6.509011e-005	1.800000e-005	4.771123e-001
2.180000e+002	1.000000e+000	8.329366e-001	3.464329e-001	1.732164e-001	1.344273e-001	4.594598e-003	6.760536e-005	1.800000e-005	3.909603e-001
2.190000e+002	1.000000e+000	1.275804e+000	3.434367e-001	1.717184e-001	1.206592e-001	4.743518e-003	6.239147e-005	1.800000e-005	5.046563e-001
2.200000e+002	1.000000e+000	8.161860e-001	3.453548e-001	1.726774e-001	1.362439e-001	4.543657e-003	6.862876e-005	1.800000e-005	3.889615e-001
2.210000e+002	1.000000e+000	5.789774e-001	3.494888e-001	1.747444e-001	1.381693e-001	4.797063e-003	5.947400e-005	1.800000e-005	4.896114e-001
2.220000e+002	1.000000e+000	8.553400e-001	3.459048e-001	1.729524e-001	1.341262e-001	4.584968e-003	6.683280e-005	1.800000e-005	3.916868e-001
2.230000e+002	1.000000e+000	8.079538e-001	3.449011e-001	1.724505e-001	1.398702e-001	4.519872e-003	6.905435e-005	1.800000e-005	3.872137e-001
2.240000e+002	1.000000e+000	1.282529e+000	3.571948e-001	1.785974e-001	1.333286e-001	4.717469e-003	5.029138e-005	1.800000e-005	4.759677e-001
2.250000e+002	1.000000e+000	8.310415e-001	3.455198e-001	1.727599e-001	1.360228e-001	4.562359e-003	6.794218e-005	1.800000e-005	3.896472e-001
2.260000e+002	1.000000e+000	1.064366e+000	3.501776e-001	1.750888e-001	1.342426e-001	4.960893e-003	5.911943e-005	1.800000e-005	4.198779e-001
2.270000e+002	1.000000e+000	8.228192e-001	3.457175e-001	1.728588e-001	1.361981e-001	4.568824e-003	6.826005e-005	1.800000e-005	3.894912e-001
2.280000e+002	1.000000e+000	2.354953e-001	3.408897e-001	1.704448e-001	1.330146e-001	4.949565e-003	6.363247e-005	1.800000e-005	1.052511e+000
2.290000e+002	1.000000e+000	8.262846e-001	3.458183e-001	1.729092e-001	1.352903e-001	4.568246e-003	6.769971e-005	1.800000e-005	3.898140e-001
2.300000e+002	1.000000e+000	9.312360e-001	3.490154e-001	1.745077e-001	1.223540e-001	4.878495e-003	6.434813e-005	1.800000e-005	4.076414e-001
2.310000e+002	1.000000e+000	8.195309e-001	3.457392e-001	1.728696e-001	1.366493e-001	4.558052e-003	6.804871e-005	1.800000e-005	3.889322e-001
2.320000e+002	1.000000e+000	6.658355e-001	3.563624e-001	1.781812e-001	1.227328e-001	4.768100e-003	6.795064e-005	1.800000e-005	5.362456e-001
2.330000e+002	1.000000e+000	8.090675e-001	3.452263e-001	1.726131e-001	1.372383e-001	4.538419e-003	6.879896e-005	1.800000e-005	3.883205e-001
2.340000e+002	1.000000e+000	7.587453e-001	3.445120e-001	1.722560e-001	1.389771e-001	4.540650e-003	6.918385e-005	1.800000e-005	3.885984e-001
2.350000e+002	1.000000e+000	2.394329e-001	3.480611e-001	1.740305e-001	1.220699e-001	4.903426e-003	6.542858e-005	1.800000e-005	1.116188e+000
2.360000e+002	1.000000e+000	8.104167e-001	3.451860e-001	1.725930e-001	1.373605e-001	4.546030e-003	6.856919e-005	1.800000e-005	3.883856e-001
2.370000e+002	1.000000e+000	6.064870e-001	3.462059e-001	1.731029e-001	1.217645e-001	4.625783e-003	5.110705e-005	1.800000e-005	5.175510e-001
2.380000e+002	1.000000e+000	7.980270e-001	3.454984e-001	1.727492e-001	1.374667e-001	4.546804e-003	6.860221e-005	1.800000e-005	3.883182e-001
2.390000e+002	1.000000e+000	8.406650e-001	3.450964e-001	1.725482e-001	1.376772e-001	4.535731e-003	6.858678e-005	1.800000e-005	3.896999e-001
2.400000e+002	1.000000e+000	7.792252e-001	3.446581e-001	1.723290e-001	1.386521e-001	4.539420e-003	6.903458e-005	1.800000e-005	3.878217e-001
2.410000e+002	1.000000e+000	8.243109e-001	3.466523e-001	1.733262e-001	1.396549e-001	4.582222e-003	6.764439e-005	1.800000e-005	3.888491e-001
2.420000e+002	1.000000e+000	7.882864e-001	3.442448e-001	1.721224e-001	1.380174e-001	4.525873e-003	6.927185e-005	1.800000e-005	3.878856e-001
2.430000e+002	1.000000e+000	4.350336e-001	3.406060e-001	1.703030e-001	1.250743e-001	4.811342e-003	5.916407e-005	1.800000e-005	6.809231e-001
2.440000e+002	1.000000e+000	8.099647e-001	3.458521e-001	1.729260e-001	1.374523e-001	4.557707e-003	6.801404e-005	1.800000e-005	3.884395e-001
2.450000e+002	1.000000e+000	7.852166e-001	3.450336e-001	1.725168e-001	1.398085e-001	4.543592e-003	6.890275e-005	1.800000e-005	3.872336e-001
2.460000e+002	1.000000e+000	2.334878e-001	3.567290e-001	1.783645e-001	1.240792e-001	4.973124e-003	6.180084e-005	1.800000e-005	1.216802e+000
2.470000e+002	1.000000e+000	8.021094e-001	3.456060e-001	1.728030e-001	1.382877e-001	4.523600e-003	6.924771e-005	1.800000e-005	3.878732e-001
2.480000e+002	1.000000e+000	7.765277e-001	3.521813e-001	1.760907e-001	1.318265e-001	4.808310e-003	6.037140e-005	1.800000e-005	4.139032e-001
2.490000e+002	1.000000e+000	7.839305e-001	3.463227e-001	1.731613e-001	1.365611e-001	4.553045e-003	6.466016e-005	1.800000e-005	3.892748e-001
2.500000e+002	1.000000e+000	5.304673e-001	3.546283e-001	1.773141e-001	1.376567e-001	4.717155e-003	5.891382e-005	1.800000e-005	5.517832e-001
2.510000e+002	1.000000e+000	8.256052e-001	3.473723e-001	1.736861e-001	1.368034e-001	4.597315e-003	6.590000e-005	1.800000e-005	3.895111e-001
2.520000e+002	1.000000e+000	8.114360e-001	3.524209e-001	1.762104e-001	1.380229e-001	4.963573e-003	6.060108e-005	1.800000e-005	4.076074e-001
2.530000e+002	1.000000e+000	7.898978e-001	3.461277e-001	1.730638e-001	1.370579e-001	4.550634e-003	6.637978e-005	1.800000e-005	3.883746e-001
2.540000e+002	1.000000e+000	7.853220e-001	3.466619e-001	1.733309e-001	1.389601e-001	4.519120e-003	6.809086e-005	1.800000e-005	3.880466e-001
2.550000e+002	1.000000e+000	1.392623e+000	3.522956e-001	1.761478e-001	1.325076e-001	4.891469e-003	6.654146e-005	1.800000e-005	5.087498e-001
2.560000e+002	1.000000e+000	8.025333e-001	3.463238e-001	1.731619e-001	1.374449e-001	4.552646e-003	6.781537e-005	1.800000e-005	3.885150e-001
2.570000e+002	1.000000e+000	7.802389e-001	3.446730e-001	1.723365e-001	1.365392e-001	4.515882e-003	6.861216e-005	1.800000e-005	3.884369e-001
2.580000e+002	1.000000e+000	9.693070e-001	3.573980e-001	1.786990e-001	1.285060e-001	4.978296e-003	5.909130e-005	1.800000e-005	4.193503e-001
2.590000e+002	1.000000e+000	8.057366e-001	3.457162e-001	1.728581e-001	1.380897e-001	4.577378e-003	6.812478e-005	1.800000e-005	3.885681e-001
2.600000e+002	1.000000e+000	8.219547e-001	3.463669e-001	1.731834e-001	1.281047e-001	4.958803e-003	5.384521e-005	1.800000e-005	4.390688e-001
2.610000e+002	1.000000e+000	7.988064e-001	3.456766e-001	1.728383e-001	1.379059e-001	4.552881e-003	6.831988e-005	1.800000e-005	3.881797e-001
2.620000e+002	1.000000e+000	9.906689e-001	3.480659e-001	1.740330e-001	1.243958e-001	4.566004e-003	6.334611e-005	1.800000e-005	4.078665e-001
2.630000e+002	1.000000e+000	7.804560e-001	3.458232e-001	1.729116e-001	1.381955e-001	4.550487e-003	6.780857e-005	1.800000e-005	3.882694e-001
2.640000e+002	1.000000e+000	7.369182e-001	3.514152e-001	1.757076e-001	1.348016e-001	4.762840e-003	5.202722e-005	1.800000e-005	4.260727e-001
2.650000e+002	1.000000e+000	7.905360e-001	3.459327e-001	1.729663e-001	1.376016e-001	4.542993e-003	6.741747e-005	1.800000e-005	3.879885e-001
2.660000e+002	1.000000e+000	6.517953e-001	3.443446e-001	1.721723e-001	1.398964e-001	4.509006e-003	6.440616e-005	1.800000e-005	4.086622e-001
2.670000e+002	1.000000e+000	8.030049e-001	3.464379e-001	1.732189e-001	1.359274e-001	4.537200e-003	6.776449e-005	1.800000e-005	3.890293e-001
2.680000e+002	1.000000e+000	7.919848e-001	3.438168e-001	1.719084e-001	1.398526e-001	4.539943e-003	6.954060e-005	1.800000e-005	3.877519e-001
2.690000e+002	1.000000e+000	1.158243e+000	3.445876e-001	1.722938e-001	1.244857e-001	4.801756e-003	5.457099e-005	1.800000e-005	4.900626e-001
2.700000e+002	1.000000e+000	7.983785e-001	3.453506e-001	1.726753e-001	1.381864e-001	4.538239e-003	6.874536e-005	1.800000e-005	3.877860e-001
2.710000e+002	1.000000e+000	4.857122e-001	3.442459e-001	1.721229e-001	1.201629e-001	4.909796e-003	6.760006e-005	1.800000e-005	6.453750e-001
2.720000e+002	1.000000e+000	7.953700e-001	3.450659e-001	1.725329e-001	1.393324e-001	4.555877e-003	6.865713e-005	1.800000e-005	3.876305e-001
2.730000e+002	1.000000e+000	1.179171e+000	3.554280e-001	1.777140e-001	1.381200e-001	4.585648e-003	6.916793e-005	1.800000e-005	4.830997e-001
2.740000e+002	1.000000e+000	7.874107e-001	3.447157e-001	1.723579e-001	1.378590e-001	4.527276e-003	6.880928e-005	1.800000e-005	3.877572e-001
2.750000e+002	1.000000e+000	9.751805e-001	3.580625e-001	1.790312e-001	1.359215e-001	4.945548e-003	6.275885e-005	1.800000e-005	4.356107e-001
2.760000e+002	1.000000e+000	8.088877e-001	3.454335e-001	1.727168e-001	1.376782e-001	4.545512e-003	6.847574e-005	1.800000e-005	3.881709e-001
2.770000e+002	1.000000e+000	6.869001e-001	3.464434e-001	1.732217e-001	1.334334e-001	4.934911e-003	5.207809e-005	1.800000e-005	4.760354e-001
2.780000e+002	1.000000e+000	8.109124e-001	3.460711e-001	1.730356e-001	1.379118e-001	4.566778e-003	6.743067e-005	1.800000e-005	3.882993e-001
2.790000e+002	1.000000e+000	7.994558e-001	3.426011e-001	1.713006e-001	1.392665e-001	4.553836e-003	6.994752e-005	1.800000e-005	3.904518e-001
2.800000e+002	1.000000e+000	7.888555e-001	3.456467e-001	1.728233e-001	1.390367e-001	4.527799e-003	6.855502e-005	1.800000e-005	3.872727e-001
2.810000e+002	1.000000e+000	4.090921e-001	3.515960e-001	1.757980e-001	1.345860e-001	4.619587e-003	6.562751e-005	1.800000e-005	6.769903e-001
2.820000e+002	1.000000e+000	8.011689e-001	3.450848e-001	1.725424e-001	1.382367e-001	4.541767e-003	6.863220e-005	1.800000e-005	3.878075e-001
2.830000e+002	1.000000e+000	1.477228e+000	3.579549e-001	1.789774e-001	1.271929e-001	4.793582e-003	5.923651e-005	1.800000e-005	5.221138e-001
2.840000e+002	1.000000e+000	7.973936e-001	3.452119e-001	1.726059e-001	1.388182e-001	4.530091e-003	6.910802e-005	1.800000e-005	3.874564e-001
2.850000e+002	1.000000e+000	1.011501e+000	3.584212e-001	1.792106e-001	1.247456e-001	4.727680e-003	5.462298e-005	1.800000e-005	4.149700e-001
2.860000e+002	1.000000e+000	8.024551e-001	3.450879e-001	1.725439e-001	1.384123e-001	4.540062e-003	6.875481e-005	1.800000e-005	3.877454e-001
2.870000e+002	1.000000e+000	7.916491e-001	3.450821e-001	1.725411e-001	1.395676e-001	4.526588e-003	6.890003e-005	1.800000e-005	3.869450e-001
2.880000e+002	1.000000e+000	7.660416e-001	3.452843e-001	1.726422e-001	1.395752e-001	4.534087e-003	6.874125e-005	1.800000e-005	3.877126e-001
2.890000e+002	1.000000e+000	7.615901e-001	3.446168e-001	1.723084e-001	1.397111e-001	4.522064e-003	6.904723e-005	1.800000e-005	3.873332e-001
2.900000e+002	1.000000e+000	5.183296e-001	3.528949e-001	1.764475e-001	1.254023e-001	4.756144e-003	5.042797e-005	1.800000e-005	5.979118e-001
2.910000e+002	1.000000e+000	7.906695e-001	3.457302e-001	1.728651e-001	1.374351e-001	4.535461e-003	6.822030e-005	1.800000e-005	3.881018e-001
2.920000e+002	1.000000e+000	7.307712e-001	3.486378e-001	1.743189e-001	1.357732e-001	4.527702e-003	5.341338e-005	1.800000e-005	4.145086e-001
2.930000e+002	1.000000e+000	7.977521e-001	3.460668e-001	1.730334e-001	1.375543e-001	4.542916e-003	6.801490e-005	1.800000e-005	3.882056e-001
2.940000e+002	1.000000e+000	7.916304e-001	3.453958e-001	1.726979e-001	1.385944e-001	4.529132e-003	6.871010e-005	1.800000e-005	3.874103e-001
2.950000e+002	1.000000e+000	7.678400e-001	3.445241e-001	1.722620e-001	1.399745e-001	4.515570e-003	6.943511e-005	1.800000e-005	3.868396e-001
2.960000e+002	1.000000e+000	5.928274e-001	3.496798e-001	1.748399e-001	1.286908e-001	4.826705e-003	6.691139e-005	1.800000e-005	5.155629e-001
2.970000e+002	1.000000e+000	7.819043e-001	3.453608e-001	1.726804e-001	1.384351e-001	4.530105e-003	6.867753e-005	1.800000e-005	3.876396e-001
2.980000e+002	1.000000e+000	9.271704e-001	3.487302e-001	1.743651e-001	1.286588e-001	4.597253e-003	5.133806e-005	1.800000e-005	4.233624e-001
2.990000e+002	1.000000e+000	8.104125e-001	3.455531e-001	1.727765e-001	1.373528e-001	4.574251e-003	6.827688e-005	1.800000e-005	3.888818e-001
3.000000e+002	1.000000e+000	7.358694e-001	3.448486e-001	1.724243e-001	1.298407e-001	4.983521e-003	5.182096e-005	1.800000e-005	4.795266e-001
3.010000e+002	1.000000e+000	7.829613e-001	3.446155e-001	1.723078e-001	1.386611e-001	4.526983e-003	6.911320e-005	1.800000e-005	3.874378e-001
3.020000e+002	1.000000e+000	5.994155e-001	3.410594e-001	1.705297e-001	1.251314e-001	4.914135e-003	6.498549e-005	1.800000e-005	5.200979e-001
3.030000e+002	1.000000e+000	7.887722e-001	3.453236e-001	1.726618e-001	1.386143e-001	4.541377e-003	6.865018e-005	1.800000e-005	3.876678e-001
3.040000e+002	1.000000e+000	9.261938e-001	3.523369e-001	1.761685e-001	1.271143e-001	4.784285e-003	6.881908e-005	1.800000e-005	4.191791e-001
3.050000e+002	1.000000e+000	7.798760e-001	3.450990e-001	1.725495e-001	1.388925e-001	4.528787e-003	6.885960e-005	1.800000e-005	3.873797e-001
3.060000e+002	1.000000e+000	7.698843e-001	3.459528e-001	1.729764e-001	1.389368e-001	4.510177e-003	6.854080e-005	1.800000e-005	3.877418e-001
3.070000e+002	1.000000e+000	5.472469e-001	3.497844e-001	1.748922e-001	1.258636e-001	4.683984e-003	5.900635e-005	1.800000e-005	5.371320e-001
3.080000e+002	1.000000e+000	7.833552e-001	3.452583e-001	1.726292e-001	1.386867e-001	4.514356e-003	6.927404e-005	1.800000e-005	3.873211e-001
3.090000e+002	1.000000e+000	8.646341e-001	3.459953e-001	1.729977e-001	1.230113e-001	4.847930e-003	5.626322e-005	1.800000e-005	4.286676e-001
3.100000e+002	1.000000e+000	7.904730e-001	3.450758e-001	1.725379e-001	1.393123e-001	4.538577e-003	6.884638e-005	1.800000e-005	3.872869e-001
3.110000e+002	1.000000e+000	8.140041e-001	3.508256e-001	1.754128e-001	1.265078e-001	4.564100e-003	6.322133e-005	1.800000e-005	4.022948e-001
3.120000e+002	1.000000e+000	7.920996e-001	3.450969e-001	1.725484e-001	1.387642e-001	4.532098e-003	6.890354e-005	1.800000e-005	3.873918e-001
3.130000e+002	1.000000e+000	8.100001e-001	3.448865e-001	1.724433e-001	1.389578e-001	4.509791e-003	6.934758e-005	1.800000e-005	3.874259e-001
3.140000e+002	1.000000e+000	4.634029e-001	3.490562e-001	1.745281e-001	1.274635e-001	4.697328e-003	6.965544e-005	1.800000e-005	6.333871e-001
3.150000e+002	1.000000e+000	7.990116e-001	3.455719e-001	1.727860e-001	1.386191e-001	4.541809e-003	6.823908e-005	1.800000e-005	3.875524e-001
3.160000e+002	1.000000e+000	7.721406e-001	3.445997e-001	1.722999e-001	1.399652e-001	4.500745e-003	6.983217e-005	1.800000e-005	3.865083e-001
3.170000e+002	1.000000e+000	3.510457e-001	3.551807e-001	1.775904e-001	1.224358e-001	4.894103e-003	5.767747e-005	1.800000e-005	8.945349e-001
3.180000e+002	1.000000e+000	7.772811e-001	3.454144e-001	1.727072e-001	1.391945e-001	4.513353e-003	6.892032e-005	1.800000e-005	3.870916e-001
3.190000e+002	1.000000e+000	8.854521e-001	3.457047e-001	1.728524e-001	1.392050e-001	4.920573e-003	5.258498e-005	1.800000e-005	4.423770e-001
3.200000e+002	1.000000e+000	7.857088e-001	3.450745e-001	1.725373e-001	1.391304e-001	4.525654e-003	6.901067e-005	1.800000e-005	3.871412e-001
3.210000e+002	1.000000e+000	7.496740e-001	3.450916e-001	1.725458e-001	1.399147e-001	4.534800e-003	6.886373e-005	1.800000e-005	3.885429e-001
3.220000e+002	1.000000e+000	7.949186e-001	3.449378e-001	1.724689e-001	1.391970e-001	4.516043e-003	6.922662e-005	1.800000e-005	3.869839e-001
3.230000e+002	1.000000e+000	1.087884e+000	3.554333e-001	1.777166e-001	1.267564e-001	4.988636e-003	5.039718e-005	1.800000e-005	4.203457e-001
3.240000e+002	1.000000e+000	7.872839e-001	3.452271e-001	1.726135e-001	1.393321e-001	4.521688e-003	6.893340e-005	1.800000e-005	3.869740e-001
3.250000e+002	1.000000e+000	7.926480e-001	3.453995e-001	1.726998e-001	1.397934e-001	4.530053e-003	6.866742e-005	1.800000e-005	3.869498e-001
3.260000e+002	1.000000e+000	7.851923e-001	3.449588e-001	1.724794e-001	1.399796e-001	4.513794e-003	6.912294e-005	1.800000e-005	3.865403e-001
3.270000e+002	1.000000e+000	3.699346e-001	3.537607e-001	1.768803e-001	1.354846e-001	4.996722e-003	6.616313e-005	1.800000e-005	8.325574e-001
3.280000e+002	1.000000e+000	7.868957e-001	3.455068e-001	1.727534e-001	1.385895e-001	4.535360e-003	6.815378e-005	1.800000e-005	3.874440e-001
3.290000e+002	1.000000e+000	1.319209e+000	3.461354e-001	1.730677e-001	1.383530e-001	4.824115e-003	6.632452e-005	1.800000e-005	5.118977e-001
3.300000e+002	1.000000e+000	7.880815e-001	3.453404e-001	1.726702e-001	1.390691e-001	4.531996e-003	6.850721e-005	1.800000e-005	3.871931e-001
3.310000e+002	1.000000e+000	6.388153e-001	3.496784e-001	1.748392e-001	1.240997e-001	4.603084e-003	5.132145e-005	1.800000e-005	4.785604e-001
3.320000e+002	1.000000e+000	7.853349e-001	3.448669e-001	1.724335e-001	1.388155e-001	4.527247e-003	6.886868e-005	1.800000e-005	3.872623e-001
3.330000e+002	1.000000e+000	1.423062e+000	3.513328e-001	1.756664e-001	1.296825e-001	4.654840e-003	6.609992e-005	1.800000e-005	5.222258e-001
3.340000e+002	1.000000e+000	7.898193e-001	3.452320e-001	1.726160e-001	1.390937e-001	4.528694e-003	6.880123e-005	1.800000e-005	3.871709e-001
3.350000e+002	1.000000e+000	1.129254e+000	3.414242e-001	1.707121e-001	1.371174e-001	4.914159e-003	6.112878e-005	1.800000e-005	4.906653e-001
3.360000e+002	1.000000e+000	7.993138e-001	3.453563e-001	1.726781e-001	1.383515e-001	4.550304e-003	6.853519e-005	1.800000e-005	3.879069e-001
3.370000e+002	1.000000e+000	4.525351e-001	3.451177e-001	1.725589e-001	1.335281e-001	4.945427e-003	6.165497e-005	1.800000e-005	6.434617e-001
3.380000e+002	1.000000e+000	7.929874e-001	3.451707e-001	1.725853e-001	1.391316e-001	4.528013e-003	6.896064e-005	1.800000e-005	3.871869e-001
3.390000e+002	1.000000e+000	7.942748e-001	3.454070e-001	1.727035e-001	1.390185e-001	4.509428e-003	6.872103e-005	1.800000e-005	3.868276e-001
3.400000e+002	1.000000e+000	7.933519e-001	3.450914e-001	1.725457e-001	1.399120e-001	4.511427e-003	6.917785e-005	1.800000e-005	3.866491e-001
3.410000e+002	1.000000e+000	1.342696e+000	3.582239e-001	1.791119e-001	1.284085e-001	4.648072e-003	5.573441e-005	1.800000e-005	4.877389e-001
3.420000e+002	1.000000e+000	7.958622e-001	3.450988e-001	1.725494e-001	1.389656e-001	4.531153e-003	6.884122e-005	1.800000e-005	3.872844e-001
3.430000e+002	1.000000e+000	2.222552e-001	3.591068e-001	1.795534e-001	1.271666e-001	4.862672e-003	6.731773e-005	1.800000e-005	1.246300e+000
3.440000e+002	1.000000e+000	7.866325e-001	3.449607e-001	1.724803e-001	1.394741e-001	4.526232e-003	6.909143e-005	1.800000e-005	3.870045e-001
3.450000e+002	1.000000e+000	3.924836e-001	3.580799e-001	1.790399e-001	1.280465e-001	4.758287e-003	5.086857e-005	1.800000e-005	7.893997e-001
3.460000e+002	1.000000e+000	7.839931e-001	3.448870e-001	1.724435e-001	1.392138e-001	4.522430e-003	6.905154e-005	1.800000e-005	3.870179e-001
3.470000e+002	1.000000e+000	8.845695e-001	3.562584e-001	1.781292e-001	1.353410e-001	4.715036e-003	5.439080e-005	1.800000e-005	4.034609e-001
3.480000e+002	1.000000e+000	7.842724e-001	3.449794e-001	1.724897e-001	1.394056e-001	4.521691e-003	6.913061e-005	1.800000e-005	3.869566e-001
3.490000e+002	1.000000e+000	7.997116e-001	3.451316e-001	1.725658e-001	1.396573e-001	4.515948e-003	6.938383e-005	1.800000e-005	3.870447e-001
3.500000e+002	1.000000e+000	7.293892e-001	3.496712e-001	1.748356e-001	1.235346e-001	4.594077e-003	5.639077e-005	1.800000e-005	4.256639e-001
3.510000e+002	1.000000e+000	7.832489e-001	3.448568e-001	1.724284e-001	1.394523e-001	4.517763e-003	6.920600e-005	1.800000e-005	3.868506e-001
3.520000e+002	1.000000e+000	7.724910e-001	3.478488e-001	1.739244e-001	1.347203e-001	4.713848e-003	5.596465e-005	1.800000e-005	4.107233e-001
3.530000e+002	1.000000e+000	7.854062e-001	3.449356e-001	1.724678e-001	1.396212e-001	4.520500e-003	6.917963e-005	1.800000e-005	3.868415e-001
3.540000e+002	1.000000e+000	7.714613e-001	3.446544e-001	1.723272e-001	1.395156e-001	4.511119e-003	6.924547e-005	1.800000e-005	3.868198e-001
3.550000e+002	1.000000e+000	8.394216e-001	3.543094e-001	1.771547e-001	1.377944e-001	4.868736e-003	6.401525e-005	1.800000e-005	4.178305e-001
3.560000e+002	1.000000e+000	7.848157e-001	3.449780e-001	1.724890e-001	1.395772e-001	4.518894e-003	6.917161e-005	1.800000e-005	3.868316e-001
3.570000e+002	1.000000e+000	6.363889e-001	3.460200e-001	1.730100e-001	1.377853e-001	4.918480e-003	6.602582e-005	1.800000e-005	4.546187e-001
3.580000e+002	1.000000e+000	7.882203e-001	3.451459e-001	1.725730e-001	1.397495e-001	4.521959e-003	6.899044e-005	1.800000e-005	3.868118e-001
3.590000e+002	1.000000e+000	3.986425e-001	3.526275e-001	1.763138e-001	1.304264e-001	4.571152e-003	6.418413e-005	1.800000e-005	7.038765e-001
3.600000e+002	1.000000e+000	7.868491e-001	3.449707e-001	1.724854e-001	1.393869e-001	4.521069e-003	6.916827e-005	1.800000e-005	3.869509e-001
3.610000e+002	1.000000e+000	1.482915e+000	3.457081e-001	1.728541e-001	1.363157e-001	4.558570e-003	6.528802e-005	1.800000e-005	5.781415e-001
3.620000e+002	1.000000e+000	7.881552e-001	3.448986e-001	1.724493e-001	1.395207e-001	4.515042e-003	6.927483e-005	1.800000e-005	3.867892e-001
3.630000e+002	1.000000e+000	2.450817e-001	3.402842e-001	1.701421e-001	1.367803e-001	4.918643e-003	5.560125e-005	1.800000e-005	1.027135e+000
3.640000e+002	1.000000e+000	7.866136e-001	3.451875e-001	1.725938e-001	1.391378e-001	4.516707e-003	6.913013e-005	1.800000e-005	3.870163e-001
3.650000e+002	1.000000e+000	7.834255e-001	3.452640e-001	1.726320e-001	1.398310e-001	4.508924e-003	6.895024e-005	1.800000e-005	3.865342e-001
3.660000e+002	1.000000e+000	7.869109e-001	3.451435e-001	1.725718e-001	1.399979e-001	4.503475e-003	6.904983e-005	1.800000e-005	3.863510e-001
3.670000e+002	1.000000e+000	8.006419e-001	3.505362e-001	1.752681e-001	1.212176e-001	4.688035e-003	6.239189e-005	1.800000e-005	4.170799e-001
3.680000e+002	1.000000e+000	7.938022e-001	3.452637e-001	1.726318e-001	1.390152e-001	4.531373e-003	6.874200e-005	1.800000e-005	3.872500e-001
3.690000e+002	1.000000e+000	7.600837e-001	3.455020e-001	1.727510e-001	1.394638e-001	4.504621e-003	6.893635e-005	1.800000e-005	3.875389e-001
3.700000e+002	1.000000e+000	7.959863e-001	3.450513e-001	1.725257e-001	1.397686e-001	4.516060e-003	6.902485e-005	1.800000e-005	3.867633e-001
3.710000e+002	1.000000e+000	7.052658e-001	3.400788e-001	1.700394e-001	1.246462e-001	4.654445e-003	6.013031e-005	1.800000e-005	4.660559e-001
3.720000e+002	1.000000e+000	7.828176e-001	3.451327e-001	1.725663e-001	1.393234e-001	4.519954e-003	6.893662e-005	1.800000e-005	3.869381e-001
3.730000e+002	1.000000e+000	2.496258e-001	3.557359e-001	1.778679e-001	1.326640e-001	4.792909e-003	6.690461e-005	1.800000e-005	1.083190e+000
3.740000e+002	1.000000e+000	7.820738e-001	3.452622e-001	1.726311e-001	1.394873e-001	4.512897e-003	6.896861e-005	1.800000e-005	3.867807e-001
3.750000e+002	1.000000e+000	4.972206e-001	3.534833e-001	1.767417e-001	1.340645e-001	4.802778e-003	6.131752e-005	1.800000e-005	6.032951e-001
3.760000e+002	1.000000e+000	7.870752e-001	3.451686e-001	1.725843e-001	1.395561e-001	4.517065e-003	6.897515e-005	1.800000e-005	3.867772e-001
3.770000e+002	1.000000e+000	1.141566e+000	3.595002e-001	1.797501e-001	1.390563e-001	4.500062e-003	5.192774e-005	1.800000e-005	4.533300e-001
3.780000e+002	1.000000e+000	7.901992e-001	3.451867e-001	1.725933e-001	1.393633e-001	4.522304e-003	6.888129e-005	1.800000e-005	3.869376e-001
3.790000e+002	1.000000e+000	7.957108e-001	3.452804e-001	1.726402e-001	1.398079e-001	4.503616e-003	6.895917e-005	1.800000e-005	3.865465e-001
3.800000e+002	1.000000e+000	7.999616e-001	3.439244e-001	1.719622e-001	1.379914e-001	4.790175e-003	6.911251e-005	1.800000e-005	3.960665e-001
3.810000e+002	1.000000e+000	7.918600e-001	3.452733e-001	1.726366e-001	1.394478e-001	4.509301e-003	6.887122e-005	1.800000e-005	3.866666e-001
3.820000e+002	1.000000e+000	1.281693e+000	3.469404e-001	1.734702e-001	1.265995e-001	4.812794e-003	5.512328e-005	1.800000e-005	5.051699e-001
3.830000e+002	1.000000e+000	7.841992e-001	3.449769e-001	1.724884e-001	1.396321e-001	4.512970e-003	6.912956e-005	1.800000e-005	3.866599e-001
3.840000e+002	1.000000e+000	8.024255e-001	3.455723e-001	1.727861e-001	1.394947e-001	4.501301e-003	6.875671e-005	1.800000e-005	3.867869e-001
3.850000e+002	1.000000e+000	7.755675e-001	3.448796e-001	1.724398e-001	1.399615e-001	4.515652e-003	6.916554e-005	1.800000e-005	3.866562e-001
3.860000e+002	1.000000e+000	4.426052e-001	3.560337e-001	1.780169e-001	1.385882e-001	4.755816e-003	6.995930e-005	1.800000e-005	7.033231e-001
3.870000e+002	1.000000e+000	7.787076e-001	3.448738e-001	1.724369e-001	1.396697e-001	4.510231e-003	6.916270e-005	1.800000e-005	3.866037e-001
3.880000e+002	1.000000e+000	3.092694e-001	3.439274e-001	1.719637e-001	1.277513e-001	4.842594e-003	6.935288e-005	1.800000e-005	8.804191e-001
3.890000e+002	1.000000e+000	7.857040e-001	3.451284e-001	1.725642e-001	1.394682e-001	4.513358e-003	6.909630e-005	1.800000e-005	3.867669e-001
3.900000e+002	1.000000e+000	2.180542e-001	3.514170e-001	1.757085e-001	1.261746e-001	4.706603e-003	6.518007e-005	1.800000e-005	1.125567e+000
3.910000e+002	1.000000e+000	7.880396e-001	3.451521e-001	1.725760e-001	1.396308e-001	4.509245e-003	6.898229e-005	1.800000e-005	3.865783e-001
3.920000e+002	1.000000e+000	1.326376e+000	3.544581e-001	1.772290e-001	1.372636e-001	4.656327e-003	6.558722e-005	1.800000e-005	5.066754e-001
3.930000e+002	1.000000e+000	7.854201e-001	3.449519e-001	1.724759e-001	1.396496e-001	4.512678e-003	6.918640e-005	1.800000e-005	3.866598e-001
3.940000e+002	1.000000e+000	1.244353e+000	3.433212e-001	1.716606e-001	1.387752e-001	4.940824e-003	6.687769e-005	1.800000e-005	4.974229e-001
3.950000e+002	1.000000e+000	7.847423e-001	3.450201e-001	1.725100e-001	1.397516e-001	4.510529e-003	6.912195e-005	1.800000e-005	3.865674e-001
3.960000e+002	1.000000e+000	7.894453e-001	3.452110e-001	1.726055e-001	1.399111e-001	4.501868e-003	6.898081e-005	1.800000e-005	3.863655e-001
3.970000e+002	1.000000e+000	3.205668e-001	3.551902e-001	1.775951e-001	1.219633e-001	4.871870e-003	5.099454e-005	1.800000e-005	9.537414e-001
3.980000e+002	1.000000e+000	7.891040e-001	3.451124e-001	1.725562e-001	1.396775e-001	4.516843e-003	6.896044e-005	1.800000e-005	3.867087e-001
3.990000e+002	1.000000e+000	7.420733e-001	3.412818e-001	1.706409e-001	1.225524e-001	4.586871e-003	5.139830e-005	1.800000e-005	4.971160e-001
4.000000e+002	1.000000e+000	7.859491e-001	3.451117e-001	1.725559e-001	1.396491e-001	4.510930e-003	6.907603e-005	1.800000e-005	3.866275e-001
4.010000e+002	1.000000e+000	7.057814e-001	3.408230e-001	1.704115e-001	1.326567e-001	4.987817e-003	5.944254e-005	1.800000e-005	4.733355e-001
4.020000e+002	1.000000e+000	7.861922e-001	3.449525e-001	1.724763e-001	1.397481e-001	4.516648e-003	6.920464e-005	1.800000e-005	3.867183e-001
4.030000e+002	1.000000e+000	7.793600e-001	3.448000e-001	1.724000e-001	1.398874e-001	4.500245e-003	6.953205e-005	1.800000e-005	3.863899e-001
4.040000e+002	1.000000e+000	8.756594e-001	3.502995e-001	1.751497e-001	1.233643e-001	4.618225e-003	5.055871e-005	1.800000e-005	4.176338e-001
4.050000e+002	1.000000e+000	7.839204e-001	3.449427e-001	1.724713e-001	1.396002e-001	4.514967e-003	6.925018e-005	1.800000e-005	3.867556e-001
4.060000e+002	1.000000e+000	1.067826e+000	3.572930e-001	1.786465e-001	1.237599e-001	4.826970e-003	6.520422e-005	1.800000e-005	4.423395e-001
4.070000e+002	1.000000e+000	7.855955e-001	3.450507e-001	1.725253e-001	1.395884e-001	4.515585e-003	6.910668e-005	1.800000e-005	3.867461e-001
4.080000e+002	1.000000e+000	7.753817e-001	3.448836e-001	1.724418e-001	1.397258e-001	4.507490e-003	6.948371e-005	1.800000e-005	3.866920e-001
4.090000e+002	1.000000e+000	7.031959e-001	3.500757e-001	1.750379e-001	1.225895e-001	4.774112e-003	5.010413e-005	1.800000e-005	4.689125e-001
4.100000e+002	1.000000e+000	7.830250e-001	3.451089e-001	1.725545e-001	1.396298e-001	4.511588e-003	6.913480e-005	1.800000e-005	3.866831e-001
4.110000e+002	1.000000e+000	2.536904e-001	3.412699e-001	1.706350e-001	1.236712e-001	4.566829e-003	5.777065e-005	1.800000e-005	9.499507e-001
4.120000e+002	1.000000e+000	7.829908e-001	3.449315e-001	1.724658e-001	1.396965e-001	4.512996e-003	6.929905e-005	1.800000e-005	3.866910e-001
4.130000e+002	1.000000e+000	7.817233e-001	3.449834e-001	1.724917e-001	1.399404e-001	4.502531e-003	6.940081e-005	1.800000e-005	3.864274e-001
4.140000e+002	1.000000e+000	1.244041e+000	3.477854e-001	1.738927e-001	1.290136e-001	4.924461e-003	6.683274e-005	1.800000e-005	4.654341e-001
4.150000e+002	1.000000e+000	7.810309e-001	3.447520e-001	1.723760e-001	1.392102e-001	4.517057e-003	6.926554e-005	1.800000e-005	3.869671e-001
4.160000e+002	1.000000e+000	1.315067e+000	3.473886e-001	1.736943e-001	1.206312e-001	4.550928e-003	6.785372e-005	1.800000e-005	4.888586e-001
4.170000e+002	1.000000e+000	7.826893e-001	3.449978e-001	1.724989e-001	1.397834e-001	4.508668e-003	6.927398e-005	1.800000e-005	3.865718e-001
4.180000e+002	1.000000e+000	4.509837e-001	3.586337e-001	1.793169e-001	1.367960e-001	4.916365e-003	6.401789e-005	1.800000e-005	7.300826e-001
4.190000e+002	1.000000e+000	7.829935e-001	3.449611e-001	1.724806e-001	1.397373e-001	4.510036e-003	6.929600e-005	1.800000e-005	3.866156e-001
4.200000e+002	1.000000e+000	7.756466e-001	3.449148e-001	1.724574e-001	1.397812e-001	4.503292e-003	6.921540e-005	1.800000e-005	3.864576e-001
4.210000e+002	1.000000e+000	7.852192e-001	3.451146e-001	1.725573e-001	1.399191e-001	4.506098e-003	6.890096e-005	1.800000e-005	3.863563e-001
4.220000e+002	1.000000e+000	8.247497e-001	3.543743e-001	1.771871e-001	1.286628e-001	4.526414e-003	6.784699e-005	1.800000e-005	4.324079e-001
4.230000e+002	1.000000e+000	7.853087e-001	3.450995e-001	1.725497e-001	1.397210e-001	4.512251e-003	6.902868e-005	1.800000e-005	3.866062e-001
4.240000e+002	1.000000e+000	1.207852e+000	3.421936e-001	1.710968e-001	1.271522e-001	4.990187e-003	5.292748e-005	1.800000e-005	5.391069e-001
4.250000e+002	1.000000e+000	7.869792e-001	3.450792e-001	1.725396e-001	1.397574e-001	4.511381e-003	6.903893e-005	1.800000e-005	3.865736e-001
4.260000e+002	1.000000e+000	8.257825e-001	3.449182e-001	1.724591e-001	1.398902e-001	4.702550e-003	6.028529e-005	1.800000e-005	4.037724e-001
4.270000e+002	1.000000e+000	7.829043e-001	3.449554e-001	1.724777e-001	1.397886e-001	4.509717e-003	6.924544e-005	1.800000e-005	3.865660e-001
4.280000e+002	1.000000e+000	6.027843e-001	3.594737e-001	1.797369e-001	1.345770e-001	4.690347e-003	5.620810e-005	1.800000e-005	5.316783e-001
4.290000e+002	1.000000e+000	7.826851e-001	3.449709e-001	1.724854e-001	1.398508e-001	4.507549e-003	6.920484e-005	1.800000e-005	3.864824e-001
4.300000e+002	1.000000e+000	6.156364e-001	3.473489e-001	1.736744e-001	1.322071e-001	4.769283e-003	6.378517e-005	1.800000e-005	4.682602e-001
4.310000e+002	1.000000e+000	7.826287e-001	3.449688e-001	1.724844e-001	1.398333e-001	4.508150e-003	6.920349e-005	1.800000e-005	3.865016e-001
4.320000e+002	1.000000e+000	9.373294e-001	3.476819e-001	1.738410e-001	1.304968e-001	4.767222e-003	5.793882e-005	1.800000e-005	4.086190e-001
4.330000e+002	1.000000e+000	7.844718e-001	3.450340e-001	1.725170e-001	1.398224e-001	4.507756e-003	6.910977e-005	1.800000e-005	3.864793e-001
4.340000e+002	1.000000e+000	7.813000e-001	3.450087e-001	1.725043e-001	1.399413e-001	4.500114e-003	6.915774e-005	1.800000e-005	3.862789e-001
4.350000e+002	1.000000e+000	1.310859e+000	3.533450e-001	1.766725e-001	1.302422e-001	4.848910e-003	5.538189e-005	1.800000e-005	4.807359e-001
4.360000e+002	1.000000e+000	7.854926e-001	3.450717e-001	1.725359e-001	1.397654e-001	4.506536e-003	6.909657e-005	1.800000e-005	3.864820e-001
4.370000e+002	1.000000e+000	1.357350e+000	3.494491e-001	1.747246e-001	1.311197e-001	4.875773e-003	5.443562e-005	1.800000e-005	5.178513e-001
4.380000e+002	1.000000e+000	7.844244e-001	3.449932e-001	1.724966e-001	1.399409e-001	4.508544e-003	6.913519e-005	1.800000e-005	3.864507e-001
4.390000e+002	1.000000e+000	1.240567e+000	3.524011e-001	1.762006e-001	1.259965e-001	4.968213e-003	6.024290e-005	1.800000e-005	4.517466e-001
4.400000e+002	1.000000e+000	7.814092e-001	3.450249e-001	1.725124e-001	1.398947e-001	4.510613e-003	6.911947e-005	1.800000e-005	3.865253e-001
4.410000e+002	1.000000e+000	7.864978e-001	3.493487e-001	1.746744e-001	1.243511e-001	4.756856e-003	6.917590e-005	1.800000e-005	4.262947e-001
4.420000e+002	1.000000e+000	7.824516e-001	3.449867e-001	1.724933e-001	1.397686e-001	4.507845e-003	6.915477e-005	1.800000e-005	3.865071e-001
4.430000e+002	1.000000e+000	9.709302e-001	3.586303e-001	1.793151e-001	1.388265e-001	4.970726e-003	6.977977e-005	1.800000e-005	4.749091e-001
4.440000e+002	1.000000e+000	7.848680e-001	3.449966e-001	1.724983e-001	1.398039e-001	4.511477e-003	6.919530e-005	1.800000e-005	3.865903e-001
4.450000e+002	1.000000e+000	7.986875e-001	3.454106e-001	1.727053e-001	1.399919e-001	4.503877e-003	6.871082e-005	1.800000e-005	3.865208e-001
4.460000e+002	1.000000e+000	7.784569e-001	3.450785e-001	1.725392e-001	1.399510e-001	4.509635e-003	6.900728e-005	1.800000e-005	3.864822e-001
4.470000e+002	1.000000e+000	5.948622e-001	3.492130e-001	1.746065e-001	1.233719e-001	4.980656e-003	6.508593e-005	1.800000e-005	5.451536e-001
4.480000e+002	1.000000e+000	7.856078e-001	3.450931e-001	1.725465e-001	1.398645e-001	4.508422e-003	6.910265e-005	1.800000e-005	3.864978e-001
4.490000e+002	1.000000e+000	8.540953e-001	3.541960e-001	1.770980e-001	1.322550e-001	4.723099e-003	5.501899e-005	1.800000e-005	4.006760e-001
4.500000e+002	1.000000e+000	7.847431e-001	3.450911e-001	1.725456e-001	1.397681e-001	4.508495e-003	6.910265e-005	1.800000e-005	3.865329e-001
4.510000e+002	1.000000e+000	2.216245e-001	3.598871e-001	1.799436e-001	1.226376e-001	4.785682e-003	6.811863e-005	1.800000e-005	1.258495e+000
4.520000e+002	1.000000e+000	7.843070e-001	3.449445e-001	1.724723e-001	1.395527e-001	4.510983e-003	6.916776e-005	1.800000e-005	3.866519e-001
4.530000e+002	1.000000e+000	9.703328e-001	3.492113e-001	1.746056e-001	1.341006e-001	4.608749e-003	6.008682e-005	1.800000e-005	4.050074e-001
4.540000e+002	1.000000e+000	7.848096e-001	3.450769e-001	1.725384e-001	1.398404e-001	4.507499e-003	6.913262e-005	1.800000e-005	3.864916e-001
4.550000e+002	1.000000e+000	7.924505e-001	3.452871e-001	1.726435e-001	1.399001e-001	4.502046e-003	6.886306e-005	1.800000e-005	3.863928e-001
4.560000e+002	1.000000e+000	3.958336e-001	3.467099e-001	1.733549e-001	1.330698e-001	4.913905e-003	5.009084e-005	1.800000e-005	7.597230e-001
4.570000e+002	1.000000e+000	7.866293e-001	3.450601e-001	1.725301e-001	1.397276e-001	4.507308e-003	6.909491e-005	1.800000e-005	3.865111e-001
4.580000e+002	1.000000e+000	7.934821e-001	3.453866e-001	1.726933e-001	1.397804e-001	4.507472e-003	6.852469e-005	1.800000e-005	3.864496e-001
4.590000e+002	1.000000e+000	1.014894e+000	3.511383e-001	1.755692e-001	1.215023e-001	4.659722e-003	6.780158e-005	1.800000e-005	4.173769e-001
4.600000e+002	1.000000e+000	7.834510e-001	3.450148e-001	1.725074e-001	1.398723e-001	4.505420e-003	6.915404e-005	1.800000e-005	3.864203e-001
4.610000e+002	1.000000e+000	7.712541e-001	3.447420e-001	1.723710e-001	1.397255e-001	4.504309e-003	6.937398e-005	1.800000e-005	3.865972e-001
4.620000e+002	1.000000e+000	7.918291e-001	3.452435e-001	1.726217e-001	1.399253e-001	4.503985e-003	6.887661e-005	1.800000e-005	3.864028e-001
4.630000e+002	1.000000e+000	1.477934e+000	3.562647e-001	1.781324e-001	1.212627e-001	4.859748e-003	6.132125e-005	1.800000e-005	5.122070e-001
4.640000e+002	1.000000e+000	7.830483e-001	3.451401e-001	1.725701e-001	1.398609e-001	4.505835e-003	6.904340e-005	1.800000e-005	3.864373e-001
4.650000e+002	1.000000e+000	5.798263e-001	3.519604e-001	1.759802e-001	1.384194e-001	4.784717e-003	5.981805e-005	1.800000e-005	4.976407e-001
4.660000e+002	1.000000e+000	7.840818e-001	3.450440e-001	1.725220e-001	1.398281e-001	4.504641e-003	6.911656e-005	1.800000e-005	3.864144e-001
4.670000e+002	1.000000e+000	7.859058e-001	3.449776e-001	1.724888e-001	1.399420e-001	4.500841e-003	6.923891e-005	1.800000e-005	3.863267e-001
4.680000e+002	1.000000e+000	2.156865e-001	3.509179e-001	1.754589e-001	1.366010e-001	4.901363e-003	5.850187e-005	1.800000e-005	1.140027e+000
4.690000e+002	1.000000e+000	7.893292e-001	3.452358e-001	1.726179e-001	1.398388e-001	4.505762e-003	6.878294e-005	1.800000e-005	3.863949e-001
4.700000e+002	1.000000e+000	6.003599e-001	3.470671e-001	1.735335e-001	1.364623e-001	4.518527e-003	6.559154e-005	1.800000e-005	4.414215e-001
4.710000e+002	1.000000e+000	7.847385e-001	3.450502e-001	1.725251e-001	1.398804e-001	4.505449e-003	6.913789e-005	1.800000e-005	3.864248e-001
4.720000e+002	1.000000e+000	1.155836e+000	3.420122e-001	1.710061e-001	1.389417e-001	4.743724e-003	6.107051e-005	1.800000e-005	4.989792e-001
4.730000e+002	1.000000e+000	7.801847e-001	3.449718e-001	1.724859e-001	1.398521e-001	4.502774e-003	6.917832e-005	1.800000e-005	3.863731e-001
4.740000e+002	1.000000e+000	7.790675e-001	3.449137e-001	1.724569e-001	1.399084e-001	4.500411e-003	6.923135e-005	1.800000e-005	3.863041e-001
4.750000e+002	1.000000e+000	7.870703e-001	3.451579e-001	1.725789e-001	1.398636e-001	4.504825e-003	6.870626e-005	1.800000e-005	3.863018e-001
4.760000e+002	1.000000e+000	7.217570e-001	3.571420e-001	1.785710e-001	1.249283e-001	4.757362e-003	6.916089e-005	1.800000e-005	5.139257e-001
4.770000e+002	1.000000e+000	7.858279e-001	3.451251e-001	1.725626e-001	1.398187e-001	4.508604e-003	6.901542e-005	1.800000e-005	3.864946e-001
4.780000e+002	1.000000e+000	9.144876e-001	3.453684e-001	1.726842e-001	1.258744e-001	4.612427e-003	5.254926e-005	1.800000e-005	4.425960e-001
4.790000e+002	1.000000e+000	7.860828e-001	3.451339e-001	1.725670e-001	1.398795e-001	4.506859e-003	6.901133e-005	1.800000e-005	3.864379e-001
4.800000e+002	1.000000e+000	2.527718e-001	3.514900e-001	1.757450e-001	1.317298e-001	4.629330e-003	5.626712e-005	1.800000e-005	9.816653e-001
4.810000e+002	1.000000e+000	7.861673e-001	3.450939e-001	1.725469e-001	1.398741e-001	4.506157e-003	6.905891e-005	1.800000e-005	3.864300e-001
4.820000e+002	1.000000e+000	3.739380e-001	3.467681e-001	1.733841e-001	1.315713e-001	4.875418e-003	5.595863e-005	1.800000e-005	7.693783e-001
4.830000e+002	1.000000e+000	7.864820e-001	3.450859e-001	1.725430e-001	1.398208e-001	4.506479e-003	6.907843e-005	1.800000e-005	3.864618e-001
4.840000e+002	1.000000e+000	8.298967e-001	3.503555e-001	1.751777e-001	1.241860e-001	4.797601e-003	6.149226e-005	1.800000e-005	4.098373e-001
4.850000e+002	1.000000e+000	7.842326e-001	3.450670e-001	1.725335e-001	1.398446e-001	4.506740e-003	6.907643e-005	1.800000e-005	3.864466e-001
4.860000e+002	1.000000e+000	9.430613e-001	3.440482e-001	1.720241e-001	1.380133e-001	4.819438e-003	6.146332e-005	1.800000e-005	4.206426e-001
4.870000e+002	1.000000e+000	7.857062e-001	3.451310e-001	1.725655e-001	1.398480e-001	4.506636e-003	6.904255e-005	1.800000e-005	3.864548e-001
4.880000e+002	1.000000e+000	7.904278e-001	3.452209e-001	1.726104e-001	1.399485e-001	4.502507e-003	6.889200e-005	1.800000e-005	3.863457e-001
4.890000e+002	1.000000e+000	7.935968e-001	3.453117e-001	1.726558e-001	1.399608e-001	4.501035e-003	6.884602e-005	1.800000e-005	3.863796e-001
4.900000e+002	1.000000e+000	1.219760e+000	3.445105e-001	1.722552e-001	1.278250e-001	4.961257e-003	6.378738e-005	1.800000e-005	4.765989e-001
4.910000e+002	1.000000e+000	7.872190e-001	3.451511e-001	1.725755e-001	1.398938e-001	4.505162e-003	6.901337e-005	1.800000e-005	3.864098e-001
4.920000e+002	1.000000e+000	8.507268e-001	3.512073e-001	1.756037e-001	1.214782e-001	4.948124e-003	5.511520e-005	1.800000e-005	4.205076e-001
4.930000e+002	1.000000e+000	7.877290e-001	3.451483e-001	1.725741e-001	1.399022e-001	4.504585e-003	6.900936e-005	1.800000e-005	3.863958e-001
4.940000e+002	1.000000e+000	1.341816e+000	3.546461e-001	1.773231e-001	1.370767e-001	4.962113e-003	5.921132e-005	1.800000e-005	4.932161e-001
4.950000e+002	1.000000e+000	7.862208e-001	3.450827e-001	1.725413e-001	1.399335e-001	4.506259e-003	6.906233e-005	1.800000e-005	3.864096e-001
4.960000e+002	1.000000e+000	7.839185e-001	3.450494e-001	1.725247e-001	1.399632e-001	4.500084e-003	6.901010e-005	1.800000e-005	3.862277e-001
4.970000e+002	1.000000e+000	3.160409e-001	3.581336e-001	1.790668e-001	1.309021e-001	4.615356e-003	6.176284e-005	1.800000e-005	9.049629e-001
4.980000e+002	1.000000e+000	7.856336e-001	3.451237e-001	1.725619e-001	1.398778e-001	4.503829e-003	6.893932e-005	1.800000e-005	3.863403e-001
4.990000e+002	1.000000e+000	7.233902e-001	3.562918e-001	1.781459e-001	1.358188e-001	4.814993e-003	5.350189e-005	1.800000e-005	4.402690e-001
5.000000e+002	1.000000e+000	7.847549e-001	3.450640e-001	1.725320e-001	1.398714e-001	4.504293e-003	6.906316e-005	1.800000e-005	3.863778e-001
5.010000e+002	1.000000e+000	1.331214e+000	3.435975e-001	1.717987e-001	1.229056e-001	4.929606e-003	6.583171e-005	1.800000e-005	5.099833e-001
5.020000e+002	1.000000e+000	7.846443e-001	3.450889e-001	1.725445e-001	1.399235e-001	4.503743e-003	6.897353e-005	1.800000e-005	3.863212e-001
5.030000e+002	1.000000e+000	6.811481e-001	3.546456e-001	1.773228e-001	1.286839e-001	4.752132e-003	5.338756e-005	1.800000e-005	4.603154e-001
5.040000e+002	1.000000e+000	7.879493e-001	3.451534e-001	1.725767e-001	1.399266e-001	4.502687e-003	6.896136e-005	1.800000e-005	3.863331e-001
5.050000e+002	1.000000e+000	4.477431e-001	3.517635e-001	1.758818e-001	1.291478e-001	4.968352e-003	5.383720e-005	1.800000e-005	6.994681e-001
5.060000e+002	1.000000e+000	7.831819e-001	3.450258e-001	1.725129e-001	1.398976e-001	4.503528e-003	6.910823e-005	1.800000e-005	3.863549e-001
5.070000e+002	1.000000e+000	7.873198e-001	3.451207e-001	1.725603e-001	1.399956e-001	4.501407e-003	6.893550e-005	1.800000e-005	3.862590e-001
5.080000e+002	1.000000e+000	7.791277e-001	3.449235e-001	1.724618e-001	1.399202e-001	4.500860e-003	6.913905e-005	1.800000e-005	3.862782e-001
5.090000e+002	1.000000e+000	7.552870e-001	3.522191e-001	1.761096e-001	1.269967e-001	4.503567e-003	6.825265e-005	1.800000e-005	4.316094e-001
5.100000e+002	1.000000e+000	7.850480e-001	3.450783e-001	1.725391e-001	1.399362e-001	4.501631e-003	6.902805e-005	1.800000e-005	3.862901e-001
5.110000e+002	1.000000e+000	9.334941e-001	3.554681e-001	1.777341e-001	1.327277e-001	4.975002e-003	6.432709e-005	1.800000e-005	4.232407e-001
5.120000e+002	1.000000e+000	7.839936e-001	3.450625e-001	1.725313e-001	1.399374e-001	4.502281e-003	6.901381e-005	1.800000e-005	3.862899e-001
5.130000e+002	1.000000e+000	8.042903e-001	3.402891e-001	1.701445e-001	1.383291e-001	4.771899e-003	6.230084e-005	1.800000e-005	4.303412e-001
5.140000e+002	1.000000e+000	7.816917e-001	3.449888e-001	1.724944e-001	1.399316e-001	4.500757e-003	6.913020e-005	1.800000e-005	3.862784e-001
5.150000e+002	1.000000e+000	7.898059e-001	3.452031e-001	1.726016e-001	1.399088e-001	4.500050e-003	6.888464e-005	1.800000e-005	3.862918e-001
5.160000e+002	1.000000e+000	2.919877e-001	3.556240e-001	1.778120e-001	1.332569e-001	4.629923e-003	5.469302e-005	1.800000e-005	9.162247e-001
5.170000e+002	1.000000e+000	7.888479e-001	3.451845e-001	1.725922e-001	1.399142e-001	4.503435e-003	6.893966e-005	1.800000e-005	3.863628e-001
5.180000e+002	1.000000e+000	7.820585e-001	3.449656e-001	1.724828e-001	1.398886e-001	4.503388e-003	6.909817e-005	1.800000e-005	3.863340e-001
5.190000e+002	1.000000e+000	7.832553e-001	3.449681e-001	1.724840e-001	1.399293e-001	4.503164e-003	6.901031e-005	1.800000e-005	3.862845e-001
5.200000e+002	1.000000e+000	7.794989e-001	3.448325e-001	1.724162e-001	1.399331e-001	4.502305e-003	6.920561e-005	1.800000e-005	3.863051e-001
5.210000e+002	1.000000e+000	7.889904e-001	3.419363e-001	1.709682e-001	1.240742e-001	4.869719e-003	6.438222e-005	1.800000e-005	4.368713e-001
5.220000e+002	1.000000e+000	7.853357e-001	3.450670e-001	1.725335e-001	1.398782e-001	4.503556e-003	6.904727e-005	1.800000e-005	3.863561e-001
5.230000e+002	1.000000e+000	7.823266e-001	3.449187e-001	1.724593e-001	1.399524e-001	4.500932e-003	6.917308e-005	1.800000e-005	3.862699e-001
5.240000e+002	1.000000e+000	6.123876e-001	3.488354e-001	1.744177e-001	1.357913e-001	4.768505e-003	6.049377e-005	1.800000e-005	4.657277e-001
5.250000e+002	1.000000e+000	7.855021e-001	3.450759e-001	1.725380e-001	1.398997e-001	4.504325e-003	6.902651e-005	1.800000e-005	3.863606e-001
5.260000e+002	1.000000e+000	7.860098e-001	3.450231e-001	1.725116e-001	1.399602e-001	4.500368e-003	6.895801e-005	1.800000e-005	3.862207e-001
5.270000e+002	1.000000e+000	7.824527e-001	3.450006e-001	1.725003e-001	1.399315e-001	4.501886e-003	6.885376e-005	1.800000e-005	3.862124e-001
5.280000e+002	1.000000e+000	7.889470e-001	3.451949e-001	1.725974e-001	1.399217e-001	4.502165e-003	6.867495e-005	1.800000e-005	3.862431e-001
5.290000e+002	1.000000e+000	1.325694e+000	3.520197e-001	1.760099e-001	1.356657e-001	4.748665e-003	6.226465e-005	1.800000e-005	4.968624e-001
5.300000e+002	1.000000e+000	7.834087e-001	3.450416e-001	1.725208e-001	1.399439e-001	4.501576e-003	6.901652e-005	1.800000e-005	3.862658e-001
5.310000e+002	1.000000e+000	3.809230e-001	3.545495e-001	1.772748e-001	1.334944e-001	4.527789e-003	5.183582e-005	1.800000e-005	7.203164e-001
5.320000e+002	1.000000e+000	7.826520e-001	3.449964e-001	1.724982e-001	1.399197e-001	4.502276e-003	6.904458e-005	1.800000e-005	3.862864e-001
5.330000e+002	1.000000e+000	7.917330e-001	3.453587e-001	1.726794e-001	1.399747e-001	4.503732e-003	6.836595e-005	1.800000e-005	3.862367e-001
5.340000e+002	1.000000e+000	3.794420e-001	3.422330e-001	1.711165e-001	1.306666e-001	4.954570e-003	6.830679e-005	1.800000e-005	7.542156e-001
5.350000e+002	1.000000e+000	7.850025e-001	3.450808e-001	1.725404e-001	1.399720e-001	4.502389e-003	6.902321e-005	1.800000e-005	3.862929e-001
5.360000e+002	1.000000e+000	7.869648e-001	3.451816e-001	1.725908e-001	1.399866e-001	4.501509e-003	6.867973e-005	1.800000e-005	3.861891e-001
5.370000e+002	1.000000e+000	2.392039e-001	3.444265e-001	1.722132e-001	1.360748e-001	4.923112e-003	5.946180e-005	1.800000e-005	1.041908e+000
5.380000e+002	1.000000e+000	7.868813e-001	3.451291e-001	1.725646e-001	1.399341e-001	4.500599e-003	6.890414e-005	1.800000e-005	3.862492e-001
5.390000e+002	1.000000e+000	7.897392e-001	3.452253e-001	1.726127e-001	1.399822e-001	4.503644e-003	6.843186e-005	1.800000e-005	3.861999e-001
5.400000e+002	1.000000e+000	7.033395e-001	3.524416e-001	1.762208e-001	1.266385e-001	4.702519e-003	5.953962e-005	1.800000e-005	4.426638e-001
5.410000e+002	1.000000e+000	7.844796e-001	3.450680e-001	1.725340e-001	1.399657e-001	4.501769e-003	6.897342e-005	1.800000e-005	3.862571e-001
5.420000e+002	1.000000e+000	3.093668e-001	3.542310e-001	1.771155e-001	1.201116e-001	4.971960e-003	5.906374e-005	1.800000e-005	1.006215e+000
5.430000e+002	1.000000e+000	7.856719e-001	3.451144e-001	1.725572e-001	1.399622e-001	4.501825e-003	6.885057e-005	1.800000e-005	3.862344e-001
5.440000e+002	1.000000e+000	7.877886e-001	3.452375e-001	1.726187e-001	1.399280e-001	4.503141e-003	6.835867e-005	1.800000e-005	3.861685e-001
5.450000e+002	1.000000e+000	7.813138e-001	3.449450e-001	1.724725e-001	1.399414e-001	4.501070e-003	6.890389e-005	1.800000e-005	3.861962e-001
5.460000e+002	1.000000e+000	7.838442e-001	3.449591e-001	1.724796e-001	1.399419e-001	4.501323e-003	6.895057e-005	1.800000e-005	3.862207e-001
5.470000e+002	1.000000e+000	5.261253e-001	3.536708e-001	1.768354e-001	1.252439e-001	4.649228e-003	5.280679e-005	1.800000e-005	5.733126e-001
5.480000e+002	1.000000e+000	7.852551e-001	3.450683e-001	1.725341e-001	1.399095e-001	4.502710e-003	6.894635e-005	1.800000e-005	3.862899e-001
5.490000e+002	1.000000e+000	7.860348e-001	3.450691e-001	1.725346e-001	1.399712e-001	4.500219e-003	6.872873e-005	1.800000e-005	3.861525e-001
5.500000e+002	1.000000e+000	7.533695e-001	3.473453e-001	1.736726e-001	1.318049e-001	4.607937e-003	5.371437e-005	1.800000e-005	4.220242e-001
5.510000e+002	1.000000e+000	7.849120e-001	3.450472e-001	1.725236e-001	1.399266e-001	4.501894e-003	6.893893e-005	1.800000e-005	3.862570e-001
5.520000e+002	1.000000e+000	3.825835e-001	3.430183e-001	1.715092e-001	1.292088e-001	4.761846e-003	6.380038e-005	1.800000e-005	7.186258e-001
5.530000e+002	1.000000e+000	7.862514e-001	3.450954e-001	1.725477e-001	1.399066e-001	4.502913e-003	6.880167e-005	1.800000e-005	3.862586e-001
5.540000e+002	1.000000e+000	5.834839e-001	3.440271e-001	1.720136e-001	1.239731e-001	4.928351e-003	6.189052e-005	1.800000e-005	5.366065e-001
5.550000e+002	1.000000e+000	7.839010e-001	3.450000e-001	1.725000e-001	1.399324e-001	4.502292e-003	6.896016e-005	1.800000e-005	3.862561e-001
5.560000e+002	1.000000e+000	7.872515e-001	3.450281e-001	1.725141e-001	1.399502e-001	4.502315e-003	6.871549e-005	1.800000e-005	3.862058e-001
5.570000e+002	1.000000e+000	7.906050e-001	3.452200e-001	1.726100e-001	1.399243e-001	4.502642e-003	6.837548e-005	1.800000e-005	3.861946e-001
5.580000e+002	1.000000e+000	1.355706e+000	3.565077e-001	1.782538e-001	1.242984e-001	4.751688e-003	5.460026e-005	1.800000e-005	4.823166e-001
5.590000e+002	1.000000e+000	7.861005e-001	3.450771e-001	1.725385e-001	1.399254e-001	4.502054e-003	6.882595e-005	1.800000e-005	3.862370e-001
5.600000e+002	1.000000e+000	7.854536e-001	3.449721e-001	1.724860e-001	1.399708e-001	4.500874e-003	6.876651e-005	1.800000e-005	3.861618e-001
5.610000e+002	1.000000e+000	3.183655e-001	3.473714e-001	1.736857e-001	1.305109e-001	4.642177e-003	5.279927e-005	1.800000e-005	8.323938e-001
5.620000e+002	1.000000e+000	7.827639e-001	3.450705e-001	1.725352e-001	1.399532e-001	4.505459e-003	6.885806e-005	1.800000e-005	3.863008e-001
5.630000e+002	1.000000e+000	1.368853e+000	3.532253e-001	1.766127e-001	1.382817e-001	4.736799e-003	6.540151e-005	1.800000e-005	5.170029e-001
5.640000e+002	1.000000e+000	7.841414e-001	3.450603e-001	1.725301e-001	1.399203e-001	4.502429e-003	6.895223e-005	1.800000e-005	3.862763e-001
5.650000e+002	1.000000e+000	7.888894e-001	3.452046e-001	1.726023e-001	1.399819e-001	4.502192e-003	6.835723e-005	1.800000e-005	3.861405e-001
5.660000e+002	1.000000e+000	7.900708e-001	3.451835e-001	1.725918e-001	1.399843e-001	4.502247e-003	6.823533e-005	1.800000e-005	3.861332e-001
5.670000e+002	1.000000e+000	7.949027e-001	3.453653e-001	1.726827e-001	1.399844e-001	4.502290e-003	6.796842e-005	1.800000e-005	3.861774e-001
5.680000e+002	1.000000e+000	1.169700e+000	3.561677e-001	1.780838e-001	1.304445e-001	4.861467e-003	5.734314e-005	1.800000e-005	4.381460e-001
5.690000e+002	1.000000e+000	7.900711e-001	3.452160e-001	1.726080e-001	1.399471e-001	4.502330e-003	6.835258e-005	1.800000e-005	3.861687e-001
5.700000e+002	1.000000e+000	7.682502e-001	3.409093e-001	1.704547e-001	1.227878e-001	4.800374e-003	6.534366e-005	1.800000e-005	4.431598e-001
5.710000e+002	1.000000e+000	7.868858e-001	3.450844e-001	1.725422e-001	1.399614e-001	4.501721e-003	6.864744e-005	1.800000e-005	3.861743e-001
5.720000e+002	1.000000e+000	7.818781e-001	3.449377e-001	1.724689e-001	1.399540e-001	4.501193e-003	6.896010e-005	1.800000e-005	3.862092e-001
5.730000e+002	1.000000e+000	7.916466e-001	3.452584e-001	1.726292e-001	1.399768e-001	4.502016e-003	6.821634e-005	1.800000e-005	3.861525e-001
5.740000e+002	1.000000e+000	1.418744e+000	3.410459e-001	1.705229e-001	1.382595e-001	4.742443e-003	5.938068e-005	1.800000e-005	6.058853e-001
5.750000e+002	1.000000e+000	7.895409e-001	3.452058e-001	1.726029e-001	1.399772e-001	4.502723e-003	6.840495e-005	1.800000e-005	3.861717e-001
5.760000e+002	1.000000e+000	8.691455e-001	3.498515e-001	1.749258e-001	1.346422e-001	4.510610e-003	6.260248e-005	1.800000e-005	3.913167e-001
5.770000e+002	1.000000e+000	7.876731e-001	3.451546e-001	1.725773e-001	1.399513e-001	4.501352e-003	6.866056e-005	1.800000e-005	3.861913e-001
5.780000e+002	1.000000e+000	7.922887e-001	3.453516e-001	1.726758e-001	1.399779e-001	4.503207e-003	6.798157e-005	1.800000e-005	3.861459e-001
5.790000e+002	1.000000e+000	7.898457e-001	3.452342e-001	1.726171e-001	1.399500e-001	4.502048e-003	6.820311e-005	1.800000e-005	3.861297e-001
5.800000e+002	1.000000e+000	2.481965e-001	3.523322e-001	1.761661e-001	1.278643e-001	4.553528e-003	5.578047e-005	1.800000e-005	9.931154e-001
5.810000e+002	1.000000e+000	7.853353e-001	3.450579e-001	1.725289e-001	1.399283e-001	4.502750e-003	6.892667e-005	1.800000e-005	3.862752e-001
5.820000e+002	1.000000e+000	1.027454e+000	3.574748e-001	1.787374e-001	1.397984e-001	4.850715e-003	6.884557e-005	1.800000e-005	4.639016e-001
5.830000e+002	1.000000e+000	7.843166e-001	3.450171e-001	1.725086e-001	1.399484e-001	4.501537e-003	6.891191e-005	1.800000e-005	3.862236e-001
5.840000e+002	1.000000e+000	1.126507e+000	3.425162e-001	1.712581e-001	1.294994e-001	4.656656e-003	6.662894e-005	1.800000e-005	4.614412e-001
5.850000e+002	1.000000e+000	7.860101e-001	3.450640e-001	1.725320e-001	1.399458e-001	4.501542e-003	6.882596e-005	1.800000e-005	3.862162e-001
5.860000e+002	1.000000e+000	7.863004e-001	3.449680e-001	1.724840e-001	1.399515e-001	4.500302e-003	6.877138e-005	1.800000e-005	3.861642e-001
5.870000e+002	1.000000e+000	7.884755e-001	3.450520e-001	1.725260e-001	1.399793e-001	4.500610e-003	6.864454e-005	1.800000e-005	3.861601e-001
5.880000e+002	1.000000e+000	1.005016e+000	3.401127e-001	1.700564e-001	1.342079e-001	4.811947e-003	6.577558e-005	1.800000e-005	4.492971e-001
5.890000e+002	1.000000e+000	7.843835e-001	3.450582e-001	1.725291e-001	1.399584e-001	4.503317e-003	6.881920e-005	1.800000e-005	3.862384e-001
5.900000e+002	1.000000e+000	7.087576e-001	3.413027e-001	1.706513e-001	1.339503e-001	4.726261e-003	6.083009e-005	1.800000e-005	4.404633e-001
5.910000e+002	1.000000e+000	7.858740e-001	3.450573e-001	1.725286e-001	1.399492e-001	4.501914e-003	6.884497e-005	1.800000e-005	3.862266e-001
5.920000e+002	1.000000e+000	7.877682e-001	3.450168e-001	1.725084e-001	1.399895e-001	4.500702e-003	6.860510e-005	1.800000e-005	3.861404e-001
5.930000e+002	1.000000e+000	5.861182e-001	3.419889e-001	1.709945e-001	1.281197e-001	4.956985e-003	5.182198e-005	1.800000e-005	5.765654e-001
5.940000e+002	1.000000e+000	7.858252e-001	3.450627e-001	1.725314e-001	1.399647e-001	4.502364e-003	6.875858e-005	1.800000e-005	3.862058e-001
5.950000e+002	1.000000e+000	8.524643e-001	3.485395e-001	1.742698e-001	1.241834e-001	4.680076e-003	5.128926e-005	1.800000e-005	4.261933e-001
5.960000e+002	1.000000e+000	7.858682e-001	3.450240e-001	1.725120e-001	1.399578e-001	4.501313e-003	6.879163e-005	1.800000e-005	3.861899e-001
5.970000e+002	1.000000e+000	1.468724e+000	3.490059e-001	1.745029e-001	1.214206e-001	4.827007e-003	6.999816e-005	1.800000e-005	5.228425e-001
5.980000e+002	1.000000e+000	7.868613e-001	3.450303e-001	1.725152e-001	1.399607e-001	4.501627e-003	6.871918e-005	1.800000e-005	3.861854e-001
5.990000e+002	1.000000e+000	7.919399e-001	3.453029e-001	1.726514e-001	1.399853e-001	4.501911e-003	6.798987e-005	1.800000e-005	3.861151e-001
6.000000e+002	1.000000e+000	8.286519e-001	3.489691e-001	1.744845e-001	1.229194e-001	4.750853e-003	5.369423e-005	1.800000e-005	4.211989e-001
6.010000e+002	1.000000e+000	7.888040e-001	3.452089e-001	1.726045e-001	1.399540e-001	4.502442e-003	6.833528e-005	1.800000e-005	3.861484e-001
6.020000e+002	1.000000e+000	7.963766e-001	3.453697e-001	1.726848e-001	1.399933e-001	4.502296e-003	6.786610e-005	1.800000e-005	3.861969e-001
6.030000e+002	1.000000e+000	7.850795e-001	3.450512e-001	1.725256e-001	1.399544e-001	4.501377e-003	6.864444e-005	1.800000e-005	3.861518e-001
6.040000e+002	1.000000e+000	7.924840e-001	3.453485e-001	1.726743e-001	1.399866e-001	4.502543e-003	6.783088e-005	1.800000e-005	3.861141e-001
6.050000e+002	1.000000e+000	7.904983e-001	3.453200e-001	1.726600e-001	1.399648e-001	4.502844e-003	6.791994e-005	1.800000e-005	3.861053e-001
6.060000e+002	1.000000e+000	9.760194e-001	3.502397e-001	1.751199e-001	1.393658e-001	4.868267e-003	6.834178e-005	1.800000e-005	4.120390e-001
6.070000e+002	1.000000e+000	7.898999e-001	3.452384e-001	1.726192e-001	1.399674e-001	4.502342e-003	6.820037e-005	1.800000e-005	3.861309e-001
6.080000e+002	1.000000e+000	7.951190e-001	3.454120e-001	1.727060e-001	1.399890e-001	4.502815e-003	6.765932e-005	1.800000e-005	3.861509e-001
6.090000e+002	1.000000e+000	7.895784e-001	3.452260e-001	1.726130e-001	1.399638e-001	4.501468e-003	6.807610e-005	1.800000e-005	3.860905e-001
6.100000e+002	1.000000e+000	7.981332e-001	3.456373e-001	1.728187e-001	1.399791e-001	4.503440e-003	6.713720e-005	1.800000e-005	3.861806e-001
6.110000e+002	1.000000e+000	7.886235e-001	3.451384e-001	1.725692e-001	1.399729e-001	4.501516e-003	6.835918e-005	1.800000e-005	3.861242e-001
6.120000e+002	1.000000e+000	7.933644e-001	3.452998e-001	1.726499e-001	1.399721e-001	4.501936e-003	6.755128e-005	1.800000e-005	3.861205e-001
6.130000e+002	1.000000e+000	7.858036e-001	3.451349e-001	1.725675e-001	1.399441e-001	4.501683e-003	6.843284e-005	1.800000e-005	3.861244e-001
6.140000e+002	1.000000e+000	7.924551e-001	3.452135e-001	1.726068e-001	1.399814e-001	4.503422e-003	6.805240e-005	1.800000e-005	3.861708e-001
6.150000e+002	1.000000e+000	7.882353e-001	3.450363e-001	1.725181e-001	1.399960e-001	4.500876e-003	6.843433e-005	1.800000e-005	3.861161e-001
6.160000e+002	1.000000e+000	7.924717e-001	3.452143e-001	1.726071e-001	1.399908e-001	4.500939e-003	6.805102e-005	1.800000e-005	3.861206e-001
6.170000e+002	1.000000e+000	6.693346e-001	3.425047e-001	1.712524e-001	1.369467e-001	4.887211e-003	6.396457e-005	1.800000e-005	4.429870e-001
6.180000e+002	1.000000e+000	7.900211e-001	3.451398e-001	1.725699e-001	1.399787e-001	4.502131e-003	6.831982e-005	1.800000e-005	3.861475e-001
6.190000e+002	1.000000e+000	1.340356e+000	3.519743e-001	1.759871e-001	1.319077e-001	4.526411e-003	6.570131e-005	1.800000e-005	5.045056e-001
6.200000e+002	1.000000e+000	7.877154e-001	3.450504e-001	1.725252e-001	1.399676e-001	4.500787e-003	6.857480e-005	1.800000e-005	3.861422e-001
6.210000e+002	1.000000e+000	7.889320e-001	3.451358e-001	1.725679e-001	1.399896e-001	4.500685e-003	6.834126e-005	1.800000e-005	3.861032e-001
6.220000e+002	1.000000e+000	7.879199e-001	3.451380e-001	1.725690e-001	1.399842e-001	4.501315e-003	6.828124e-005	1.800000e-005	3.860946e-001
6.230000e+002	1.000000e+000	7.878685e-001	3.476198e-001	1.738099e-001	1.256606e-001	4.617852e-003	5.937155e-005	1.800000e-005	4.072516e-001
6.240000e+002	1.000000e+000	7.891548e-001	3.451643e-001	1.725821e-001	1.399661e-001	4.501699e-003	6.837838e-005	1.800000e-005	3.861409e-001
6.250000e+002	1.000000e+000	7.322195e-001	3.552780e-001	1.776390e-001	1.369146e-001	4.889890e-003	6.554562e-005	1.800000e-005	4.603556e-001
6.260000e+002	1.000000e+000	7.882890e-001	3.450910e-001	1.725455e-001	1.399758e-001	4.501076e-003	6.845446e-005	1.800000e-005	3.861283e-001
6.270000e+002	1.000000e+000	6.490484e-001	3.443600e-001	1.721800e-001	1.389130e-001	4.752512e-003	6.864130e-005	1.800000e-005	4.280466e-001
6.280000e+002	1.000000e+000	7.874221e-001	3.451044e-001	1.725522e-001	1.399792e-001	4.500841e-003	6.852930e-005	1.800000e-005	3.861287e-001
6.290000e+002	1.000000e+000	7.912893e-001	3.451372e-001	1.725686e-001	1.399836e-001	4.500880e-003	6.794429e-005	1.800000e-005	3.861049e-001
6.300000e+002	1.000000e+000	5.299188e-001	3.491051e-001	1.745526e-001	1.301848e-001	4.671039e-003	5.593378e-005	1.800000e-005	5.396418e-001
6.310000e+002	1.000000e+000	7.898801e-001	3.452294e-001	1.726147e-001	1.399626e-001	4.501866e-003	6.817019e-005	1.800000e-005	3.861172e-001
6.320000e+002	1.000000e+000	7.920336e-001	3.453677e-001	1.726839e-001	1.399551e-001	4.501764e-003	6.764763e-005	1.800000e-005	3.860815e-001
6.330000e+002	1.000000e+000	7.940503e-001	3.454419e-001	1.727210e-001	1.399705e-001	4.502031e-003	6.738800e-005	1.800000e-005	3.861003e-001
6.340000e+002	1.000000e+000	7.951865e-001	3.455238e-001	1.727619e-001	1.399576e-001	4.502502e-003	6.707400e-005	1.800000e-005	3.861248e-001
6.350000e+002	1.000000e+000	7.902643e-001	3.452348e-001	1.726174e-001	1.399691e-001	4.501762e-003	6.803789e-005	1.800000e-005	3.860994e-001
6.360000e+002	1.000000e+000	7.870046e-001	3.452118e-001	1.726059e-001	1.399623e-001	4.501515e-003	6.851077e-005	1.800000e-005	3.861530e-001
6.370000e+002	1.000000e+000	7.917744e-001	3.452778e-001	1.726389e-001	1.399696e-001	4.501831e-003	6.779115e-005	1.800000e-005	3.860978e-001
6.380000e+002	1.000000e+000	7.929418e-001	3.453538e-001	1.726769e-001	1.399789e-001	4.501363e-003	6.751218e-005	1.800000e-005	3.860839e-001
6.390000e+002	1.000000e+000	7.922115e-001	3.453640e-001	1.726820e-001	1.399498e-001	4.501471e-003	6.737615e-005	1.800000e-005	3.860786e-001
6.400000e+002	1.000000e+000	7.931516e-001	3.454010e-001	1.727005e-001	1.399578e-001	4.501397e-003	6.732340e-005	1.800000e-005	3.860845e-001
6.410000e+002	1.000000e+000	7.938329e-001	3.454097e-001	1.727048e-001	1.399496e-001	4.500775e-003	6.717442e-005	1.800000e-005	3.860958e-001
6.420000e+002	1.000000e+000	7.927429e-001	3.452985e-001	1.726493e-001	1.399640e-001	4.500015e-003	6.747189e-005	1.800000e-005	3.860750e-001
6.430000e+002	1.000000e+000	7.904176e-001	3.452477e-001	1.726239e-001	1.399761e-001	4.501510e-003	6.792946e-005	1.800000e-005	3.860817e-001
6.440000e+002	1.000000e+000	7.883929e-001	3.450795e-001	1.725398e-001	1.399903e-001	4.500577e-003	6.816906e-005	1.800000e-005	3.860755e-001
6.450000e+002	1.000000e+000	7.915554e-001	3.452253e-001	1.726127e-001	1.399884e-001	4.501133e-003	6.774687e-005	1.800000e-005	3.860851e-001
6.460000e+002	1.000000e+000	7.910401e-001	3.452661e-001	1.726331e-001	1.399783e-001	4.502059e-003	6.765505e-005	1.800000e-005	3.860848e-001
6.470000e+002	1.000000e+000	1.079580e+000	3.429123e-001	1.714561e-001	1.268274e-001	4.809792e-003	5.711150e-005	1.800000e-005	4.747062e-001
6.480000e+002	1.000000e+000	7.897403e-001	3.451616e-001	1.725808e-001	1.399768e-001	4.501334e-003	6.820844e-005	1.800000e-005	3.861091e-001
6.490000e+002	1.000000e+000	7.876073e-001	3.451242e-001	1.725621e-001	1.399791e-001	4.501447e-003	6.786758e-005	1.800000e-005	3.860610e-001
6.500000e+002	1.000000e+000	7.898510e-001	3.452552e-001	1.726276e-001	1.399716e-001	4.501446e-003	6.767495e-005	1.800000e-005	3.860579e-001
6.510000e+002	1.000000e+000	6.100190e-001	3.540329e-001	1.770165e-001	1.313810e-001	4.957704e-003	5.551163e-005	1.800000e-005	5.197449e-001
6.520000e+002	1.000000e+000	7.876477e-001	3.451534e-001	1.725767e-001	1.399632e-001	4.501422e-003	6.822448e-005	1.800000e-005	3.860908e-001
6.530000e+002	1.000000e+000	7.865263e-001	3.452142e-001	1.726071e-001	1.399694e-001	4.501901e-003	6.789216e-005	1.800000e-005	3.860454e-001
6.540000e+002	1.000000e+000	4.082934e-001	3.503719e-001	1.751859e-001	1.200188e-001	4.956601e-003	5.382759e-005	1.800000e-005	7.860527e-001
6.550000e+002	1.000000e+000	7.835663e-001	3.450444e-001	1.725222e-001	1.399474e-001	4.501109e-003	6.855235e-005	1.800000e-005	3.861199e-001
6.560000e+002	1.000000e+000	7.867454e-001	3.451734e-001	1.725867e-001	1.399753e-001	4.501629e-003	6.771490e-005	1.800000e-005	3.860426e-001
6.570000e+002	1.000000e+000	7.761932e-001	3.515326e-001	1.757663e-001	1.283156e-001	4.646036e-003	6.733632e-005	1.800000e-005	4.228965e-001
6.580000e+002	1.000000e+000	7.861619e-001	3.451239e-001	1.725620e-001	1.399633e-001	4.501358e-003	6.820520e-005	1.800000e-005	3.860741e-001
6.590000e+002	1.000000e+000	7.901915e-001	3.453149e-001	1.726575e-001	1.399570e-001	4.501591e-003	6.739209e-005	1.800000e-005	3.860589e-001
6.600000e+002	1.000000e+000	7.889099e-001	3.452096e-001	1.726048e-001	1.399852e-001	4.501452e-003	6.736632e-005	1.800000e-005	3.860720e-001
6.610000e+002	1.000000e+000	7.856027e-001	3.450454e-001	1.725227e-001	1.399967e-001	4.500914e-003	6.767930e-005	1.800000e-005	3.860569e-001
6.620000e+002	1.000000e+000	1.045913e+000	3.593125e-001	1.796562e-001	1.243567e-001	4.679121e-003	6.934071e-005	1.800000e-005	4.765261e-001
6.630000e+002	1.000000e+000	7.903203e-001	3.452611e-001	1.726306e-001	1.399824e-001	4.501887e-003	6.777847e-005	1.800000e-005	3.860729e-001
6.640000e+002	1.000000e+000	7.870281e-001	3.452856e-001	1.726428e-001	1.399552e-001	4.502198e-003	6.729751e-005	1.800000e-005	3.860490e-001
6.650000e+002	1.000000e+000	7.808374e-001	3.449814e-001	1.724907e-001	1.399714e-001	4.501657e-003	6.779311e-005	1.800000e-005	3.860742e-001
6.660000e+002	1.000000e+000	7.855316e-001	3.451118e-001	1.725559e-001	1.399862e-001	4.500872e-003	6.763052e-005	1.800000e-005	3.860353e-001
6.670000e+002	1.000000e+000	7.903299e-001	3.453021e-001	1.726510e-001	1.399868e-001	4.501437e-003	6.690631e-005	1.800000e-005	3.861256e-001
6.680000e+002	1.000000e+000	7.872039e-001	3.451684e-001	1.725842e-001	1.399692e-001	4.501378e-003	6.788048e-005	1.800000e-005	3.860480e-001
6.690000e+002	1.000000e+000	7.850639e-001	3.450920e-001	1.725460e-001	1.399744e-001	4.501043e-003	6.806574e-005	1.800000e-005	3.860449e-001
6.700000e+002	1.000000e+000	7.798957e-001	3.448808e-001	1.724404e-001	1.399845e-001	4.500693e-003	6.824004e-005	1.800000e-005	3.860706e-001
6.710000e+002	1.000000e+000	7.938626e-001	3.454396e-001	1.727198e-001	1.399662e-001	4.501854e-003	6.734659e-005	1.800000e-005	3.860947e-001
6.720000e+002	1.000000e+000	7.833874e-001	3.450205e-001	1.725102e-001	1.399799e-001	4.500983e-003	6.801668e-005	1.800000e-005	3.860445e-001
6.730000e+002	1.000000e+000	7.923180e-001	3.453870e-001	1.726935e-001	1.399697e-001	4.501668e-003	6.713102e-005	1.800000e-005	3.860895e-001
6.740000e+002	1.000000e+000	7.938899e-001	3.454609e-001	1.727305e-001	1.399970e-001	4.502390e-003	6.665831e-005	1.800000e-005	3.861767e-001
6.750000e+002	1.000000e+000	7.886229e-001	3.452889e-001	1.726445e-001	1.399501e-001	4.501375e-003	6.764693e-005	1.800000e-005	3.860376e-001
6.760000e+002	1.000000e+000	7.874573e-001	3.451215e-001	1.725607e-001	1.399256e-001	4.500618e-003	6.854378e-005	1.800000e-005	3.861459e-001
6.770000e+002	1.000000e+000	7.946869e-001	3.455600e-001	1.727800e-001	1.399270e-001	4.501685e-003	6.643849e-005	1.800000e-005	3.861938e-001
6.780000e+002	1.000000e+000	7.903707e-001	3.452419e-001	1.726209e-001	1.399739e-001	4.500935e-003	6.786557e-005	1.800000e-005	3.860657e-001
6.790000e+002	1.000000e+000	7.877179e-001	3.452456e-001	1.726228e-001	1.399529e-001	4.501341e-003	6.752989e-005	1.800000e-005	3.860372e-001
6.800000e+002	1.000000e+000	7.854555e-001	3.450889e-001	1.725445e-001	1.399603e-001	4.501170e-003	6.828152e-005	1.800000e-005	3.860783e-001
6.810000e+002	1.000000e+000	7.933692e-001	3.453907e-001	1.726954e-001	1.399677e-001	4.500876e-003	6.707123e-005	1.800000e-005	3.861024e-001
6.820000e+002	1.000000e+000	7.874339e-001	3.451644e-001	1.725822e-001	1.399622e-001	4.501096e-003	6.797895e-005	1.800000e-005	3.860532e-001
6.830000e+002	1.000000e+000	7.840660e-001	3.450837e-001	1.725418e-001	1.399616e-001	4.500895e-003	6.808453e-005	1.800000e-005	3.860426e-001
6.840000e+002	1.000000e+000	7.850754e-001	3.451046e-001	1.725523e-001	1.399764e-001	4.500960e-003	6.798723e-005	1.800000e-005	3.860355e-001
6.850000e+002	1.000000e+000	7.810290e-001	3.450970e-001	1.725485e-001	1.399545e-001	4.500758e-003	6.786515e-005	1.800000e-005	3.860232e-001
