TIME          	MC CONC       	STS CONC      	HTS CONC      	SED CONC      	ADV dm/dt     	DISP dm/dt    	DECAY dm/dt   	SORPTION dm/dt	STORAGE dm/dt 	MC dm/dt      	STS dm/dt     	HTS dm/dt     
(hr)          	[M/L³]          	[M/L³]          	[M/L³]          	[M/L³]          	([M/L³])·([L]²/s)  	([M/L³])·([L]²/s)  	([M/L³])·([L]²/s)  	([M/L³])·([L]²/s)  	([M/L³])·([L]²/s)  	([M/L³])·([L]²/s)  	([M/L³])·([L]²/s)  	([M/L³])·([L]²/s)  
0.000000e+000	0.000000e+000	0.000000e+000	0.000000e+000	0.000000e+000	0.000000e+000	0.000000e+000	0.000000e+000	0.000000e+000	0.000000e+000	0.000000e+000	0.000000e+000	0.000000e+000
1.000000e-001	0.000000e+000	0.000000e+000	0.000000e+000	1.000000e+000	0.000000e+000	0.000000e+000	0.000000e+000	0.000000e+000	0.000000e+000	0.000000e+000	0.000000e+000	0.000000e+000
2.000000e-001	0.000000e+000	0.000000e+000	0.000000e+000	1.000000e+000	0.000000e+000	0.000000e+000	0.000000e+000	0.000000e+000	0.000000e+000	0.000000e+000	0.000000e+000	0.000000e+000
3.000000e-001	0.000000e+000	0.000000e+000	0.000000e+000	1.000000e+000	0.000000e+000	0.000000e+000	0.000000e+000	0.000000e+000	0.000000e+000	0.000000e+000	0.000000e+000	0.000000e+000
4.000000e-001	0.000000e+000	0.000000e+000	0.000000e+000	1.000000e+000	0.000000e+000	0.000000e+000	0.000000e+000	0.000000e+000	0.000000e+000	0.000000e+000	0.000000e+000	0.000000e+000
5.000000e-001	0.000000e+000	0.000000e+000	0.000000e+000	1.000000e+000	0.000000e+000	0.000000e+000	0.000000e+000	0.000000e+000	0.000000e+000	0.000000e+000	0.000000e+000	0.000000e+000
6.000000e-001	0.000000e+000	0.000000e+000	0.000000e+000	1.000000e+000	0.000000e+000	0.000000e+000	0.000000e+000	0.000000e+000	0.000000e+000	0.000000e+000	0.000000e+000	0.000000e+000
7.000000e-001	0.000000e+000	0.000000e+000	0.000000e+000	1.000000e+000	0.000000e+000	0.000000e+000	0.000000e+000	0.000000e+000	0.000000e+000	0.000000e+000	0.000000e+000	0.000000e+000
8.000000e-001	0.000000e+000	0.000000e+000	0.000000e+000	1.000000e+000	0.000000e+000	0.000000e+000	0.000000e+000	0.000000e+000	0.000000e+000	0.000000e+000	0.000000e+000	0.000000e+000
9.000000e-001	0.000000e+000	0.000000e+000	0.000000e+000	1.000000e+000	0.000000e+000	0.000000e+000	0.000000e+000	0.000000e+000	0.000000e+000	0.000000e+000	0.000000e+000	0.000000e+000
1.000000e+000	1.353535e-012	1.368744e-013	5.073855e-016	1.000000e+000	1.793755e-013	2.233998e-013	0.000000e+000	0.000000e+000	-3.075478e-015	3.996998e-013	3.041653e-015	3.382570e-017
1.100000e+000	6.173037e-003	2.477310e-003	1.279334e-005	1.000000e+000	2.483679e-004	1.095877e-004	0.000000e+000	0.000000e+000	-9.393324e-006	3.485623e-004	9.239318e-006	1.540061e-007
1.200000e+000	1.285190e-001	9.051630e-002	7.982692e-004	1.000000e+000	2.304730e-003	3.808933e-004	0.000000e+000	0.000000e+000	-9.819977e-005	2.587424e-003	9.500675e-005	3.193018e-006
1.300000e+000	3.694594e-001	3.139025e-001	4.442907e-003	1.000000e+000	3.608205e-003	1.825895e-004	0.000000e+000	0.000000e+000	-1.480178e-004	3.642777e-003	1.388924e-004	9.125413e-006
1.400000e+000	5.966615e-001	5.499384e-001	1.164366e-002	1.000000e+000	3.330685e-003	-5.445328e-005	0.000000e+000	0.000000e+000	-1.314331e-004	3.144798e-003	1.168076e-004	1.462545e-005
1.500000e+000	7.559291e-001	7.248649e-001	2.162971e-002	1.000000e+000	2.446346e-003	-1.451400e-004	0.000000e+000	0.000000e+000	-9.601795e-005	2.205189e-003	7.766046e-005	1.835749e-005
1.600000e+000	8.527831e-001	8.343971e-001	3.334975e-002	1.000000e+000	1.615480e-003	-1.396331e-004	0.000000e+000	0.000000e+000	-6.645079e-005	1.409396e-003	4.596495e-005	2.048583e-005
1.700000e+000	9.074867e-001	8.972497e-001	4.599788e-002	1.000000e+000	1.026215e-003	-1.030672e-004	0.000000e+000	0.000000e+000	-4.712964e-005	8.760187e-004	2.559242e-005	2.153722e-005
1.800000e+000	9.372200e-001	9.316940e-001	5.906839e-002	1.000000e+000	6.582665e-004	-6.708721e-005	0.000000e+000	0.000000e+000	-3.576898e-005	5.554103e-004	1.381519e-005	2.195379e-005
1.900000e+000	9.531231e-001	9.501715e-001	7.227332e-002	1.000000e+000	4.436470e-004	-4.070227e-005	0.000000e+000	0.000000e+000	-2.940033e-005	3.735444e-004	7.379088e-006	2.202125e-005
2.000000e+000	9.616487e-001	9.600598e-001	8.545754e-002	1.000000e+000	3.231193e-004	-2.370072e-005	0.000000e+000	0.000000e+000	-2.587708e-005	2.735415e-004	3.972299e-006	2.190478e-005
2.100000e+000	9.601507e-001	9.629656e-001	9.852777e-002	1.000000e+000	8.311323e-006	-1.230914e-004	0.000000e+000	0.000000e+000	-1.450341e-005	-1.292835e-004	-7.037169e-006	2.154057e-005
2.200000e+000	8.404949e-001	8.779809e-001	1.106837e-001	1.000000e+000	-2.084586e-003	-3.885467e-004	0.000000e+000	0.000000e+000	7.546958e-005	-2.397663e-003	-9.371486e-005	1.824528e-005
2.300000e+000	6.012278e-001	6.564544e-001	1.198194e-001	1.000000e+000	-3.408459e-003	-1.869836e-004	0.000000e+000	0.000000e+000	1.260312e-004	-3.469411e-003	-1.380664e-004	1.203521e-005
2.400000e+000	3.751786e-001	4.216667e-001	1.252293e-001	1.000000e+000	-3.142765e-003	5.183862e-005	0.000000e+000	0.000000e+000	1.099716e-004	-2.980955e-003	-1.162204e-004	6.248731e-006
2.500000e+000	2.167960e-001	2.476745e-001	1.276812e-001	1.000000e+000	-2.265741e-003	1.434831e-004	0.000000e+000	0.000000e+000	7.496843e-005	-2.047290e-003	-7.719631e-005	2.227871e-006
2.600000e+000	1.206875e-001	1.389136e-001	1.282258e-001	1.000000e+000	-1.439827e-003	1.384867e-004	0.000000e+000	0.000000e+000	4.575384e-005	-1.255586e-003	-4.556539e-005	-1.884592e-007
2.700000e+000	6.665455e-002	7.674568e-002	1.276703e-001	1.000000e+000	-8.542749e-004	1.021911e-004	0.000000e+000	0.000000e+000	2.675322e-005	-7.253306e-004	-2.522783e-005	-1.525395e-006
2.800000e+000	3.754993e-002	4.293817e-002	1.265220e-001	1.000000e+000	-4.893838e-004	6.635392e-005	0.000000e+000	0.000000e+000	1.569491e-005	-4.073350e-004	-1.347061e-005	-2.224303e-006
2.900000e+000	2.225015e-002	2.506892e-002	1.250710e-001	1.000000e+000	-2.774697e-004	4.004459e-005	0.000000e+000	0.000000e+000	9.617436e-006	-2.278077e-004	-7.046915e-006	-2.570521e-006
3.000000e+000	1.431094e-002	1.577041e-002	1.234745e-001	1.000000e+000	-1.594506e-004	2.308350e-005	0.000000e+000	0.000000e+000	6.377767e-006	-1.299894e-004	-3.648678e-006	-2.729089e-006
3.100000e+000	1.020968e-002	1.096372e-002	1.218153e-001	1.000000e+000	-9.540260e-005	1.290859e-005	0.000000e+000	0.000000e+000	4.675239e-006	-7.781878e-005	-1.885098e-006	-2.790141e-006
3.200000e+000	8.082904e-003	8.475056e-003	1.201362e-001	1.000000e+000	-6.118482e-005	7.071016e-006	0.000000e+000	0.000000e+000	3.781711e-006	-5.033209e-005	-9.803795e-007	-2.801332e-006
3.300000e+000	6.963785e-003	7.171555e-003	1.184587e-001	1.000000e+000	-4.304945e-005	3.819519e-006	0.000000e+000	0.000000e+000	3.306798e-006	-3.592314e-005	-5.194251e-007	-2.787373e-006
3.400000e+000	6.356609e-003	6.470781e-003	1.167938e-001	1.000000e+000	-3.344374e-005	2.045355e-006	0.000000e+000	0.000000e+000	3.046358e-006	-2.835203e-005	-2.854287e-007	-2.760929e-006
3.500000e+000	6.009035e-003	6.075749e-003	1.151468e-001	1.000000e+000	-2.831231e-005	1.091589e-006	0.000000e+000	0.000000e+000	2.895229e-006	-2.432550e-005	-1.667856e-007	-2.728444e-006
3.600000e+000	5.793171e-003	5.835792e-003	1.135202e-001	1.000000e+000	-2.551061e-005	5.845372e-007	0.000000e+000	0.000000e+000	2.799730e-006	-2.212634e-005	-1.065538e-007	-2.693176e-006
3.700000e+000	5.644359e-003	5.674694e-003	1.119152e-001	1.000000e+000	-2.391626e-005	3.172985e-007	0.000000e+000	0.000000e+000	2.732609e-006	-2.086636e-005	-7.583796e-008	-2.656771e-006
3.800000e+000	5.529952e-003	5.553961e-003	1.103321e-001	1.000000e+000	-2.294614e-005	1.774500e-007	0.000000e+000	0.000000e+000	2.680077e-006	-2.008862e-005	-6.002248e-008	-2.620055e-006
3.900000e+000	5.433473e-003	5.454164e-003	1.087711e-001	1.000000e+000	-2.229883e-005	1.047291e-007	0.000000e+000	0.000000e+000	2.635169e-006	-1.955893e-005	-5.172783e-008	-2.583441e-006
4.000000e+000	5.346601e-003	5.365494e-003	1.072319e-001	1.000000e+000	-2.181910e-005	6.715798e-008	0.000000e+000	0.000000e+000	2.594365e-006	-1.915758e-005	-4.723139e-008	-2.547134e-006
4.100000e+000	5.265132e-003	5.282994e-003	1.057145e-001	1.000000e+000	-2.142722e-005	4.789833e-008	0.000000e+000	0.000000e+000	2.555889e-006	-1.882344e-005	-4.465580e-008	-2.511233e-006
4.200000e+000	5.186935e-003	5.204157e-003	1.042184e-001	1.000000e+000	-2.108231e-005	3.813687e-008	0.000000e+000	0.000000e+000	2.518840e-006	-1.852533e-005	-4.305416e-008	-2.475786e-006
4.300000e+000	5.110926e-003	5.127706e-003	1.027434e-001	1.000000e+000	-2.076340e-005	3.328267e-008	0.000000e+000	0.000000e+000	2.482761e-006	-1.824736e-005	-4.194872e-008	-2.440812e-006
4.400000e+000	5.036551e-003	5.052990e-003	1.012893e-001	1.000000e+000	-2.045979e-005	3.095344e-008	0.000000e+000	0.000000e+000	2.447417e-006	-1.798142e-005	-4.109826e-008	-2.406319e-006
4.500000e+000	4.963521e-003	4.979673e-003	9.985574e-002	1.000000e+000	-2.016595e-005	2.991696e-008	0.000000e+000	0.000000e+000	2.412686e-006	-1.772334e-005	-4.038092e-008	-2.372306e-006
4.600000e+000	4.891682e-003	4.907577e-003	9.844244e-002	1.000000e+000	-1.987904e-005	2.953756e-008	0.000000e+000	0.000000e+000	2.378504e-006	-1.747100e-005	-3.973506e-008	-2.338769e-006
4.700000e+000	4.820951e-003	4.836603e-003	9.704912e-002	1.000000e+000	-1.959761e-005	2.948811e-008	0.000000e+000	0.000000e+000	2.344834e-006	-1.722328e-005	-3.912945e-008	-2.305704e-006
4.800000e+000	4.751277e-003	4.766696e-003	9.567550e-002	1.000000e+000	-1.932086e-005	2.960066e-008	0.000000e+000	0.000000e+000	2.311654e-006	-1.697960e-005	-3.854825e-008	-2.273106e-006
4.900000e+000	4.682626e-003	4.697820e-003	9.432130e-002	1.000000e+000	-1.904837e-005	2.978917e-008	0.000000e+000	0.000000e+000	2.278950e-006	-1.673963e-005	-3.798338e-008	-2.240967e-006
5.000000e+000	4.614976e-003	4.629949e-003	9.298625e-002	1.000000e+000	-1.877990e-005	3.000974e-008	0.000000e+000	0.000000e+000	2.246713e-006	-1.650318e-005	-3.743068e-008	-2.209282e-006
5.100000e+000	4.548308e-003	4.563063e-003	9.167008e-002	1.000000e+000	-1.851531e-005	3.024005e-008	0.000000e+000	0.000000e+000	2.214932e-006	-1.627013e-005	-3.688800e-008	-2.178044e-006
5.200000e+000	4.482605e-003	4.497146e-003	9.037251e-002	1.000000e+000	-1.825448e-005	3.046884e-008	0.000000e+000	0.000000e+000	2.183602e-006	-1.604041e-005	-3.635418e-008	-2.147248e-006
5.300000e+000	4.417852e-003	4.432183e-003	8.909329e-002	1.000000e+000	-1.799735e-005	3.069053e-008	0.000000e+000	0.000000e+000	2.152715e-006	-1.581395e-005	-3.582860e-008	-2.116886e-006
5.400000e+000	4.354034e-003	4.368159e-003	8.783216e-002	1.000000e+000	-1.774385e-005	3.090242e-008	0.000000e+000	0.000000e+000	2.122264e-006	-1.559068e-005	-3.531088e-008	-2.086953e-006
5.500000e+000	4.291139e-003	4.305059e-003	8.658886e-002	1.000000e+000	-1.749392e-005	3.110331e-008	0.000000e+000	0.000000e+000	2.092244e-006	-1.537058e-005	-3.480077e-008	-2.057443e-006
5.600000e+000	4.229152e-003	4.242872e-003	8.536315e-002	1.000000e+000	-1.724751e-005	3.129270e-008	0.000000e+000	0.000000e+000	2.062648e-006	-1.515357e-005	-3.429809e-008	-2.028350e-006
5.700000e+000	4.168061e-003	4.181582e-003	8.415476e-002	1.000000e+000	-1.700457e-005	3.147053e-008	0.000000e+000	0.000000e+000	2.033470e-006	-1.493963e-005	-3.380270e-008	-1.999668e-006
5.800000e+000	4.107852e-003	4.121177e-003	8.296346e-002	1.000000e+000	-1.676505e-005	3.163689e-008	0.000000e+000	0.000000e+000	2.004705e-006	-1.472871e-005	-3.331448e-008	-1.971390e-006
5.900000e+000	4.048512e-003	4.061646e-003	8.178901e-002	1.000000e+000	-1.652889e-005	3.179197e-008	0.000000e+000	0.000000e+000	1.976346e-006	-1.452076e-005	-3.283333e-008	-1.943513e-006
6.000000e+000	3.990030e-003	4.002973e-003	8.063117e-002	1.000000e+000	-1.629606e-005	3.193603e-008	0.000000e+000	0.000000e+000	1.948388e-006	-1.431574e-005	-3.235912e-008	-1.916029e-006
6.100000e+000	3.932392e-003	3.945149e-003	7.948970e-002	1.000000e+000	-1.606651e-005	3.206931e-008	0.000000e+000	0.000000e+000	1.920825e-006	-1.411361e-005	-3.189177e-008	-1.888933e-006
6.200000e+000	3.875586e-003	3.888159e-003	7.836437e-002	1.000000e+000	-1.584018e-005	3.219208e-008	0.000000e+000	0.000000e+000	1.893651e-006	-1.391434e-005	-3.143116e-008	-1.862220e-006
6.300000e+000	3.819601e-003	3.831992e-003	7.725496e-002	1.000000e+000	-1.561704e-005	3.230462e-008	0.000000e+000	0.000000e+000	1.866861e-006	-1.371787e-005	-3.097721e-008	-1.835884e-006
6.400000e+000	3.764425e-003	3.776637e-003	7.616124e-002	1.000000e+000	-1.539704e-005	3.240719e-008	0.000000e+000	0.000000e+000	1.840450e-006	-1.352418e-005	-3.052981e-008	-1.809920e-006
6.500000e+000	3.710046e-003	3.722081e-003	7.508298e-002	1.000000e+000	-1.518013e-005	3.250006e-008	0.000000e+000	0.000000e+000	1.814412e-006	-1.333322e-005	-3.008887e-008	-1.784323e-006
6.600000e+000	3.656452e-003	3.668313e-003	7.401998e-002	1.000000e+000	-1.496628e-005	3.258348e-008	0.000000e+000	0.000000e+000	1.788742e-006	-1.314495e-005	-2.965430e-008	-1.759088e-006
6.700000e+000	3.603632e-003	3.615322e-003	7.297201e-002	1.000000e+000	-1.475543e-005	3.265771e-008	0.000000e+000	0.000000e+000	1.763435e-006	-1.295934e-005	-2.922601e-008	-1.734209e-006
6.800000e+000	3.551574e-003	3.563096e-003	7.193886e-002	1.000000e+000	-1.454755e-005	3.272298e-008	0.000000e+000	0.000000e+000	1.738486e-006	-1.277634e-005	-2.880390e-008	-1.709682e-006
6.900000e+000	3.500269e-003	3.511624e-003	7.092032e-002	1.000000e+000	-1.434259e-005	3.277956e-008	0.000000e+000	0.000000e+000	1.713889e-006	-1.259593e-005	-2.838788e-008	-1.685501e-006
7.000000e+000	3.449705e-003	3.460896e-003	6.991619e-002	1.000000e+000	-1.414052e-005	3.282767e-008	0.000000e+000	0.000000e+000	1.689640e-006	-1.241806e-005	-2.797787e-008	-1.661662e-006
7.100000e+000	3.399871e-003	3.410900e-003	6.892626e-002	1.000000e+000	-1.394130e-005	3.286755e-008	0.000000e+000	0.000000e+000	1.665733e-006	-1.224269e-005	-2.757378e-008	-1.638160e-006
7.200000e+000	3.350757e-003	3.361627e-003	6.795033e-002	1.000000e+000	-1.374487e-005	3.289942e-008	0.000000e+000	0.000000e+000	1.642165e-006	-1.206981e-005	-2.717553e-008	-1.614989e-006
7.300000e+000	3.302352e-003	3.313065e-003	6.698820e-002	1.000000e+000	-1.355121e-005	3.292351e-008	0.000000e+000	0.000000e+000	1.618929e-006	-1.189936e-005	-2.678303e-008	-1.592146e-006
7.400000e+000	3.254646e-003	3.265205e-003	6.603969e-002	1.000000e+000	-1.336028e-005	3.294003e-008	0.000000e+000	0.000000e+000	1.596022e-006	-1.173131e-005	-2.639620e-008	-1.569626e-006
7.500000e+000	3.207629e-003	3.218035e-003	6.510459e-002	1.000000e+000	-1.317203e-005	3.294921e-008	0.000000e+000	0.000000e+000	1.573439e-006	-1.156564e-005	-2.601495e-008	-1.547424e-006
7.600000e+000	3.161292e-003	3.171547e-003	6.418272e-002	1.000000e+000	-1.298643e-005	3.295124e-008	0.000000e+000	0.000000e+000	1.551175e-006	-1.140230e-005	-2.563921e-008	-1.525536e-006
7.700000e+000	3.115623e-003	3.125731e-003	6.327389e-002	1.000000e+000	-1.280344e-005	3.294634e-008	0.000000e+000	0.000000e+000	1.529225e-006	-1.124127e-005	-2.526889e-008	-1.503957e-006
7.800000e+000	3.070615e-003	3.080576e-003	6.237791e-002	1.000000e+000	-1.262303e-005	3.293469e-008	0.000000e+000	0.000000e+000	1.507586e-006	-1.108251e-005	-2.490392e-008	-1.482682e-006
7.900000e+000	3.026256e-003	3.036074e-003	6.149461e-002	1.000000e+000	-1.244515e-005	3.291651e-008	0.000000e+000	0.000000e+000	1.486253e-006	-1.092598e-005	-2.454423e-008	-1.461709e-006
8.000000e+000	2.982538e-003	2.992214e-003	6.062380e-002	1.000000e+000	-1.226978e-005	3.289198e-008	0.000000e+000	0.000000e+000	1.465221e-006	-1.077167e-005	-2.418972e-008	-1.441032e-006
8.100000e+000	2.939451e-003	2.948988e-003	5.976531e-002	1.000000e+000	-1.209688e-005	3.286128e-008	0.000000e+000	0.000000e+000	1.444487e-006	-1.061953e-005	-2.384034e-008	-1.420646e-006
8.200000e+000	2.896987e-003	2.906386e-003	5.891897e-002	1.000000e+000	-1.192641e-005	3.282460e-008	0.000000e+000	0.000000e+000	1.424045e-006	-1.046954e-005	-2.349600e-008	-1.400549e-006
8.300000e+000	2.855136e-003	2.864399e-003	5.808459e-002	1.000000e+000	-1.175834e-005	3.278212e-008	0.000000e+000	0.000000e+000	1.403893e-006	-1.032167e-005	-2.315663e-008	-1.380736e-006
8.400000e+000	2.813890e-003	2.823019e-003	5.726203e-002	1.000000e+000	-1.159264e-005	3.273402e-008	0.000000e+000	0.000000e+000	1.384026e-006	-1.017588e-005	-2.282217e-008	-1.361203e-006
8.500000e+000	2.773239e-003	2.782236e-003	5.645109e-002	1.000000e+000	-1.142927e-005	3.268047e-008	0.000000e+000	0.000000e+000	1.364439e-006	-1.003215e-005	-2.249253e-008	-1.341946e-006
8.600000e+000	2.733176e-003	2.742043e-003	5.565164e-002	1.000000e+000	-1.126820e-005	3.262162e-008	0.000000e+000	0.000000e+000	1.345129e-006	-9.890445e-006	-2.216766e-008	-1.322961e-006
8.700000e+000	2.693691e-003	2.702430e-003	5.486349e-002	1.000000e+000	-1.110939e-005	3.255766e-008	0.000000e+000	0.000000e+000	1.326092e-006	-9.750741e-006	-2.184747e-008	-1.304245e-006
8.800000e+000	2.654776e-003	2.663389e-003	5.408649e-002	1.000000e+000	-1.095282e-005	3.248873e-008	0.000000e+000	0.000000e+000	1.307325e-006	-9.613008e-006	-2.153191e-008	-1.285793e-006
8.900000e+000	2.616424e-003	2.624912e-003	5.332048e-002	1.000000e+000	-1.079846e-005	3.241499e-008	0.000000e+000	0.000000e+000	1.288822e-006	-9.477218e-006	-2.122091e-008	-1.267601e-006
9.000000e+000	2.578625e-003	2.586991e-003	5.256532e-002	1.000000e+000	-1.064626e-005	3.233661e-008	0.000000e+000	0.000000e+000	1.270582e-006	-9.343344e-006	-2.091439e-008	-1.249667e-006
9.100000e+000	2.541373e-003	2.549618e-003	5.182083e-002	1.000000e+000	-1.049621e-005	3.225372e-008	0.000000e+000	0.000000e+000	1.252599e-006	-9.211358e-006	-2.061231e-008	-1.231986e-006
9.200000e+000	2.504658e-003	2.512784e-003	5.108688e-002	1.000000e+000	-1.034827e-005	3.216647e-008	0.000000e+000	0.000000e+000	1.234870e-006	-9.081236e-006	-2.031459e-008	-1.214556e-006
9.300000e+000	2.468474e-003	2.476483e-003	5.036332e-002	1.000000e+000	-1.020242e-005	3.207502e-008	0.000000e+000	0.000000e+000	1.217392e-006	-8.952949e-006	-2.002116e-008	-1.197371e-006
9.400000e+000	2.432813e-003	2.440705e-003	4.964999e-002	1.000000e+000	-1.005861e-005	3.197948e-008	0.000000e+000	0.000000e+000	1.200161e-006	-8.826472e-006	-1.973198e-008	-1.180429e-006
9.500000e+000	2.397666e-003	2.405445e-003	4.894675e-002	1.000000e+000	-9.916835e-006	3.188002e-008	0.000000e+000	0.000000e+000	1.183174e-006	-8.701781e-006	-1.944696e-008	-1.163727e-006
9.600000e+000	2.363028e-003	2.370694e-003	4.825347e-002	1.000000e+000	-9.777052e-006	3.177675e-008	0.000000e+000	0.000000e+000	1.166427e-006	-8.578848e-006	-1.916607e-008	-1.147261e-006
9.700000e+000	2.328889e-003	2.336445e-003	4.756999e-002	1.000000e+000	-9.639237e-006	3.166981e-008	0.000000e+000	0.000000e+000	1.149917e-006	-8.457651e-006	-1.888923e-008	-1.131028e-006
9.800000e+000	2.295244e-003	2.302690e-003	4.689619e-002	1.000000e+000	-9.503363e-006	3.155932e-008	0.000000e+000	0.000000e+000	1.133640e-006	-8.338163e-006	-1.861639e-008	-1.115024e-006
9.900000e+000	2.262084e-003	2.269423e-003	4.623192e-002	1.000000e+000	-9.369401e-006	3.144541e-008	0.000000e+000	0.000000e+000	1.117593e-006	-8.220362e-006	-1.834749e-008	-1.099246e-006
1.000000e+001	2.229404e-003	2.236637e-003	4.557705e-002	1.000000e+000	-9.237325e-006	3.132821e-008	0.000000e+000	0.000000e+000	1.101774e-006	-8.104224e-006	-1.808248e-008	-1.083691e-006
1.010000e+001	2.197196e-003	2.204324e-003	4.493145e-002	1.000000e+000	-9.107109e-006	3.120783e-008	0.000000e+000	0.000000e+000	1.086178e-006	-7.989724e-006	-1.782129e-008	-1.068356e-006
1.020000e+001	2.165453e-003	2.172478e-003	4.429498e-002	1.000000e+000	-8.978726e-006	3.108438e-008	0.000000e+000	0.000000e+000	1.070802e-006	-7.876840e-006	-1.756387e-008	-1.053238e-006
1.030000e+001	2.134168e-003	2.141092e-003	4.366752e-002	1.000000e+000	-8.852151e-006	3.095799e-008	0.000000e+000	0.000000e+000	1.055644e-006	-7.765549e-006	-1.731017e-008	-1.038334e-006
1.040000e+001	2.103335e-003	2.110159e-003	4.304894e-002	1.000000e+000	-8.727358e-006	3.082876e-008	0.000000e+000	0.000000e+000	1.040700e-006	-7.655829e-006	-1.706013e-008	-1.023640e-006
1.050000e+001	2.072948e-003	2.079673e-003	4.243911e-002	1.000000e+000	-8.604322e-006	3.069679e-008	0.000000e+000	0.000000e+000	1.025968e-006	-7.547658e-006	-1.681371e-008	-1.009154e-006
1.060000e+001	2.042999e-003	2.049628e-003	4.183791e-002	1.000000e+000	-8.483018e-006	3.056221e-008	0.000000e+000	0.000000e+000	1.011444e-006	-7.441013e-006	-1.657084e-008	-9.948728e-007
1.070000e+001	2.013484e-003	2.020016e-003	4.124522e-002	1.000000e+000	-8.363423e-006	3.042510e-008	0.000000e+000	0.000000e+000	9.971249e-007	-7.335873e-006	-1.633148e-008	-9.807934e-007
1.080000e+001	1.984394e-003	1.990832e-003	4.066092e-002	1.000000e+000	-8.245511e-006	3.028558e-008	0.000000e+000	0.000000e+000	9.830087e-007	-7.232217e-006	-1.609558e-008	-9.669131e-007
1.090000e+001	1.955725e-003	1.962070e-003	4.008488e-002	1.000000e+000	-8.129260e-006	3.014373e-008	0.000000e+000	0.000000e+000	9.690921e-007	-7.130024e-006	-1.586309e-008	-9.532290e-007
1.100000e+001	1.927470e-003	1.933723e-003	3.951700e-002	1.000000e+000	-8.014646e-006	2.999966e-008	0.000000e+000	0.000000e+000	9.553723e-007	-7.029274e-006	-1.563395e-008	-9.397384e-007
1.110000e+001	1.899623e-003	1.905786e-003	3.895716e-002	1.000000e+000	-7.901646e-006	2.985346e-008	0.000000e+000	0.000000e+000	9.418466e-007	-6.929945e-006	-1.540812e-008	-9.264384e-007
1.120000e+001	1.872178e-003	1.878252e-003	3.840524e-002	1.000000e+000	-7.790236e-006	2.970522e-008	0.000000e+000	0.000000e+000	9.285121e-007	-6.832019e-006	-1.518555e-008	-9.133266e-007
1.130000e+001	1.845129e-003	1.851116e-003	3.786113e-002	1.000000e+000	-7.680396e-006	2.955503e-008	0.000000e+000	0.000000e+000	9.153663e-007	-6.735475e-006	-1.496620e-008	-9.004001e-007
1.140000e+001	1.818472e-003	1.824372e-003	3.732472e-002	1.000000e+000	-7.572103e-006	2.940298e-008	0.000000e+000	0.000000e+000	9.024063e-007	-6.640294e-006	-1.475002e-008	-8.876563e-007
1.150000e+001	1.792199e-003	1.798014e-003	3.679591e-002	1.000000e+000	-7.465335e-006	2.924915e-008	0.000000e+000	0.000000e+000	8.896297e-007	-6.546456e-006	-1.453696e-008	-8.750927e-007
1.160000e+001	1.766306e-003	1.772037e-003	3.627458e-002	1.000000e+000	-7.360070e-006	2.909362e-008	0.000000e+000	0.000000e+000	8.770337e-007	-6.453943e-006	-1.432697e-008	-8.627068e-007
1.170000e+001	1.740787e-003	1.746435e-003	3.576062e-002	1.000000e+000	-7.256288e-006	2.893648e-008	0.000000e+000	0.000000e+000	8.646160e-007	-6.362735e-006	-1.412002e-008	-8.504959e-007
1.180000e+001	1.715637e-003	1.721203e-003	3.525395e-002	1.000000e+000	-7.153967e-006	2.877781e-008	0.000000e+000	0.000000e+000	8.523738e-007	-6.272816e-006	-1.391605e-008	-8.384578e-007
1.190000e+001	1.690850e-003	1.696336e-003	3.475444e-002	1.000000e+000	-7.053088e-006	2.861768e-008	0.000000e+000	0.000000e+000	8.403048e-007	-6.184165e-006	-1.371503e-008	-8.265898e-007
1.200000e+001	1.666420e-003	1.671827e-003	3.426201e-002	1.000000e+000	-6.953629e-006	2.845617e-008	0.000000e+000	0.000000e+000	8.284066e-007	-6.096766e-006	-1.351692e-008	-8.148896e-007
1.210000e+001	1.642344e-003	1.647673e-003	3.377654e-002	1.000000e+000	-6.855571e-006	2.829335e-008	0.000000e+000	0.000000e+000	8.166766e-007	-6.010601e-006	-1.332167e-008	-8.033549e-007
1.220000e+001	1.618616e-003	1.623868e-003	3.329795e-002	1.000000e+000	-6.758894e-006	2.812930e-008	0.000000e+000	0.000000e+000	8.051125e-007	-5.925653e-006	-1.312923e-008	-7.919833e-007
1.230000e+001	1.595230e-003	1.600406e-003	3.282613e-002	1.000000e+000	-6.663579e-006	2.796407e-008	0.000000e+000	0.000000e+000	7.937120e-007	-5.841903e-006	-1.293958e-008	-7.807725e-007
1.240000e+001	1.572182e-003	1.577283e-003	3.236099e-002	1.000000e+000	-6.569607e-006	2.779775e-008	0.000000e+000	0.000000e+000	7.824728e-007	-5.759336e-006	-1.275266e-008	-7.697202e-007
1.250000e+001	1.549467e-003	1.554495e-003	3.190243e-002	1.000000e+000	-6.476958e-006	2.763039e-008	0.000000e+000	0.000000e+000	7.713926e-007	-5.677935e-006	-1.256845e-008	-7.588241e-007
1.260000e+001	1.527081e-003	1.532035e-003	3.145037e-002	1.000000e+000	-6.385614e-006	2.746207e-008	0.000000e+000	0.000000e+000	7.604691e-007	-5.597682e-006	-1.238689e-008	-7.480822e-007
1.270000e+001	1.505017e-003	1.509900e-003	3.100470e-002	1.000000e+000	-6.295556e-006	2.729284e-008	0.000000e+000	0.000000e+000	7.497001e-007	-5.518563e-006	-1.220796e-008	-7.374922e-007
1.280000e+001	1.483273e-003	1.488085e-003	3.056535e-002	1.000000e+000	-6.206768e-006	2.712277e-008	0.000000e+000	0.000000e+000	7.390835e-007	-5.440561e-006	-1.203161e-008	-7.270519e-007
1.290000e+001	1.461842e-003	1.466585e-003	3.013221e-002	1.000000e+000	-6.119230e-006	2.695191e-008	0.000000e+000	0.000000e+000	7.286171e-007	-5.363661e-006	-1.185781e-008	-7.167593e-007
1.300000e+001	1.440721e-003	1.445396e-003	2.970521e-002	1.000000e+000	-6.032925e-006	2.678032e-008	0.000000e+000	0.000000e+000	7.182987e-007	-5.287846e-006	-1.168651e-008	-7.066122e-007
1.310000e+001	1.419905e-003	1.424512e-003	2.928425e-002	1.000000e+000	-5.947836e-006	2.660807e-008	0.000000e+000	0.000000e+000	7.081263e-007	-5.213101e-006	-1.151770e-008	-6.966086e-007
1.320000e+001	1.399390e-003	1.403930e-003	2.886925e-002	1.000000e+000	-5.863945e-006	2.643520e-008	0.000000e+000	0.000000e+000	6.980978e-007	-5.139412e-006	-1.135132e-008	-6.867465e-007
1.330000e+001	1.379171e-003	1.383646e-003	2.846013e-002	1.000000e+000	-5.781236e-006	2.626177e-008	0.000000e+000	0.000000e+000	6.882112e-007	-5.066763e-006	-1.118734e-008	-6.770239e-007
1.340000e+001	1.359244e-003	1.363655e-003	2.805679e-002	1.000000e+000	-5.699693e-006	2.608783e-008	0.000000e+000	0.000000e+000	6.784645e-007	-4.995141e-006	-1.102573e-008	-6.674387e-007
1.350000e+001	1.339605e-003	1.343952e-003	2.765917e-002	1.000000e+000	-5.619298e-006	2.591344e-008	0.000000e+000	0.000000e+000	6.688556e-007	-4.924529e-006	-1.086646e-008	-6.579892e-007
1.360000e+001	1.320250e-003	1.324534e-003	2.726718e-002	1.000000e+000	-5.540036e-006	2.573863e-008	0.000000e+000	0.000000e+000	6.593827e-007	-4.854915e-006	-1.070948e-008	-6.486732e-007
1.370000e+001	1.301175e-003	1.305396e-003	2.688074e-002	1.000000e+000	-5.461891e-006	2.556347e-008	0.000000e+000	0.000000e+000	6.500438e-007	-4.786283e-006	-1.055478e-008	-6.394891e-007
1.380000e+001	1.282374e-003	1.286535e-003	2.649977e-002	1.000000e+000	-5.384846e-006	2.538799e-008	0.000000e+000	0.000000e+000	6.408371e-007	-4.718621e-006	-1.040230e-008	-6.304348e-007
1.390000e+001	1.263846e-003	1.267947e-003	2.612419e-002	1.000000e+000	-5.308887e-006	2.521225e-008	0.000000e+000	0.000000e+000	6.317606e-007	-4.651914e-006	-1.025203e-008	-6.215086e-007
1.400000e+001	1.245585e-003	1.249627e-003	2.575393e-002	1.000000e+000	-5.233998e-006	2.503628e-008	0.000000e+000	0.000000e+000	6.228126e-007	-4.586150e-006	-1.010393e-008	-6.127086e-007
1.410000e+001	1.227588e-003	1.231571e-003	2.538891e-002	1.000000e+000	-5.160165e-006	2.486014e-008	0.000000e+000	0.000000e+000	6.139911e-007	-4.521313e-006	-9.957972e-009	-6.040332e-007
1.420000e+001	1.209851e-003	1.213777e-003	2.502907e-002	1.000000e+000	-5.087371e-006	2.468385e-008	0.000000e+000	0.000000e+000	6.052945e-007	-4.457393e-006	-9.814119e-009	-5.954804e-007
1.430000e+001	1.192370e-003	1.196239e-003	2.467431e-002	1.000000e+000	-5.015604e-006	2.450747e-008	0.000000e+000	0.000000e+000	5.967209e-007	-4.394375e-006	-9.672344e-009	-5.870486e-007
1.440000e+001	1.175142e-003	1.178955e-003	2.432458e-002	1.000000e+000	-4.944847e-006	2.433103e-008	0.000000e+000	0.000000e+000	5.882687e-007	-4.332248e-006	-9.532617e-009	-5.787361e-007
1.450000e+001	1.158163e-003	1.161921e-003	2.397981e-002	1.000000e+000	-4.875088e-006	2.415457e-008	0.000000e+000	0.000000e+000	5.799360e-007	-4.270997e-006	-9.394908e-009	-5.705411e-007
1.460000e+001	1.141429e-003	1.145132e-003	2.363991e-002	1.000000e+000	-4.806311e-006	2.397813e-008	0.000000e+000	0.000000e+000	5.717213e-007	-4.210612e-006	-9.259187e-009	-5.624621e-007
1.470000e+001	1.124936e-003	1.128586e-003	2.330483e-002	1.000000e+000	-4.738504e-006	2.380174e-008	0.000000e+000	0.000000e+000	5.636228e-007	-4.151079e-006	-9.125427e-009	-5.544973e-007
1.480000e+001	1.108682e-003	1.112280e-003	2.297449e-002	1.000000e+000	-4.671652e-006	2.362545e-008	0.000000e+000	0.000000e+000	5.556389e-007	-4.092388e-006	-8.993599e-009	-5.466453e-007
1.490000e+001	1.092663e-003	1.096208e-003	2.264883e-002	1.000000e+000	-4.605742e-006	2.344928e-008	0.000000e+000	0.000000e+000	5.477679e-007	-4.034525e-006	-8.863676e-009	-5.389043e-007
1.500000e+001	1.076875e-003	1.080369e-003	2.232779e-002	1.000000e+000	-4.540761e-006	2.327326e-008	0.000000e+000	0.000000e+000	5.400084e-007	-3.977480e-006	-8.735628e-009	-5.312728e-007
1.510000e+001	1.061315e-003	1.064759e-003	2.201128e-002	1.000000e+000	-4.476696e-006	2.309744e-008	0.000000e+000	0.000000e+000	5.323587e-007	-3.921240e-006	-8.609430e-009	-5.237492e-007
1.520000e+001	1.045980e-003	1.049374e-003	2.169926e-002	1.000000e+000	-4.413533e-006	2.292183e-008	0.000000e+000	0.000000e+000	5.248172e-007	-3.865794e-006	-8.485055e-009	-5.163321e-007
1.530000e+001	1.030867e-003	1.034212e-003	2.139166e-002	1.000000e+000	-4.351261e-006	2.274648e-008	0.000000e+000	0.000000e+000	5.173824e-007	-3.811132e-006	-8.362476e-009	-5.090199e-007
1.540000e+001	1.015972e-003	1.019268e-003	2.108842e-002	1.000000e+000	-4.289866e-006	2.257141e-008	0.000000e+000	0.000000e+000	5.100529e-007	-3.757242e-006	-8.241668e-009	-5.018112e-007
1.550000e+001	1.001292e-003	1.004541e-003	2.078947e-002	1.000000e+000	-4.229337e-006	2.239664e-008	0.000000e+000	0.000000e+000	5.028271e-007	-3.704113e-006	-8.122605e-009	-4.947045e-007
1.560000e+001	9.868237e-004	9.900258e-004	2.049475e-002	1.000000e+000	-4.169660e-006	2.222222e-008	0.000000e+000	0.000000e+000	4.957035e-007	-3.651734e-006	-8.005261e-009	-4.876983e-007
1.570000e+001	9.725648e-004	9.757207e-004	2.020421e-002	1.000000e+000	-4.110825e-006	2.204815e-008	0.000000e+000	0.000000e+000	4.886808e-007	-3.600096e-006	-7.889613e-009	-4.807912e-007
1.580000e+001	9.585119e-004	9.616222e-004	1.991779e-002	1.000000e+000	-4.052819e-006	2.187448e-008	0.000000e+000	0.000000e+000	4.817575e-007	-3.549187e-006	-7.775634e-009	-4.739818e-007
1.590000e+001	9.446621e-004	9.477274e-004	1.963542e-002	1.000000e+000	-3.995630e-006	2.170122e-008	0.000000e+000	0.000000e+000	4.749321e-007	-3.498997e-006	-7.663302e-009	-4.672688e-007
1.600000e+001	9.310123e-004	9.340333e-004	1.935704e-002	1.000000e+000	-3.939247e-006	2.152840e-008	0.000000e+000	0.000000e+000	4.682034e-007	-3.449516e-006	-7.552593e-009	-4.606508e-007
1.610000e+001	9.175597e-004	9.205371e-004	1.908262e-002	1.000000e+000	-3.883659e-006	2.135604e-008	0.000000e+000	0.000000e+000	4.615699e-007	-3.400733e-006	-7.443482e-009	-4.541264e-007
1.620000e+001	9.043015e-004	9.072358e-004	1.881207e-002	1.000000e+000	-3.828855e-006	2.118417e-008	0.000000e+000	0.000000e+000	4.550303e-007	-3.352641e-006	-7.335948e-009	-4.476943e-007
1.630000e+001	8.912348e-004	8.941267e-004	1.854536e-002	1.000000e+000	-3.774823e-006	2.101280e-008	0.000000e+000	0.000000e+000	4.485832e-007	-3.305227e-006	-7.229967e-009	-4.413532e-007
1.640000e+001	8.783568e-004	8.812070e-004	1.828243e-002	1.000000e+000	-3.721553e-006	2.084196e-008	0.000000e+000	0.000000e+000	4.422274e-007	-3.258483e-006	-7.125517e-009	-4.351019e-007
1.650000e+001	8.656649e-004	8.684740e-004	1.802322e-002	1.000000e+000	-3.669033e-006	2.067167e-008	0.000000e+000	0.000000e+000	4.359616e-007	-3.212400e-006	-7.022575e-009	-4.289390e-007
1.660000e+001	8.531564e-004	8.559249e-004	1.776769e-002	1.000000e+000	-3.617254e-006	2.050195e-008	0.000000e+000	0.000000e+000	4.297844e-007	-3.166968e-006	-6.921120e-009	-4.228633e-007
1.670000e+001	8.408286e-004	8.435571e-004	1.751577e-002	1.000000e+000	-3.566205e-006	2.033281e-008	0.000000e+000	0.000000e+000	4.236947e-007	-3.122177e-006	-6.821131e-009	-4.168736e-007
1.680000e+001	8.286789e-004	8.313679e-004	1.726742e-002	1.000000e+000	-3.515875e-006	2.016429e-008	0.000000e+000	0.000000e+000	4.176912e-007	-3.078019e-006	-6.722586e-009	-4.109686e-007
1.690000e+001	8.167047e-004	8.193549e-004	1.702259e-002	1.000000e+000	-3.466255e-006	1.999638e-008	0.000000e+000	0.000000e+000	4.117726e-007	-3.034486e-006	-6.625464e-009	-4.051472e-007
1.700000e+001	8.049035e-004	8.075154e-004	1.678123e-002	1.000000e+000	-3.417334e-006	1.982912e-008	0.000000e+000	0.000000e+000	4.059379e-007	-2.991567e-006	-6.529746e-009	-3.994082e-007
1.710000e+001	7.932728e-004	7.958470e-004	1.654329e-002	1.000000e+000	-3.369103e-006	1.966251e-008	0.000000e+000	0.000000e+000	4.001857e-007	-2.949255e-006	-6.435409e-009	-3.937503e-007
1.720000e+001	7.818101e-004	7.843471e-004	1.630871e-002	1.000000e+000	-3.321552e-006	1.949658e-008	0.000000e+000	0.000000e+000	3.945150e-007	-2.907540e-006	-6.342436e-009	-3.881726e-007
1.730000e+001	7.705131e-004	7.730134e-004	1.607746e-002	1.000000e+000	-3.274671e-006	1.933134e-008	0.000000e+000	0.000000e+000	3.889246e-007	-2.866415e-006	-6.250805e-009	-3.826738e-007
1.740000e+001	7.593792e-004	7.618434e-004	1.584949e-002	1.000000e+000	-3.228451e-006	1.916680e-008	0.000000e+000	0.000000e+000	3.834132e-007	-2.825871e-006	-6.160498e-009	-3.772527e-007
1.750000e+001	7.484062e-004	7.508348e-004	1.562474e-002	1.000000e+000	-3.182883e-006	1.900298e-008	0.000000e+000	0.000000e+000	3.779800e-007	-2.785900e-006	-6.071496e-009	-3.719085e-007
1.760000e+001	7.375918e-004	7.399853e-004	1.540318e-002	1.000000e+000	-3.137957e-006	1.883989e-008	0.000000e+000	0.000000e+000	3.726236e-007	-2.746493e-006	-5.983779e-009	-3.666398e-007
1.770000e+001	7.269335e-004	7.292925e-004	1.518476e-002	1.000000e+000	-3.093665e-006	1.867754e-008	0.000000e+000	0.000000e+000	3.673430e-007	-2.707644e-006	-5.897329e-009	-3.614457e-007
1.780000e+001	7.164293e-004	7.187541e-004	1.496943e-002	1.000000e+000	-3.049997e-006	1.851595e-008	0.000000e+000	0.000000e+000	3.621373e-007	-2.669343e-006	-5.812128e-009	-3.563251e-007
1.790000e+001	7.060768e-004	7.083681e-004	1.475716e-002	1.000000e+000	-3.006944e-006	1.835513e-008	0.000000e+000	0.000000e+000	3.570052e-007	-2.631584e-006	-5.728157e-009	-3.512770e-007
1.800000e+001	6.958739e-004	6.981320e-004	1.454789e-002	1.000000e+000	-2.964499e-006	1.819509e-008	0.000000e+000	0.000000e+000	3.519457e-007	-2.594358e-006	-5.645400e-009	-3.463003e-007
1.810000e+001	6.858184e-004	6.880439e-004	1.434158e-002	1.000000e+000	-2.922652e-006	1.803584e-008	0.000000e+000	0.000000e+000	3.469579e-007	-2.557658e-006	-5.563837e-009	-3.413941e-007
1.820000e+001	6.759081e-004	6.781015e-004	1.413820e-002	1.000000e+000	-2.881395e-006	1.787740e-008	0.000000e+000	0.000000e+000	3.420408e-007	-2.521477e-006	-5.483454e-009	-3.365573e-007
1.830000e+001	6.661411e-004	6.683028e-004	1.393770e-002	1.000000e+000	-2.840720e-006	1.771976e-008	0.000000e+000	0.000000e+000	3.371932e-007	-2.485807e-006	-5.404231e-009	-3.317890e-007
1.840000e+001	6.565151e-004	6.586456e-004	1.374004e-002	1.000000e+000	-2.800619e-006	1.756295e-008	0.000000e+000	0.000000e+000	3.324143e-007	-2.450641e-006	-5.326152e-009	-3.270881e-007
1.850000e+001	6.470283e-004	6.491280e-004	1.354518e-002	1.000000e+000	-2.761083e-006	1.740697e-008	0.000000e+000	0.000000e+000	3.277030e-007	-2.415973e-006	-5.249202e-009	-3.224538e-007
1.860000e+001	6.376785e-004	6.397478e-004	1.335308e-002	1.000000e+000	-2.722104e-006	1.725183e-008	0.000000e+000	0.000000e+000	3.230585e-007	-2.381794e-006	-5.173363e-009	-3.178851e-007
1.870000e+001	6.284637e-004	6.305032e-004	1.316371e-002	1.000000e+000	-2.683675e-006	1.709753e-008	0.000000e+000	0.000000e+000	3.184797e-007	-2.348098e-006	-5.098619e-009	-3.133811e-007
1.880000e+001	6.193822e-004	6.213921e-004	1.297701e-002	1.000000e+000	-2.645788e-006	1.694410e-008	0.000000e+000	0.000000e+000	3.139657e-007	-2.314878e-006	-5.024955e-009	-3.089408e-007
1.890000e+001	6.104318e-004	6.124127e-004	1.279296e-002	1.000000e+000	-2.608435e-006	1.679152e-008	0.000000e+000	0.000000e+000	3.095157e-007	-2.282128e-006	-4.952355e-009	-3.045633e-007
1.900000e+001	6.016107e-004	6.035630e-004	1.261152e-002	1.000000e+000	-2.571609e-006	1.663982e-008	0.000000e+000	0.000000e+000	3.051286e-007	-2.249841e-006	-4.880804e-009	-3.002478e-007
1.910000e+001	5.929171e-004	5.948412e-004	1.243265e-002	1.000000e+000	-2.535302e-006	1.648899e-008	0.000000e+000	0.000000e+000	3.008037e-007	-2.218010e-006	-4.810287e-009	-2.959934e-007
1.920000e+001	5.843491e-004	5.862454e-004	1.225632e-002	1.000000e+000	-2.499508e-006	1.633905e-008	0.000000e+000	0.000000e+000	2.965401e-007	-2.186629e-006	-4.740788e-009	-2.917993e-007
1.930000e+001	5.759048e-004	5.777738e-004	1.208248e-002	1.000000e+000	-2.464218e-006	1.618999e-008	0.000000e+000	0.000000e+000	2.923368e-007	-2.155691e-006	-4.672293e-009	-2.876645e-007
1.940000e+001	5.675826e-004	5.694245e-004	1.191111e-002	1.000000e+000	-2.429426e-006	1.604183e-008	0.000000e+000	0.000000e+000	2.881930e-007	-2.125191e-006	-4.604787e-009	-2.835882e-007
1.950000e+001	5.593806e-004	5.611959e-004	1.174217e-002	1.000000e+000	-2.395124e-006	1.589458e-008	0.000000e+000	0.000000e+000	2.841079e-007	-2.095121e-006	-4.538257e-009	-2.795696e-007
1.960000e+001	5.512972e-004	5.530862e-004	1.157562e-002	1.000000e+000	-2.361306e-006	1.574822e-008	0.000000e+000	0.000000e+000	2.800807e-007	-2.065477e-006	-4.472688e-009	-2.756080e-007
1.970000e+001	5.433305e-004	5.450937e-004	1.141143e-002	1.000000e+000	-2.327965e-006	1.560278e-008	0.000000e+000	0.000000e+000	2.761104e-007	-2.036252e-006	-4.408065e-009	-2.717024e-007
1.980000e+001	5.354789e-004	5.372166e-004	1.124956e-002	1.000000e+000	-2.295095e-006	1.545825e-008	0.000000e+000	0.000000e+000	2.721965e-007	-2.007440e-006	-4.344377e-009	-2.678521e-007
1.990000e+001	5.277407e-004	5.294534e-004	1.108999e-002	1.000000e+000	-2.262688e-006	1.531464e-008	0.000000e+000	0.000000e+000	2.683379e-007	-1.979035e-006	-4.281608e-009	-2.640563e-007
2.000000e+001	5.201144e-004	5.218023e-004	1.093268e-002	1.000000e+000	-2.230738e-006	1.517195e-008	0.000000e+000	0.000000e+000	2.645340e-007	-1.951032e-006	-4.219746e-009	-2.603142e-007
