TIME          	MC CONC       	STS CONC      	HTS CONC      	SED CONC      	ADV dm/dt     	DISP dm/dt    	DECAY dm/dt   	SORPTION dm/dt	STORAGE dm/dt 	MC dm/dt      	STS dm/dt     	HTS dm/dt     
(hr)          	mg/L          	mg/L          	mg/L          	mg/L          	(mg/L)·(m²/s)  	(mg/L)·(m²/s)  	(mg/L)·(m²/s)  	(mg/L)·(m²/s)  	(mg/L)·(m²/s)  	(mg/L)·(m²/s)  	(mg/L)·(m²/s)  	(mg/L)·(m²/s)  
0.000000e+000	4.587380e-001	1.738323e-003	6.724412e-006	0.000000e+000	1.497556e-005	2.432790e-007	0.000000e+000	0.000000e+000	-1.314788e-004	-1.162600e-004	1.314684e-004	-2.051408e-024
1.000000e-001	3.393084e-001	3.052220e-001	1.034723e-003	1.000000e+000	1.107677e-005	1.799428e-007	0.000000e+000	0.000000e+000	-9.806643e-006	1.450065e-006	7.975679e-006	2.271430e-007
2.000000e-001	3.287715e-001	3.217466e-001	1.234377e-003	1.000000e+000	1.073279e-005	1.743549e-007	0.000000e+000	0.000000e+000	-2.021071e-006	8.886073e-006	9.184379e-008	1.594270e-008
3.000000e-001	3.252183e-001	3.199678e-001	1.240009e-003	1.000000e+000	1.061679e-005	1.724705e-007	0.000000e+000	0.000000e+000	-1.510579e-006	9.278685e-006	-4.079067e-007	-3.527454e-009
4.000000e-001	3.221383e-001	3.170462e-001	1.229581e-003	1.000000e+000	1.051625e-005	1.708372e-007	0.000000e+000	0.000000e+000	-1.465007e-006	9.222077e-006	-4.359561e-007	-4.887859e-009
5.000000e-001	3.191153e-001	3.140779e-001	1.218130e-003	1.000000e+000	1.041756e-005	1.692349e-007	0.000000e+000	0.000000e+000	-1.449261e-006	9.137536e-006	-4.339043e-007	-4.935296e-009
6.000000e-001	3.161224e-001	3.111327e-001	1.206711e-003	1.000000e+000	1.031993e-005	1.676795e-007	0.000000e+000	0.000000e+000	-1.435542e-006	9.052066e-006	-4.299643e-007	-4.895080e-009
7.000000e-001	3.131579e-001	3.082149e-001	1.195394e-003	1.000000e+000	1.022421e-005	1.665325e-007	0.000000e+000	0.000000e+000	-1.422085e-006	8.968654e-006	-4.259264e-007	-4.849472e-009
8.000000e-001	3.102218e-001	3.053248e-001	1.184185e-003	1.000000e+000	1.013692e-005	1.679519e-007	0.000000e+000	0.000000e+000	-1.408869e-006	8.896004e-006	-4.218142e-007	-4.803147e-009
9.000000e-001	3.073172e-001	3.024639e-001	1.173086e-003	1.000000e+000	1.008552e-005	1.794926e-007	0.000000e+000	0.000000e+000	-1.396294e-006	8.868721e-006	-4.172360e-007	-4.753144e-009
1.000000e+000	3.044548e-001	2.996388e-001	1.162116e-003	1.000000e+000	1.014788e-005	2.186867e-007	0.000000e+000	0.000000e+000	-1.385557e-006	8.981011e-006	-4.110334e-007	-4.689100e-009
1.100000e+000	3.016620e-001	2.968680e-001	1.151333e-003	1.000000e+000	1.048624e-005	3.144878e-007	0.000000e+000	0.000000e+000	-1.379215e-006	9.421517e-006	-4.007629e-007	-4.587607e-009
1.200000e+000	2.989938e-001	2.941920e-001	1.140866e-003	1.000000e+000	1.136279e-005	5.017189e-007	0.000000e+000	0.000000e+000	-1.381462e-006	1.048305e-005	-3.824715e-007	-4.408436e-009
1.300000e+000	2.965407e-001	2.916822e-001	1.130957e-003	1.000000e+000	1.311568e-005	8.089628e-007	0.000000e+000	0.000000e+000	-1.397775e-006	1.252687e-005	-3.511117e-007	-4.097111e-009
1.400000e+000	2.944293e-001	2.894455e-001	1.121982e-003	1.000000e+000	1.609254e-005	1.245040e-006	0.000000e+000	0.000000e+000	-1.433848e-006	1.590373e-005	-3.016287e-007	-3.595283e-009
1.500000e+000	2.928123e-001	2.876189e-001	1.114441e-003	1.000000e+000	2.056040e-005	1.790562e-006	0.000000e+000	0.000000e+000	-1.494143e-006	2.085682e-005	-2.303847e-007	-2.856194e-009
1.600000e+000	2.918496e-001	2.863559e-001	1.108915e-003	1.000000e+000	2.662293e-005	2.398488e-006	0.000000e+000	0.000000e+000	-1.580553e-006	2.744086e-005	-1.364056e-007	-1.859750e-009
1.700000e+000	2.916854e-001	2.858055e-001	1.105990e-003	1.000000e+000	3.417263e-005	3.003322e-006	0.000000e+000	0.000000e+000	-1.691646e-006	3.548431e-005	-2.201700e-008	-6.218715e-010
1.800000e+000	2.924252e-001	2.860898e-001	1.106173e-003	1.000000e+000	4.289139e-005	3.535241e-006	0.000000e+000	0.000000e+000	-1.822683e-006	4.460395e-005	1.073092e-007	8.047623e-010
1.900000e+000	2.941198e-001	2.872851e-001	1.109812e-003	1.000000e+000	5.229588e-005	3.934303e-006	0.000000e+000	0.000000e+000	-1.966342e-006	5.426384e-005	2.437957e-007	2.338273e-009
2.000000e+000	2.967580e-001	2.894104e-001	1.117042e-003	1.000000e+000	6.181236e-005	4.160827e-006	0.000000e+000	0.000000e+000	-2.113901e-006	6.385929e-005	3.786054e-007	3.880692e-009
2.100000e+000	3.002678e-001	2.924245e-001	1.127768e-003	1.000000e+000	7.086038e-005	4.200059e-006	0.000000e+000	0.000000e+000	-2.256525e-006	7.280391e-005	5.031520e-007	5.332864e-009
2.200000e+000	3.045264e-001	2.962316e-001	1.141676e-003	1.000000e+000	7.892716e-005	4.061217e-006	0.000000e+000	0.000000e+000	-2.386404e-006	8.060197e-005	6.101987e-007	6.607745e-009
2.300000e+000	3.093747e-001	3.006936e-001	1.158273e-003	1.000000e+000	8.562079e-005	3.772438e-006	0.000000e+000	0.000000e+000	-2.497540e-006	8.689569e-005	6.945766e-007	7.639811e-009
2.400000e+000	3.146340e-001	3.056450e-001	1.176945e-003	1.000000e+000	9.069736e-005	3.373617e-006	0.000000e+000	0.000000e+000	-2.586135e-006	9.148485e-005	7.534814e-007	8.389749e-009
2.500000e+000	3.201222e-001	3.109091e-001	1.197016e-003	1.000000e+000	9.406363e-005	2.909038e-006	0.000000e+000	0.000000e+000	-2.650615e-006	9.432205e-005	7.863964e-007	8.844684e-009
2.600000e+000	3.256673e-001	3.163126e-001	1.217809e-003	1.000000e+000	9.576052e-005	2.421141e-006	0.000000e+000	0.000000e+000	-2.691364e-006	9.549030e-005	7.947459e-007	9.015014e-009
2.700000e+000	3.311177e-001	3.216971e-001	1.238693e-003	1.000000e+000	9.593477e-005	1.946114e-006	0.000000e+000	0.000000e+000	-2.710301e-006	9.517058e-005	7.813975e-007	8.929149e-009
2.800000e+000	3.363480e-001	3.269272e-001	1.259118e-003	1.000000e+000	9.480536e-005	1.511486e-006	0.000000e+000	0.000000e+000	-2.710383e-006	9.360646e-005	7.501223e-007	8.627445e-009
2.900000e+000	3.412626e-001	3.318947e-001	1.278637e-003	1.000000e+000	9.263055e-005	1.135441e-006	0.000000e+000	0.000000e+000	-2.695135e-006	9.107086e-005	7.050909e-007	8.156329e-009
3.000000e+000	3.457946e-001	3.365202e-001	1.296911e-003	1.000000e+000	8.967923e-005	8.274343e-007	0.000000e+000	0.000000e+000	-2.668235e-006	8.783843e-005	6.504588e-007	7.563285e-009
3.100000e+000	3.499041e-001	3.407515e-001	1.313710e-003	1.000000e+000	8.620853e-005	5.896210e-007	0.000000e+000	0.000000e+000	-2.633205e-006	8.416495e-005	5.900604e-007	6.893032e-009
3.200000e+000	3.535745e-001	3.445610e-001	1.328902e-003	1.000000e+000	8.244848e-005	4.186383e-007	0.000000e+000	0.000000e+000	-2.593197e-006	8.027392e-005	5.272144e-007	6.184971e-009
3.300000e+000	3.568079e-001	3.479414e-001	1.342437e-003	1.000000e+000	7.859300e-005	3.074253e-007	0.000000e+000	0.000000e+000	-2.550875e-006	7.634955e-005	4.646260e-007	5.471782e-009
3.400000e+000	3.596208e-001	3.509021e-001	1.354335e-003	1.000000e+000	7.479642e-005	2.468487e-007	0.000000e+000	0.000000e+000	-2.508365e-006	7.253491e-005	4.043671e-007	4.778972e-009
3.500000e+000	3.620401e-001	3.534642e-001	1.364666e-003	1.000000e+000	7.117401e-005	2.270204e-007	0.000000e+000	0.000000e+000	-2.467269e-006	6.893376e-005	3.479116e-007	4.125116e-009
3.600000e+000	3.640990e-001	3.556572e-001	1.373537e-003	1.000000e+000	6.780526e-005	2.382683e-007	0.000000e+000	0.000000e+000	-2.428709e-006	6.561482e-005	2.962051e-007	3.522553e-009
3.700000e+000	3.658344e-001	3.575154e-001	1.381074e-003	1.000000e+000	6.473892e-005	2.717805e-007	0.000000e+000	0.000000e+000	-2.393397e-006	6.261730e-005	2.497530e-007	2.978340e-009
3.800000e+000	3.672842e-001	3.590753e-001	1.387419e-003	1.000000e+000	6.199853e-005	3.199679e-007	0.000000e+000	0.000000e+000	-2.361707e-006	5.995679e-005	2.087122e-007	2.495291e-009
3.900000e+000	3.684853e-001	3.603735e-001	1.392713e-003	1.000000e+000	5.958815e-005	3.766109e-007	0.000000e+000	0.000000e+000	-2.333757e-006	5.763100e-005	1.729797e-007	2.072994e-009
4.000000e+000	3.694729e-001	3.614455e-001	1.397093e-003	1.000000e+000	5.749757e-005	4.368482e-007	0.000000e+000	0.000000e+000	-2.309474e-006	5.562494e-005	1.422704e-007	1.708735e-009
4.100000e+000	3.702791e-001	3.623241e-001	1.400692e-003	1.000000e+000	5.570681e-005	4.970669e-007	0.000000e+000	0.000000e+000	-2.288653e-006	5.391523e-005	1.161831e-007	1.398281e-009
4.200000e+000	3.709330e-001	3.630393e-001	1.403626e-003	1.000000e+000	5.418996e-005	5.547354e-007	0.000000e+000	0.000000e+000	-2.271010e-006	5.247368e-005	9.425292e-008	1.136523e-009
4.300000e+000	3.714600e-001	3.636177e-001	1.406004e-003	1.000000e+000	5.291801e-005	6.082150e-007	0.000000e+000	0.000000e+000	-2.256216e-006	5.127001e-005	7.599156e-008	9.179637e-010
4.400000e+000	3.718823e-001	3.640828e-001	1.407920e-003	1.000000e+000	5.186117e-005	6.565717e-007	0.000000e+000	0.000000e+000	-2.243929e-006	5.027381e-005	6.091615e-008	7.370883e-010
4.500000e+000	3.722190e-001	3.644546e-001	1.409453e-003	1.000000e+000	5.099039e-005	6.994043e-007	0.000000e+000	0.000000e+000	-2.233810e-006	4.945598e-005	4.856894e-008	5.886087e-010
4.600000e+000	3.724860e-001	3.647503e-001	1.410675e-003	1.000000e+000	5.027839e-005	7.366946e-007	0.000000e+000	0.000000e+000	-2.225544e-006	4.878954e-005	3.852944e-008	4.676272e-010
4.700000e+000	3.726967e-001	3.649844e-001	1.411644e-003	1.000000e+000	4.970033e-005	7.686844e-007	0.000000e+000	0.000000e+000	-2.218838e-006	4.825017e-005	3.042086e-008	3.697249e-010
4.800000e+000	3.728624e-001	3.651688e-001	1.412407e-003	1.000000e+000	4.923405e-005	7.957780e-007	0.000000e+000	0.000000e+000	-2.213435e-006	4.781639e-005	2.391227e-008	2.909995e-010
4.900000e+000	3.729920e-001	3.653135e-001	1.413007e-003	1.000000e+000	4.886021e-005	8.184679e-007	0.000000e+000	0.000000e+000	-2.209108e-006	4.746957e-005	1.871787e-008	2.280652e-010
5.000000e+000	3.730930e-001	3.654265e-001	1.413477e-003	1.000000e+000	4.856216e-005	8.372806e-007	0.000000e+000	0.000000e+000	-2.205661e-006	4.719378e-005	1.459436e-008	1.780281e-010
5.100000e+000	3.731715e-001	3.655145e-001	1.413843e-003	1.000000e+000	4.832577e-005	8.527394e-007	0.000000e+000	0.000000e+000	-2.202932e-006	4.697558e-005	1.133720e-008	1.384464e-010
5.200000e+000	3.732322e-001	3.655827e-001	1.414126e-003	1.000000e+000	4.813919e-005	8.653397e-007	0.000000e+000	0.000000e+000	-2.200780e-006	4.680375e-005	8.776274e-009	1.072833e-010
5.300000e+000	3.732791e-001	3.656354e-001	1.414346e-003	1.000000e+000	4.799257e-005	8.755238e-007	0.000000e+000	0.000000e+000	-2.199091e-006	4.666901e-005	6.771175e-009	8.285477e-011
5.400000e+000	3.733151e-001	3.656760e-001	1.414515e-003	1.000000e+000	4.787752e-005	8.835745e-007	0.000000e+000	0.000000e+000	-2.197766e-006	4.656333e-005	5.203308e-009	6.375512e-011
5.500000e+000	3.733425e-001	3.657071e-001	1.414645e-003	1.000000e+000	4.778544e-005	8.892048e-007	0.000000e+000	0.000000e+000	-2.196701e-006	4.647794e-005	3.951602e-009	4.864739e-011
5.600000e+000	3.733622e-001	3.657302e-001	1.414743e-003	1.000000e+000	4.770354e-005	8.907892e-007	0.000000e+000	0.000000e+000	-2.195720e-006	4.639861e-005	2.832058e-009	3.569936e-011
5.700000e+000	3.733729e-001	3.657452e-001	1.414810e-003	1.000000e+000	4.760868e-005	8.846277e-007	0.000000e+000	0.000000e+000	-2.194481e-006	4.629882e-005	1.503114e-009	2.160182e-011
5.800000e+000	3.733691e-001	3.657489e-001	1.414838e-003	1.000000e+000	4.745939e-005	8.641259e-007	0.000000e+000	0.000000e+000	-2.192348e-006	4.613117e-005	-6.509414e-010	3.239697e-013
5.900000e+000	3.733378e-001	3.657321e-001	1.414798e-003	1.000000e+000	4.718170e-005	8.173165e-007	0.000000e+000	0.000000e+000	-2.188177e-006	4.581084e-005	-4.721305e-009	-3.881246e-011
6.000000e+000	3.732524e-001	3.656757e-001	1.414629e-003	1.000000e+000	4.663887e-005	7.212676e-007	0.000000e+000	0.000000e+000	-2.179842e-006	4.518030e-005	-1.271830e-008	-1.152949e-010
6.100000e+000	3.730612e-001	3.655415e-001	1.414206e-003	1.000000e+000	4.558073e-005	5.353825e-007	0.000000e+000	0.000000e+000	-2.163418e-006	4.395269e-005	-2.833699e-008	-2.651600e-010
6.200000e+000	3.726695e-001	3.652580e-001	1.413293e-003	1.000000e+000	4.358994e-005	2.004687e-007	0.000000e+000	0.000000e+000	-2.132278e-006	4.165814e-005	-5.777644e-008	-5.505115e-010
6.300000e+000	3.719207e-001	3.647021e-001	1.411473e-003	1.000000e+000	4.006850e-005	-3.485525e-007	0.000000e+000	0.000000e+000	-2.076794e-006	3.764315e-005	-1.099244e-007	-1.064201e-009
6.400000e+000	3.705848e-001	3.636837e-001	1.408084e-003	1.000000e+000	3.431187e-005	-1.154816e-006	0.000000e+000	0.000000e+000	-1.985461e-006	3.117159e-005	-1.951479e-007	-1.920868e-009
6.500000e+000	3.683673e-001	3.619448e-001	1.402199e-003	1.000000e+000	2.568796e-005	-2.205583e-006	0.000000e+000	0.000000e+000	-1.847733e-006	2.163464e-005	-3.224449e-007	-3.229563e-009
6.600000e+000	3.649446e-001	3.591817e-001	1.392681e-003	1.000000e+000	1.388290e-005	-3.408828e-006	0.000000e+000	0.000000e+000	-1.657994e-006	8.816075e-006	-4.956090e-007	-5.052450e-009
6.700000e+000	3.600252e-001	3.550922e-001	1.378347e-003	1.000000e+000	-8.757031e-007	-4.596819e-006	0.000000e+000	0.000000e+000	-1.419208e-006	-6.891730e-006	-7.098666e-007	-7.363898e-009
6.800000e+000	3.534185e-001	3.494406e-001	1.358198e-003	1.000000e+000	-1.772726e-005	-5.564122e-006	0.000000e+000	0.000000e+000	-1.144462e-006	-2.443585e-005	-9.507154e-007	-1.002928e-008
6.900000e+000	3.450898e-001	3.421174e-001	1.331662e-003	1.000000e+000	-3.529450e-005	-6.130992e-006	0.000000e+000	0.000000e+000	-8.551546e-007	-4.228064e-005	-1.196103e-006	-1.281892e-008
7.000000e+000	3.351775e-001	3.331755e-001	1.298769e-003	1.000000e+000	-5.199664e-005	-6.206362e-006	0.000000e+000	0.000000e+000	-5.759734e-007	-5.877897e-005	-1.421659e-006	-1.545886e-008
7.100000e+000	3.239648e-001	3.228232e-001	1.260164e-003	1.000000e+000	-6.644981e-005	-5.820259e-006	0.000000e+000	0.000000e+000	-3.284547e-007	-7.259852e-005	-1.607097e-006	-1.770164e-008
7.200000e+000	3.118151e-001	3.113782e-001	1.216975e-003	1.000000e+000	-7.779884e-005	-5.110436e-006	0.000000e+000	0.000000e+000	-1.256968e-007	-8.303498e-005	-1.741225e-006	-1.938930e-008
7.300000e+000	2.990936e-001	2.991974e-001	1.170560e-003	1.000000e+000	-8.586262e-005	-4.271706e-006	0.000000e+000	0.000000e+000	2.985022e-008	-9.010448e-005	-1.823733e-006	-2.048438e-008
7.400000e+000	2.861024e-001	2.866067e-001	1.122226e-003	1.000000e+000	-9.106426e-005	-3.492435e-006	0.000000e+000	0.000000e+000	1.451039e-007	-9.441160e-005	-1.863492e-006	-2.106120e-008
7.500000e+000	2.730431e-001	2.738516e-001	1.073016e-003	1.000000e+000	-9.420435e-005	-2.903961e-006	0.000000e+000	0.000000e+000	2.326003e-007	-9.687571e-005	-1.874509e-006	-2.126598e-008
7.600000e+000	2.600137e-001	2.610773e-001	1.023600e-003	1.000000e+000	-9.618115e-005	-2.558294e-006	0.000000e+000	0.000000e+000	3.060129e-007	-9.843344e-005	-1.871328e-006	-2.126517e-008
7.700000e+000	2.470308e-001	2.483393e-001	9.742838e-004	1.000000e+000	-9.775087e-005	-2.432879e-006	0.000000e+000	0.000000e+000	3.764526e-007	-9.980730e-005	-1.865392e-006	-2.120040e-008
7.800000e+000	2.340674e-001	2.356319e-001	9.251009e-004	1.000000e+000	-9.936634e-005	-2.448418e-006	0.000000e+000	0.000000e+000	4.501215e-007	-1.013646e-004	-1.862869e-006	-2.115925e-008
7.900000e+000	2.210966e-001	2.229286e-001	8.759609e-004	1.000000e+000	-1.010854e-004	-2.487307e-006	0.000000e+000	0.000000e+000	5.270604e-007	-1.030457e-004	-1.863639e-006	-2.116047e-008
8.000000e+000	2.081376e-001	2.102256e-001	8.268148e-004	1.000000e+000	-1.025391e-004	-2.412354e-006	0.000000e+000	0.000000e+000	6.007251e-007	-1.043507e-004	-1.861139e-006	-2.114950e-008
8.100000e+000	1.952958e-001	1.975845e-001	7.778209e-004	1.000000e+000	-1.029584e-004	-2.084350e-006	0.000000e+000	0.000000e+000	6.584425e-007	-1.043843e-004	-1.843061e-006	-2.100395e-008
8.200000e+000	1.828030e-001	1.851693e-001	7.294947e-004	1.000000e+000	-1.011156e-004	-1.321267e-006	0.000000e+000	0.000000e+000	6.808069e-007	-1.017560e-004	-1.790987e-006	-2.053648e-008
8.300000e+000	1.711244e-001	1.733159e-001	6.829213e-004	1.000000e+000	-9.455750e-005	3.568247e-007	0.000000e+000	0.000000e+000	6.304898e-007	-9.357019e-005	-1.669602e-006	-1.941561e-008
8.400000e+000	1.613128e-001	1.627529e-001	6.404051e-004	1.000000e+000	-7.717722e-005	4.277184e-006	0.000000e+000	0.000000e+000	4.143208e-007	-7.248571e-005	-1.390109e-006	-1.684015e-008
8.500000e+000	1.558147e-001	1.551750e-001	6.072652e-004	1.000000e+000	-3.508659e-005	1.315019e-005	0.000000e+000	0.000000e+000	-1.840548e-007	-2.212045e-005	-7.463191e-007	-1.088718e-008
8.600000e+000	1.597168e-001	1.542615e-001	5.953141e-004	1.000000e+000	5.721154e-005	3.098103e-005	0.000000e+000	0.000000e+000	-1.569486e-006	8.662308e-005	6.445385e-007	2.210632e-009
8.700000e+000	1.820353e-001	1.669337e-001	6.275671e-004	1.000000e+000	2.371328e-004	6.200094e-005	0.000000e+000	0.000000e+000	-4.344718e-006	2.947890e-004	3.343688e-006	2.830100e-008
8.800000e+000	2.363932e-001	2.043207e-001	7.424425e-004	1.000000e+000	5.486896e-004	1.089253e-004	0.000000e+000	0.000000e+000	-9.227257e-006	6.483877e-004	8.001878e-006	7.459247e-008
8.900000e+000	3.405249e-001	2.818368e-001	9.951327e-004	1.000000e+000	1.032245e-003	1.713482e-004	0.000000e+000	0.000000e+000	-1.688457e-005	1.186708e-003	1.519412e-005	1.479865e-007
9.000000e+000	5.144536e-001	4.180260e-001	1.454476e-003	1.000000e+000	1.712634e-003	2.450546e-004	0.000000e+000	0.000000e+000	-2.774221e-005	1.929947e-003	2.523478e-005	2.529900e-007
9.100000e+000	7.776799e-001	6.322741e-001	2.195228e-003	1.000000e+000	2.589797e-003	3.225680e-004	0.000000e+000	0.000000e+000	-4.183323e-005	2.870532e-003	3.804066e-005	3.899677e-007
9.200000e+000	1.146058e+000	9.418934e-001	3.287298e-003	1.000000e+000	3.634980e-003	3.946965e-004	0.000000e+000	0.000000e+000	-5.873816e-005	3.970938e-003	5.308850e-005	5.543453e-007
9.300000e+000	1.629102e+000	1.359276e+000	4.784493e-003	1.000000e+000	4.793438e-003	4.524945e-004	0.000000e+000	0.000000e+000	-7.762916e-005	5.168303e-003	6.947621e-005	7.369879e-007
9.400000e+000	2.228294e+000	1.889755e+000	6.715365e-003	1.000000e+000	5.992488e-003	4.890160e-004	0.000000e+000	0.000000e+000	-9.739780e-005	6.384106e-003	8.606341e-005	9.255739e-007
9.500000e+000	2.936649e+000	2.530579e+000	9.077996e-003	1.000000e+000	7.152457e-003	5.004290e-004	0.000000e+000	0.000000e+000	-1.168263e-004	7.536060e-003	1.016489e-004	1.106526e-006
9.600000e+000	3.739493e+000	3.271093e+000	1.183942e-002	1.000000e+000	8.197818e-003	4.863373e-004	0.000000e+000	0.000000e+000	-1.347588e-004	8.549397e-003	1.151407e-004	1.266997e-006
9.700000e+000	4.616163e+000	4.093953e+000	1.493930e-002	1.000000e+000	9.066318e-003	4.494022e-004	0.000000e+000	0.000000e+000	-1.502397e-004	9.365480e-003	1.256873e-004	1.396489e-006
9.800000e+000	5.542232e+000	4.977061e+000	1.829671e-002	1.000000e+000	9.714815e-003	3.945016e-004	0.000000e+000	0.000000e+000	-1.625996e-004	9.946717e-003	1.327518e-004	1.487891e-006
9.900000e+000	6.491853e+000	5.895793e+000	2.181857e-002	1.000000e+000	1.012154e-002	3.277025e-004	0.000000e+000	0.000000e+000	-1.714865e-004	1.027775e-002	1.361299e-004	1.537845e-006
1.000000e+001	7.439903e+000	6.825198e+000	2.540821e-002	1.000000e+000	1.028519e-002	2.552849e-004	0.000000e+000	0.000000e+000	-1.768507e-004	1.036363e-002	1.359214e-004	1.546566e-006
1.010000e+001	8.363688e+000	7.741875e+000	2.897307e-002	1.000000e+000	1.022181e-002	1.829665e-004	0.000000e+000	0.000000e+000	-1.788957e-004	1.022588e-002	1.324702e-004	1.517241e-006
1.020000e+001	9.244132e+000	8.625391e+000	3.243066e-002	1.000000e+000	9.960258e-003	1.153895e-004	0.000000e+000	0.000000e+000	-1.780120e-004	9.897636e-003	1.262893e-004	1.455220e-006
1.030000e+001	1.006642e+001	9.459167e+000	3.571259e-002	1.000000e+000	9.537397e-003	5.587263e-005	0.000000e+000	0.000000e+000	-1.747061e-004	9.418563e-003	1.179845e-004	1.367141e-006
1.040000e+001	1.082015e+001	1.023087e+001	3.876658e-002	1.000000e+000	8.993474e-003	6.390277e-006	0.000000e+000	0.000000e+000	-1.695340e-004	8.830330e-003	1.081857e-004	1.260126e-006
1.050000e+001	1.149913e+001	1.093240e+001	4.155680e-002	1.000000e+000	8.368344e-003	-3.227941e-005	0.000000e+000	0.000000e+000	-1.630476e-004	8.173017e-003	9.749340e-005	1.141116e-006
1.060000e+001	1.210090e+001	1.155952e+001	4.406285e-002	1.000000e+000	7.698683e-003	-6.030794e-005	0.000000e+000	0.000000e+000	-1.557554e-004	7.482620e-003	8.644161e-005	1.016402e-006
1.070000e+001	1.262612e+001	1.211135e+001	4.627791e-002	1.000000e+000	7.016238e-003	-7.853883e-005	0.000000e+000	0.000000e+000	-1.480993e-004	6.789600e-003	7.547721e-005	8.913429e-007
1.080000e+001	1.307791e+001	1.258976e+001	4.820637e-002	1.000000e+000	6.346953e-003	-8.823207e-005	0.000000e+000	0.000000e+000	-1.404423e-004	6.118279e-003	6.495217e-005	7.702339e-007
1.090000e+001	1.346118e+001	1.299866e+001	4.986136e-002	1.000000e+000	5.710756e-003	-9.086189e-005	0.000000e+000	0.000000e+000	-1.330661e-004	5.486828e-003	5.512473e-005	6.562988e-007
1.100000e+001	1.378200e+001	1.334344e+001	5.126228e-002	1.000000e+000	5.121758e-003	-8.797228e-005	0.000000e+000	0.000000e+000	-1.261742e-004	4.907611e-003	4.616589e-005	5.517477e-007
1.110000e+001	1.404713e+001	1.363039e+001	5.243261e-002	1.000000e+000	4.588750e-003	-8.106786e-005	0.000000e+000	0.000000e+000	-1.198976e-004	4.387784e-003	3.816921e-005	4.578782e-007
1.120000e+001	1.426350e+001	1.386619e+001	5.339790e-002	1.000000e+000	4.115946e-003	-7.151476e-005	0.000000e+000	0.000000e+000	-1.143054e-004	3.930125e-003	3.116341e-005	3.752102e-007
1.130000e+001	1.443787e+001	1.405755e+001	5.418415e-002	1.000000e+000	3.703947e-003	-6.045349e-005	0.000000e+000	0.000000e+000	-1.094170e-004	3.534076e-003	2.512795e-005	3.036534e-007
1.140000e+001	1.457665e+001	1.421093e+001	5.481664e-002	1.000000e+000	3.350794e-003	-4.875296e-005	0.000000e+000	0.000000e+000	-1.052179e-004	3.196823e-003	2.000942e-005	2.426936e-007
1.150000e+001	1.468573e+001	1.433233e+001	5.531912e-002	1.000000e+000	3.052906e-003	-3.702599e-005	0.000000e+000	0.000000e+000	-1.016719e-004	2.914208e-003	1.573565e-005	1.915621e-007
1.160000e+001	1.477042e+001	1.442725e+001	5.571340e-002	1.000000e+000	2.805753e-003	-2.569032e-005	0.000000e+000	0.000000e+000	-9.873039e-005	2.681333e-003	1.222526e-005	1.493590e-007
1.170000e+001	1.483544e+001	1.450058e+001	5.601910e-002	1.000000e+000	2.604281e-003	-1.503481e-005	0.000000e+000	0.000000e+000	-9.633759e-005	2.492909e-003	9.392864e-006	1.151249e-007
1.180000e+001	1.488491e+001	1.455668e+001	5.625359e-002	1.000000e+000	2.443167e-003	-5.260731e-006	0.000000e+000	0.000000e+000	-9.443296e-005	2.343473e-003	7.152021e-006	8.787969e-008
1.190000e+001	1.492236e+001	1.459926e+001	5.643198e-002	1.000000e+000	2.317042e-003	3.505294e-006	0.000000e+000	0.000000e+000	-9.295400e-005	2.227593e-003	5.417787e-006	6.665221e-008
1.200000e+001	1.495074e+001	1.463152e+001	5.656714e-002	1.000000e+000	2.220707e-003	1.121073e-005	0.000000e+000	0.000000e+000	-9.183915e-005	2.140079e-003	4.109572e-006	5.051153e-008
1.210000e+001	1.497251e+001	1.465611e+001	5.666988e-002	1.000000e+000	2.149331e-003	1.787144e-005	0.000000e+000	0.000000e+000	-9.103074e-005	2.076171e-003	3.153820e-006	3.859868e-008
1.220000e+001	1.498967e+001	1.467518e+001	5.674912e-002	1.000000e+000	2.098573e-003	2.355179e-005	0.000000e+000	0.000000e+000	-9.047691e-005	2.031648e-003	2.485629e-006	3.014900e-008
1.230000e+001	1.500381e+001	1.469053e+001	5.681210e-002	1.000000e+000	2.064603e-003	2.833042e-005	0.000000e+000	0.000000e+000	-9.013185e-005	2.002802e-003	2.048606e-006	2.449632e-008
1.240000e+001	1.501620e+001	1.470353e+001	5.686462e-002	1.000000e+000	2.043981e-003	3.226061e-005	0.000000e+000	0.000000e+000	-8.995399e-005	1.986287e-003	1.792771e-006	2.105505e-008
1.250000e+001	1.502777e+001	1.471528e+001	5.691120e-002	1.000000e+000	2.033465e-003	3.534348e-005	0.000000e+000	0.000000e+000	-8.990290e-005	1.978906e-003	1.671258e-006	1.928558e-008
1.260000e+001	1.503913e+001	1.472652e+001	5.695509e-002	1.000000e+000	2.029841e-003	3.753167e-005	0.000000e+000	0.000000e+000	-8.993656e-005	1.977436e-003	1.637508e-006	1.865948e-008
1.270000e+001	1.505056e+001	1.473770e+001	5.699835e-002	1.000000e+000	2.029873e-003	3.876678e-005	0.000000e+000	0.000000e+000	-9.001075e-005	1.978629e-003	1.644668e-006	1.864477e-008
1.280000e+001	1.506205e+001	1.474894e+001	5.704177e-002	1.000000e+000	2.030451e-003	3.903611e-005	0.000000e+000	0.000000e+000	-9.008149e-005	1.979405e-003	1.648019e-006	1.872402e-008
1.290000e+001	1.507329e+001	1.476008e+001	5.708504e-002	1.000000e+000	2.028886e-003	3.842292e-005	0.000000e+000	0.000000e+000	-9.011006e-005	1.977199e-003	1.609800e-006	1.844264e-008
1.300000e+001	1.508380e+001	1.477074e+001	5.712690e-002	1.000000e+000	2.023254e-003	3.712461e-005	0.000000e+000	0.000000e+000	-9.006867e-005	1.970310e-003	1.504509e-006	1.746929e-008
1.310000e+001	1.509305e+001	1.478042e+001	5.716552e-002	1.000000e+000	2.012631e-003	3.542756e-005	0.000000e+000	0.000000e+000	-8.994454e-005	1.958114e-003	1.322342e-006	1.564221e-008
1.320000e+001	1.510053e+001	1.478861e+001	5.719891e-002	1.000000e+000	1.997135e-003	3.365126e-005	0.000000e+000	0.000000e+000	-8.974059e-005	1.941046e-003	1.069299e-006	1.298126e-008
1.330000e+001	1.510587e+001	1.479488e+001	5.722531e-002	1.000000e+000	1.977779e-003	3.209032e-005	0.000000e+000	0.000000e+000	-8.947311e-005	1.920397e-003	7.642130e-007	9.662916e-009
1.340000e+001	1.510890e+001	1.479897e+001	5.724351e-002	1.000000e+000	1.956214e-003	3.097863e-005	0.000000e+000	0.000000e+000	-8.916774e-005	1.898025e-003	4.343316e-007	5.973343e-009
1.350000e+001	1.510967e+001	1.480082e+001	5.725304e-002	1.000000e+000	1.934462e-003	3.047868e-005	0.000000e+000	0.000000e+000	-8.885556e-005	1.876085e-003	1.110922e-007	2.259022e-009
1.360000e+001	1.510843e+001	1.480057e+001	5.725426e-002	1.000000e+000	1.914680e-003	3.067973e-005	0.000000e+000	0.000000e+000	-8.856956e-005	1.856791e-003	-1.734361e-007	-1.115510e-009
1.370000e+001	1.510567e+001	1.479861e+001	5.724839e-002	1.000000e+000	1.898916e-003	3.159163e-005	0.000000e+000	0.000000e+000	-8.834122e-005	1.842167e-003	-3.899700e-007	-3.806467e-009
1.380000e+001	1.510202e+001	1.479546e+001	5.723733e-002	1.000000e+000	1.888853e-003	3.313736e-005	0.000000e+000	0.000000e+000	-8.819672e-005	1.833794e-003	-5.156187e-007	-5.531301e-009
1.390000e+001	1.509822e+001	1.479181e+001	5.722359e-002	1.000000e+000	1.885579e-003	3.515733e-005	0.000000e+000	0.000000e+000	-8.815331e-005	1.832583e-003	-5.371429e-007	-6.107488e-009
1.400000e+001	1.509501e+001	1.478838e+001	5.720990e-002	1.000000e+000	1.889439e-003	3.743268e-005	0.000000e+000	0.000000e+000	-8.821701e-005	1.838655e-003	-4.528562e-007	-5.479061e-009
1.410000e+001	1.509306e+001	1.478586e+001	5.719901e-002	1.000000e+000	1.900019e-003	3.972421e-005	0.000000e+000	0.000000e+000	-8.838231e-005	1.851361e-003	-2.724375e-007	-3.721289e-009
1.420000e+001	1.509292e+001	1.478484e+001	5.719335e-002	1.000000e+000	1.916269e-003	4.181562e-005	0.000000e+000	0.000000e+000	-8.863404e-005	1.869451e-003	-1.463160e-008	-1.020892e-009
1.430000e+001	1.509496e+001	1.478578e+001	5.719480e-002	1.000000e+000	1.936722e-003	4.354748e-005	0.000000e+000	0.000000e+000	-8.895078e-005	1.891319e-003	2.964719e-007	2.362467e-009
1.440000e+001	1.509937e+001	1.478895e+001	5.720463e-002	1.000000e+000	1.959746e-003	4.483154e-005	0.000000e+000	0.000000e+000	-8.930875e-005	1.915269e-003	6.354366e-007	6.141598e-009
1.450000e+001	1.510619e+001	1.479446e+001	5.722342e-002	1.000000e+000	1.983752e-003	4.564309e-005	0.000000e+000	0.000000e+000	-8.968494e-005	1.939710e-003	9.785959e-007	1.004060e-008
1.460000e+001	1.511529e+001	1.480226e+001	5.725117e-002	1.000000e+000	2.007315e-003	4.599949e-005	0.000000e+000	0.000000e+000	-9.005881e-005	1.963256e-003	1.305673e-006	1.381804e-008
1.470000e+001	1.512645e+001	1.481219e+001	5.728736e-002	1.000000e+000	2.029219e-003	4.593606e-005	0.000000e+000	0.000000e+000	-9.041271e-005	1.984743e-003	1.600034e-006	1.727389e-008
1.480000e+001	1.513933e+001	1.482397e+001	5.733104e-002	1.000000e+000	2.048382e-003	4.546582e-005	0.000000e+000	0.000000e+000	-9.073082e-005	2.003117e-003	1.847479e-006	2.024132e-008
1.490000e+001	1.515350e+001	1.483723e+001	5.738086e-002	1.000000e+000	2.063375e-003	4.442226e-005	0.000000e+000	0.000000e+000	-9.099211e-005	2.016805e-003	2.029241e-006	2.253197e-008
1.500000e+001	1.516819e+001	1.485139e+001	5.743486e-002	1.000000e+000	2.070711e-003	4.203366e-005	0.000000e+000	0.000000e+000	-9.114429e-005	2.021600e-003	2.096542e-006	2.371611e-008
1.510000e+001	1.518173e+001	1.486527e+001	5.748928e-002	1.000000e+000	2.061263e-003	3.631749e-005	0.000000e+000	0.000000e+000	-9.104676e-005	2.006534e-003	1.915786e-006	2.259235e-008
1.520000e+001	1.519051e+001	1.487631e+001	5.753595e-002	1.000000e+000	2.015816e-003	2.380544e-005	0.000000e+000	0.000000e+000	-9.039670e-005	1.949225e-003	1.199556e-006	1.642254e-008
1.530000e+001	1.518759e+001	1.487933e+001	5.755796e-002	1.000000e+000	1.902640e-003	1.575893e-007	0.000000e+000	0.000000e+000	-8.868576e-005	1.814112e-003	-5.294645e-007	3.790425e-010
1.540000e+001	1.516164e+001	1.486537e+001	5.752490e-002	1.000000e+000	1.680061e-003	-3.831094e-005	0.000000e+000	0.000000e+000	-8.523783e-005	1.556512e-003	-3.893540e-006	-3.222107e-008
1.550000e+001	1.509684e+001	1.482107e+001	5.738979e-002	1.000000e+000	1.304730e-003	-9.283081e-005	0.000000e+000	0.000000e+000	-7.934112e-005	1.132558e-003	-9.524399e-006	-8.864625e-008
1.560000e+001	1.497409e+001	1.472927e+001	5.709002e-002	1.000000e+000	7.432951e-004	-1.609878e-004	0.000000e+000	0.000000e+000	-7.043674e-005	5.118705e-004	-1.787803e-005	-1.747587e-007
1.570000e+001	1.477342e+001	1.457079e+001	5.655296e-002	1.000000e+000	-1.660278e-005	-2.367135e-004	0.000000e+000	0.000000e+000	-5.829601e-005	-3.116123e-004	-2.906807e-005	-2.930147e-007
1.580000e+001	1.447701e+001	1.432712e+001	5.570560e-002	1.000000e+000	-9.598062e-004	-3.114549e-004	0.000000e+000	0.000000e+000	-4.312470e-005	-1.314386e-003	-4.277778e-005	-4.411883e-007
1.590000e+001	1.407221e+001	1.398336e+001	5.448574e-002	1.000000e+000	-2.043532e-003	-3.760432e-004	0.000000e+000	0.000000e+000	-2.556353e-005	-2.445138e-003	-5.827713e-005	-6.122331e-007
1.600000e+001	1.355361e+001	1.353070e+001	5.285233e-002	1.000000e+000	-3.203331e-003	-4.226068e-004	0.000000e+000	0.000000e+000	-6.592547e-006	-3.632531e-003	-7.453330e-005	-7.952647e-007
1.610000e+001	1.292405e+001	1.296794e+001	5.079238e-002	1.000000e+000	-4.363071e-003	-4.459851e-004	0.000000e+000	0.000000e+000	1.262610e-005	-4.796430e-003	-9.037698e-005	-9.773065e-007
1.620000e+001	1.219433e+001	1.230181e+001	4.832353e-002	1.000000e+000	-5.446175e-003	-4.443717e-004	0.000000e+000	0.000000e+000	3.092252e-005	-5.859624e-003	-1.046787e-004	-1.145291e-006
1.630000e+001	1.138187e+001	1.154617e+001	4.549210e-002	1.000000e+000	-6.385639e-003	-4.191924e-004	0.000000e+000	0.000000e+000	4.727172e-005	-6.757560e-003	-1.164966e-004	-1.287850e-006
1.640000e+001	1.050871e+001	1.072039e+001	4.236757e-002	1.000000e+000	-7.131155e-003	-3.744167e-004	0.000000e+000	0.000000e+000	6.089986e-005	-7.444672e-003	-1.251730e-004	-1.396578e-006
1.650000e+001	9.599253e+000	9.847204e+000	3.903483e-002	1.000000e+000	-7.652691e-003	-3.155789e-004	0.000000e+000	0.000000e+000	7.133548e-005	-7.896934e-003	-1.303728e-004	-1.466651e-006
1.660000e+001	8.678026e+000	8.950567e+000	3.558574e-002	1.000000e+000	-7.940718e-003	-2.487693e-004	0.000000e+000	0.000000e+000	7.841023e-005	-8.111077e-003	-1.320713e-004	-1.496840e-006
1.670000e+001	7.767887e+000	8.053676e+000	3.211126e-002	1.000000e+000	-8.003831e-003	-1.797805e-004	0.000000e+000	0.000000e+000	8.222145e-005	-8.101390e-003	-1.305049e-004	-1.489055e-006
1.680000e+001	6.888675e+000	7.177420e+000	2.869498e-002	1.000000e+000	-7.864751e-003	-1.135089e-004	0.000000e+000	0.000000e+000	8.307193e-005	-7.895188e-003	-1.261015e-004	-1.447606e-006
1.690000e+001	6.056392e+000	6.339330e+000	2.540846e-002	1.000000e+000	-7.555653e-003	-5.363023e-005	0.000000e+000	0.000000e+000	8.140117e-005	-7.527882e-003	-1.194059e-004	-1.378364e-006
1.700000e+001	5.282886e+000	5.553026e+000	2.230867e-002	1.000000e+000	-7.113601e-003	-2.515206e-006	0.000000e+000	0.000000e+000	7.771923e-005	-7.038397e-003	-1.110097e-004	-1.287943e-006
1.710000e+001	4.575928e+000	4.828102e+000	1.943699e-002	1.000000e+000	-6.576605e-003	3.867535e-005	0.000000e+000	0.000000e+000	7.255062e-005	-6.465379e-003	-1.014949e-004	-1.183018e-006
1.720000e+001	3.939569e+000	4.170336e+000	1.681977e-002	1.000000e+000	-5.980585e-003	6.978508e-005	0.000000e+000	0.000000e+000	6.639159e-005	-5.844408e-003	-9.139244e-005	-1.069799e-006
1.730000e+001	3.374695e+000	3.582139e+000	1.446981e-002	1.000000e+000	-5.357308e-003	9.140575e-005	0.000000e+000	0.000000e+000	5.968175e-005	-5.206221e-003	-8.115627e-005	-9.536956e-007
1.740000e+001	2.879641e+000	3.063126e+000	1.238848e-002	1.000000e+000	-4.733255e-003	1.046159e-004	0.000000e+000	0.000000e+000	5.278868e-005	-4.575850e-003	-7.115167e-005	-8.391385e-007
1.750000e+001	2.450828e+000	2.610729e+000	1.056801e-002	1.000000e+000	-4.129245e-003	1.107471e-004	0.000000e+000	0.000000e+000	4.600331e-005	-3.972495e-003	-6.165420e-005	-7.295353e-007
1.760000e+001	2.083343e+000	2.220789e+000	8.993912e-003	1.000000e+000	-3.560637e-003	1.112007e-004	0.000000e+000	0.000000e+000	3.954312e-005	-3.409894e-003	-5.285636e-005	-6.273262e-007
1.770000e+001	1.771441e+000	1.888090e+000	7.647004e-003	1.000000e+000	-3.037868e-003	1.073225e-004	0.000000e+000	0.000000e+000	3.355974e-005	-2.896986e-003	-4.487850e-005	-5.340961e-007
1.780000e+001	1.508962e+000	1.606802e+000	6.505303e-003	1.000000e+000	-2.567167e-003	1.003283e-004	0.000000e+000	0.000000e+000	2.814874e-005	-2.438690e-003	-3.778125e-005	-4.507122e-007
1.790000e+001	1.289659e+000	1.370854e+000	5.545504e-003	1.000000e+000	-2.151322e-003	9.126651e-005	0.000000e+000	0.000000e+000	2.335979e-005	-2.036696e-003	-3.157785e-005	-3.774656e-007
1.800000e+001	1.107452e+000	1.174211e+000	4.744166e-003	1.000000e+000	-1.790423e-003	8.100904e-005	0.000000e+000	0.000000e+000	1.920640e-005	-1.690207e-003	-2.624565e-005	-3.142042e-007
1.810000e+001	9.566048e-001	1.011086e+000	4.078600e-003	1.000000e+000	-1.482503e-003	7.026358e-005	0.000000e+000	0.000000e+000	1.567432e-005	-1.396565e-003	-2.173570e-005	-2.604489e-007
1.820000e+001	8.318549e-001	8.760964e-001	3.527518e-003	1.000000e+000	-1.224083e-003	5.959558e-005	0.000000e+000	0.000000e+000	1.272828e-005	-1.151759e-003	-1.798045e-005	-2.154866e-007
1.830000e+001	7.284996e-001	7.643622e-001	3.071488e-003	1.000000e+000	-1.010619e-003	4.944469e-005	0.000000e+000	0.000000e+000	1.031768e-005	-9.508568e-004	-1.490004e-005	-1.784448e-007
1.840000e+001	6.424413e-001	6.715752e-001	2.693221e-003	1.000000e+000	-8.369098e-004	4.013107e-005	0.000000e+000	0.000000e+000	8.381827e-006	-7.883969e-004	-1.240796e-005	-1.483583e-007
1.850000e+001	5.701970e-001	5.940242e-001	2.377722e-003	1.000000e+000	-6.974758e-004	3.185988e-005	0.000000e+000	0.000000e+000	6.855085e-006	-6.587609e-004	-1.041632e-005	-1.242299e-007
1.860000e+001	5.088763e-001	5.285890e-001	2.112292e-003	1.000000e+000	-5.868803e-004	2.473436e-005	0.000000e+000	0.000000e+000	5.671359e-006	-5.564746e-004	-8.840328e-006	-1.050842e-007
1.870000e+001	4.561377e-001	4.727081e-001	1.886437e-003	1.000000e+000	-4.999586e-004	1.877890e-005	0.000000e+000	0.000000e+000	4.767313e-006	-4.764124e-004	-7.601282e-006	-9.000712e-008
1.880000e+001	4.101344e-001	4.243306e-001	1.691688e-003	1.000000e+000	-4.319583e-004	1.396316e-005	0.000000e+000	0.000000e+000	4.084245e-006	-4.139109e-004	-6.628194e-006	-7.816747e-008
1.890000e+001	3.694552e-001	3.818613e-001	1.521400e-003	1.000000e+000	-3.786246e-004	1.021642e-005	0.000000e+000	0.000000e+000	3.569240e-006	-3.648390e-004	-5.858582e-006	-6.882855e-008
1.900000e+001	3.330595e-001	3.440997e-001	1.370524e-003	1.000000e+000	-3.362750e-004	7.431270e-006	0.000000e+000	0.000000e+000	3.176278e-006	-3.256674e-004	-5.239233e-006	-6.135635e-008
1.910000e+001	3.002073e-001	3.101742e-001	1.235351e-003	1.000000e+000	-3.018704e-004	5.465101e-006	0.000000e+000	0.000000e+000	2.867473e-006	-2.935379e-004	-4.727038e-006	-5.522904e-008
1.920000e+001	2.703852e-001	2.794710e-001	1.113249e-003	1.000000e+000	-2.730607e-004	4.148651e-006	0.000000e+000	0.000000e+000	2.613995e-006	-2.662981e-004	-4.289486e-006	-5.004412e-008
1.930000e+001	2.432345e-001	2.515628e-001	1.002381e-003	1.000000e+000	-2.481709e-004	3.304082e-006	0.000000e+000	0.000000e+000	2.396073e-006	-2.424708e-004	-3.904246e-006	-4.551677e-008
1.940000e+001	2.184904e-001	2.261438e-001	9.014484e-004	1.000000e+000	-2.261178e-004	2.767350e-006	0.000000e+000	0.000000e+000	2.201879e-006	-2.211486e-004	-3.557658e-006	-4.146607e-008
1.950000e+001	1.959378e-001	2.029783e-001	8.094744e-004	1.000000e+000	-2.062717e-004	2.406924e-006	0.000000e+000	0.000000e+000	2.025530e-006	-2.018392e-004	-3.242424e-006	-3.779097e-008
1.960000e+001	1.753840e-001	1.818656e-001	7.256512e-004	1.000000e+000	-1.882980e-004	2.133158e-006	0.000000e+000	0.000000e+000	1.864767e-006	-1.843001e-004	-2.955085e-006	-3.444181e-008
1.970000e+001	1.566476e-001	1.626222e-001	6.492530e-004	1.000000e+000	-1.720140e-004	1.897174e-006	0.000000e+000	0.000000e+000	1.718903e-006	-1.683980e-004	-2.693850e-006	-3.139426e-008
1.980000e+001	1.395581e-001	1.450755e-001	5.795999e-004	1.000000e+000	-1.572840e-004	1.681921e-006	0.000000e+000	0.000000e+000	1.587365e-006	-1.540147e-004	-2.457115e-006	-2.863024e-008
1.990000e+001	1.239593e-001	1.290652e-001	5.160583e-004	1.000000e+000	-1.439603e-004	1.489802e-006	0.000000e+000	0.000000e+000	1.468976e-006	-1.410015e-004	-2.242739e-006	-2.612733e-008
2.000000e+001	1.097146e-001	1.144481e-001	4.580547e-004	1.000000e+000	-1.318651e-004	1.330905e-006	0.000000e+000	0.000000e+000	1.361815e-006	-1.291723e-004	-2.047944e-006	-2.385589e-008
2.010000e+001	9.670965e-002	1.011013e-001	4.050914e-004	1.000000e+000	-1.207993e-004	1.214341e-006	0.000000e+000	0.000000e+000	1.263476e-006	-1.183214e-004	-1.869586e-006	-2.178107e-008
2.020000e+001	8.485156e-002	8.892341e-002	3.567534e-004	1.000000e+000	-1.105640e-004	1.143556e-006	0.000000e+000	0.000000e+000	1.171470e-006	-1.082489e-004	-1.704570e-006	-1.986728e-008
2.030000e+001	7.406646e-002	7.783293e-002	3.127047e-004	1.000000e+000	-1.009831e-004	1.115146e-006	0.000000e+000	0.000000e+000	1.083612e-006	-9.878433e-005	-1.550222e-006	-1.808262e-008
2.040000e+001	6.429452e-002	6.776439e-002	2.726762e-004	1.000000e+000	-9.191968e-005	1.120067e-006	0.000000e+000	0.000000e+000	9.982810e-007	-8.980133e-005	-1.404527e-006	-1.640203e-008
2.050000e+001	5.548475e-002	5.866353e-002	2.364472e-004	1.000000e+000	-8.328338e-005	1.146024e-006	0.000000e+000	0.000000e+000	9.145350e-007	-8.122282e-005	-1.266219e-006	-1.480880e-008
2.060000e+001	4.759011e-002	5.048231e-002	2.038261e-004	1.000000e+000	-7.502914e-005	1.180025e-006	0.000000e+000	0.000000e+000	8.320844e-007	-7.301703e-005	-1.134721e-006	-1.329427e-008
2.070000e+001	4.056371e-002	4.317467e-002	1.746338e-004	1.000000e+000	-6.714973e-005	1.210458e-006	0.000000e+000	0.000000e+000	7.511739e-007	-6.518810e-005	-1.010000e-006	-1.185650e-008
2.080000e+001	3.435622e-002	3.669343e-002	1.486892e-004	1.000000e+000	-5.966472e-005	1.228420e-006	0.000000e+000	0.000000e+000	6.724153e-007	-5.776389e-005	-8.923854e-007	-1.049822e-008
2.090000e+001	2.891473e-002	3.098846e-002	1.258021e-004	1.000000e+000	-5.260871e-005	1.228277e-006	0.000000e+000	0.000000e+000	5.966124e-007	-5.078382e-005	-7.823810e-007	-9.224734e-009
2.100000e+001	2.418264e-002	2.600609e-002	1.057685e-004	1.000000e+000	-4.602063e-005	1.207588e-006	0.000000e+000	0.000000e+000	5.246063e-007	-4.428844e-005	-6.805055e-007	-8.041969e-009
2.110000e+001	2.010038e-002	2.168938e-002	8.837151e-005	1.000000e+000	-3.993538e-005	1.166624e-006	0.000000e+000	0.000000e+000	4.571560e-007	-3.831160e-005	-5.871768e-007	-6.955054e-009
2.120000e+001	1.660664e-002	1.797911e-002	7.338420e-005	1.000000e+000	-3.437817e-005	1.107667e-006	0.000000e+000	0.000000e+000	3.948609e-007	-3.287564e-005	-5.026391e-007	-5.967342e-009
2.130000e+001	1.363985e-002	1.481510e-002	6.057444e-005	1.000000e+000	-2.936147e-005	1.034268e-006	0.000000e+000	0.000000e+000	3.381205e-007	-2.798908e-005	-4.269309e-007	-5.079924e-009
2.140000e+001	1.113960e-002	1.213760e-002	4.971031e-005	1.000000e+000	-2.488421e-005	9.505711e-007	0.000000e+000	0.000000e+000	2.871260e-007	-2.364651e-005	-3.598854e-007	-4.291540e-009
2.150000e+001	9.047929e-003	9.888647e-003	4.056538e-005	1.000000e+000	-2.093262e-005	8.607758e-007	0.000000e+000	0.000000e+000	2.418748e-007	-1.982997e-005	-3.011524e-007	-3.598767e-009
2.160000e+001	7.310377e-003	8.013188e-003	3.292335e-005	1.000000e+000	-1.748210e-005	7.687483e-007	0.000000e+000	0.000000e+000	2.021989e-007	-1.651115e-005	-2.502337e-007	-2.996385e-009
2.170000e+001	5.876707e-003	6.459958e-003	2.658168e-005	1.000000e+000	-1.449972e-005	6.777831e-007	0.000000e+000	0.000000e+000	1.678011e-007	-1.365414e-005	-2.065249e-007	-2.477834e-009
2.180000e+001	4.701377e-003	5.182057e-003	2.135418e-005	1.000000e+000	-1.194682e-005	5.904896e-007	0.000000e+000	0.000000e+000	1.382918e-007	-1.121804e-005	-1.693551e-007	-2.035678e-009
2.190000e+001	3.743732e-003	4.137282e-003	1.707252e-005	1.000000e+000	-9.781448e-006	5.087741e-007	0.000000e+000	0.000000e+000	1.132242e-007	-9.159449e-006	-1.380246e-007	-1.662038e-009
2.200000e+001	2.967998e-003	3.288208e-003	1.358681e-005	1.000000e+000	-7.960545e-006	4.338882e-007	0.000000e+000	0.000000e+000	9.212429e-008	-7.434533e-006	-1.118349e-007	-1.348958e-009
2.210000e+001	2.343093e-003	2.602097e-003	1.076545e-005	1.000000e+000	-6.441686e-006	3.665150e-007	0.000000e+000	0.000000e+000	7.451551e-008	-6.000655e-006	-9.011325e-008	-1.088706e-009
2.220000e+001	1.842330e-003	2.050662e-003	8.494319e-006	1.000000e+000	-5.184390e-006	3.068750e-007	0.000000e+000	0.000000e+000	5.993712e-008	-4.817578e-006	-7.222934e-008	-8.739804e-010
2.230000e+001	1.443043e-003	1.609735e-003	6.675609e-006	1.000000e+000	-4.151041e-006	2.548340e-007	0.000000e+000	0.000000e+000	4.795724e-008	-3.848250e-006	-5.760638e-008	-6.980573e-010
2.240000e+001	1.126171e-003	1.258882e-003	5.226371e-006	1.000000e+000	-3.307444e-006	2.100036e-007	0.000000e+000	0.000000e+000	3.818097e-008	-3.059259e-006	-4.572697e-008	-5.548725e-010
2.250000e+001	8.758247e-004	9.809852e-004	4.076942e-006	1.000000e+000	-2.623091e-006	1.718290e-007	0.000000e+000	0.000000e+000	3.025468e-008	-2.421008e-006	-3.613489e-008	-4.390532e-010
2.260000e+001	6.788756e-004	7.618344e-004	3.169335e-006	1.000000e+000	-2.071210e-006	1.396605e-007	0.000000e+000	0.000000e+000	2.386727e-008	-1.907682e-006	-2.843382e-008	-3.459126e-010
2.270000e+001	5.245558e-004	5.897250e-004	2.455684e-006	1.000000e+000	-1.628633e-006	1.128104e-007	0.000000e+000	0.000000e+000	1.874918e-008	-1.497073e-006	-2.228408e-008	-2.714180e-010
2.280000e+001	4.040983e-004	4.550889e-004	1.896772e-006	1.000000e+000	-1.275570e-006	9.059368e-008	0.000000e+000	0.000000e+000	1.467001e-008	-1.170306e-006	-1.739787e-008	-2.121421e-010
2.290000e+001	3.104116e-004	3.501582e-004	1.460699e-006	1.000000e+000	-9.953034e-007	7.235696e-008	0.000000e+000	0.000000e+000	1.143509e-008	-9.115113e-007	-1.353397e-008	-1.652032e-010
2.300000e+001	2.377953e-004	2.686668e-004	1.121684e-006	1.000000e+000	-7.738565e-007	5.749689e-008	0.000000e+000	0.000000e+000	8.881725e-009	-7.074779e-007	-1.049213e-008	-1.282022e-010
2.310000e+001	1.816933e-004	2.055903e-004	8.590186e-007	1.000000e+000	-5.996499e-007	4.547014e-008	0.000000e+000	0.000000e+000	6.875194e-009	-5.473045e-007	-8.107513e-009	-9.915994e-011
2.320000e+001	1.384833e-004	1.569224e-004	6.561640e-007	1.000000e+000	-4.631713e-007	3.579743e-008	0.000000e+000	0.000000e+000	5.304927e-009	-4.220689e-007	-6.245525e-009	-7.645635e-011
2.330000e+001	1.053002e-004	1.194847e-004	4.999795e-007	1.000000e+000	-3.566663e-007	2.806321e-008	0.000000e+000	0.000000e+000	4.080871e-009	-3.245222e-007	-4.797064e-009	-5.877552e-011
2.340000e+001	7.988805e-005	9.076815e-005	3.800772e-007	1.000000e+000	-2.738576e-007	2.191241e-008	0.000000e+000	0.000000e+000	3.130205e-009	-2.488150e-007	-3.674269e-009	-4.505571e-011
2.350000e+001	6.047836e-005	6.880103e-005	2.882823e-007	1.000000e+000	-2.096970e-007	1.704550e-008	0.000000e+000	0.000000e+000	2.394434e-009	-1.902571e-007	-2.806826e-009	-3.444568e-011
2.360000e+001	4.569055e-005	5.204039e-005	2.181904e-007	1.000000e+000	-1.601484e-007	1.321261e-008	0.000000e+000	0.000000e+000	1.826849e-009	-1.451089e-007	-2.138777e-009	-2.626691e-011
2.370000e+001	3.445097e-005	3.928366e-005	1.648036e-007	1.000000e+000	-1.220032e-007	1.020734e-008	0.000000e+000	0.000000e+000	1.390364e-009	-1.104055e-007	-1.625828e-009	-1.998142e-011
2.380000e+001	2.592766e-005	2.959704e-005	1.242371e-007	1.000000e+000	-9.272360e-008	7.860708e-009	0.000000e+000	0.000000e+000	1.055681e-009	-8.380721e-008	-1.233084e-009	-1.516486e-011
2.390000e+001	1.947818e-005	2.225806e-005	9.348194e-008	1.000000e+000	-7.031186e-008	6.035451e-009	0.000000e+000	0.000000e+000	7.997702e-010	-6.347664e-008	-9.331832e-010	-1.148399e-011
2.400000e+001	1.460800e-005	1.670952e-005	7.021524e-008	1.000000e+000	-5.320256e-008	4.620895e-009	0.000000e+000	0.000000e+000	6.046063e-010	-4.797705e-008	-7.047616e-010	-8.678308e-012
2.410000e+001	1.093763e-005	1.252311e-005	5.264978e-008	1.000000e+000	-4.017406e-008	3.528381e-009	0.000000e+000	0.000000e+000	4.561409e-010	-3.618954e-008	-5.312031e-010	-6.544977e-012
2.420000e+001	8.176676e-006	9.370515e-006	3.941446e-008	1.000000e+000	-3.027677e-008	2.687312e-009	0.000000e+000	0.000000e+000	3.434675e-010	-2.724599e-008	-3.996333e-010	-4.926656e-012
2.430000e+001	6.103520e-006	7.000808e-006	2.946043e-008	1.000000e+000	-2.277523e-008	2.041787e-009	0.000000e+000	0.000000e+000	2.581498e-010	-2.047529e-008	-3.001117e-010	-3.701738e-012
2.440000e+001	4.549481e-006	5.222697e-006	2.198752e-008	1.000000e+000	-1.710182e-008	1.547766e-009	0.000000e+000	0.000000e+000	1.936841e-010	-1.536037e-008	-2.249883e-010	-2.776542e-012
2.450000e+001	3.386474e-006	3.890726e-006	1.638681e-008	1.000000e+000	-1.281985e-008	1.170718e-009	0.000000e+000	0.000000e+000	1.450733e-010	-1.150406e-008	-1.683937e-010	-2.079132e-012
2.460000e+001	2.517462e-006	2.894552e-006	1.219607e-008	1.000000e+000	-9.594394e-009	8.836856e-010	0.000000e+000	0.000000e+000	1.084887e-010	-8.602220e-009	-1.258382e-010	-1.554431e-012
2.470000e+001	1.869095e-006	2.150659e-006	9.065203e-009	1.000000e+000	-7.169309e-009	6.657103e-010	0.000000e+000	0.000000e+000	8.100595e-011	-6.422593e-009	-9.389662e-011	-1.160386e-012
2.480000e+001	1.386039e-006	1.595968e-006	6.729627e-009	1.000000e+000	-5.349236e-009	5.005596e-010	0.000000e+000	0.000000e+000	6.039672e-011	-4.788279e-009	-6.996267e-011	-8.649763e-013
2.490000e+001	1.026637e-006	1.182938e-006	4.989796e-009	1.000000e+000	-3.985554e-009	3.757057e-010	0.000000e+000	0.000000e+000	4.496783e-011	-3.564880e-009	-5.205813e-011	-6.438784e-013
2.500000e+001	7.595840e-007	8.758008e-007	3.695507e-009	1.000000e+000	-2.965478e-009	2.815124e-010	0.000000e+000	0.000000e+000	3.343557e-011	-2.650530e-009	-3.868495e-011	-4.786601e-013
2.510000e+001	5.613994e-007	6.477010e-007	2.733917e-009	1.000000e+000	-2.203610e-009	2.105907e-010	0.000000e+000	0.000000e+000	2.482898e-011	-1.968190e-009	-2.871117e-011	-3.553848e-013
2.520000e+001	4.144991e-007	4.785074e-007	2.020392e-009	1.000000e+000	-1.635433e-009	1.572914e-010	0.000000e+000	0.000000e+000	1.841518e-011	-1.459726e-009	-2.128325e-011	-2.635372e-013
2.530000e+001	3.057374e-007	3.531553e-007	1.491570e-009	1.000000e+000	-1.212303e-009	1.173073e-010	0.000000e+000	0.000000e+000	1.364213e-011	-1.081354e-009	-1.575886e-011	-1.951994e-013
2.540000e+001	2.253012e-007	2.603892e-007	1.100086e-009	1.000000e+000	-8.976181e-010	8.736319e-011	0.000000e+000	0.000000e+000	1.009482e-011	-8.001601e-010	-1.165553e-011	-1.444207e-013
2.550000e+001	1.658763e-007	1.918124e-007	8.105905e-010	1.000000e+000	-6.638873e-010	6.497437e-011	0.000000e+000	0.000000e+000	7.461839e-012	-5.914511e-010	-8.611517e-012	-1.067369e-013
2.560000e+001	1.220186e-007	1.411702e-007	5.967383e-010	1.000000e+000	-4.904998e-010	4.826046e-011	0.000000e+000	0.000000e+000	5.509889e-012	-4.367294e-010	-6.356028e-012	-7.880486e-014
2.570000e+001	8.968171e-008	1.038093e-007	4.389238e-010	1.000000e+000	-3.620290e-010	3.580148e-011	0.000000e+000	0.000000e+000	4.064505e-012	-3.221630e-010	-4.686712e-012	-5.812493e-014
2.580000e+001	6.586142e-008	7.627303e-008	3.225756e-010	1.000000e+000	-2.669473e-010	2.652733e-011	0.000000e+000	0.000000e+000	2.995420e-012	-2.374245e-010	-3.452581e-012	-4.283118e-014
2.590000e+001	4.833048e-008	5.599649e-008	2.368781e-010	1.000000e+000	-1.966536e-010	1.963319e-011	0.000000e+000	0.000000e+000	2.205512e-012	-1.748149e-010	-2.541140e-012	-3.153276e-014
2.600000e+001	3.543941e-008	4.107888e-008	1.738130e-010	1.000000e+000	-1.447400e-010	1.451488e-011	0.000000e+000	0.000000e+000	1.622477e-012	-1.286027e-010	-1.868692e-012	-2.319444e-014
2.610000e+001	2.596805e-008	3.011319e-008	1.274432e-010	1.000000e+000	-1.064389e-010	1.071967e-011	0.000000e+000	0.000000e+000	1.192558e-012	-9.452672e-011	-1.373049e-012	-1.704670e-014
2.620000e+001	1.901477e-008	2.205907e-008	9.337690e-011	1.000000e+000	-7.820818e-011	7.908835e-012	0.000000e+000	0.000000e+000	8.758450e-013	-6.942350e-011	-1.008061e-012	-1.251830e-014
2.630000e+001	1.391402e-008	1.614809e-008	6.836950e-011	1.000000e+000	-5.741922e-011	5.829414e-012	0.000000e+000	0.000000e+000	6.427392e-013	-5.094707e-011	-7.395262e-013	-9.185705e-015
2.640000e+001	1.017501e-008	1.181324e-008	5.002608e-011	1.000000e+000	-4.212394e-011	4.292747e-012	0.000000e+000	0.000000e+000	4.713192e-013	-3.735987e-011	-5.421244e-013	-6.735261e-015
2.650000e+001	7.436143e-009	8.636584e-009	3.658071e-011	1.000000e+000	-3.088017e-011	3.158344e-012	0.000000e+000	0.000000e+000	3.453668e-013	-2.737646e-011	-3.971320e-013	-4.934957e-015
2.660000e+001	5.431261e-009	6.310290e-009	2.673248e-011	1.000000e+000	-2.262150e-011	2.321735e-012	0.000000e+000	0.000000e+000	2.528966e-013	-2.004687e-011	-2.907186e-013	-3.613357e-015
2.670000e+001	3.964634e-009	4.607874e-009	1.952395e-011	1.000000e+000	-1.656020e-011	1.705334e-012	0.000000e+000	0.000000e+000	1.850604e-013	-1.466981e-011	-2.126786e-013	-2.643919e-015
2.680000e+001	2.892435e-009	3.362830e-009	1.425103e-011	1.000000e+000	-1.211499e-011	1.251593e-012	0.000000e+000	0.000000e+000	1.353327e-013	-1.072807e-011	-1.554885e-013	-1.933328e-015
2.690000e+001	2.109070e-009	2.452850e-009	1.039643e-011	1.000000e+000	-8.857363e-012	9.178830e-013	0.000000e+000	0.000000e+000	9.890564e-014	-7.840574e-012	-1.136073e-013	-1.412842e-015
2.700000e+001	1.537068e-009	1.788163e-009	7.580351e-012	1.000000e+000	-6.471715e-012	6.726579e-013	0.000000e+000	0.000000e+000	7.224007e-014	-5.726817e-012	-8.295776e-014	-1.031863e-015
2.710000e+001	1.119638e-009	1.302930e-009	5.524210e-012	1.000000e+000	-4.725825e-012	4.926017e-013	0.000000e+000	0.000000e+000	5.273312e-014	-4.180490e-012	-6.054247e-014	-7.531814e-016
2.720000e+001	8.151774e-010	9.489004e-010	4.023781e-012	1.000000e+000	-3.448960e-012	3.604985e-013	0.000000e+000	0.000000e+000	3.847210e-014	-3.049989e-012	-4.415950e-014	-5.494594e-016
2.730000e+001	5.932310e-010	6.907376e-010	2.929471e-012	1.000000e+000	-2.515706e-012	2.636502e-013	0.000000e+000	0.000000e+000	2.805266e-014	-2.224003e-012	-3.219271e-014	-4.006254e-016
2.740000e+001	4.315186e-010	5.025804e-010	2.131778e-012	1.000000e+000	-1.834007e-012	1.926992e-013	0.000000e+000	0.000000e+000	2.044448e-014	-1.620863e-012	-2.345678e-014	-2.919553e-016
2.750000e+001	3.137515e-010	3.655145e-010	1.550598e-012	1.000000e+000	-1.336348e-012	1.407566e-013	0.000000e+000	0.000000e+000	1.489223e-014	-1.180699e-012	-1.708301e-014	-2.126557e-016
2.760000e+001	2.280284e-010	2.657155e-010	1.127374e-012	1.000000e+000	-9.732471e-013	1.027553e-013	0.000000e+000	0.000000e+000	1.084259e-014	-8.596492e-013	-1.243520e-014	-1.548203e-016
2.770000e+001	1.656590e-010	1.930850e-010	8.193207e-013	1.000000e+000	-7.084664e-013	7.497138e-014	0.000000e+000	0.000000e+000	7.890464e-015	-6.256046e-013	-9.047749e-015	-1.126617e-016
2.780000e+001	1.203011e-010	1.402508e-010	5.952008e-013	1.000000e+000	-5.154837e-013	5.467025e-014	0.000000e+000	0.000000e+000	5.739519e-015	-4.550740e-013	-6.580135e-015	-8.194618e-017
2.790000e+001	8.732908e-011	1.018341e-010	4.322175e-013	1.000000e+000	-3.749013e-013	3.984549e-014	0.000000e+000	0.000000e+000	4.173098e-015	-3.308828e-013	-4.783457e-015	-5.957886e-017
2.800000e+001	6.337060e-011	7.391248e-011	3.137445e-013	1.000000e+000	-2.725410e-013	2.902605e-014	0.000000e+000	0.000000e+000	3.032900e-015	-2.404820e-013	-3.475906e-015	-4.329850e-017
2.810000e+001	4.596863e-011	5.362707e-011	2.276618e-013	1.000000e+000	-1.980458e-013	2.113415e-014	0.000000e+000	0.000000e+000	2.203333e-015	-1.747083e-013	-2.524755e-015	-3.145407e-017
2.820000e+001	3.333383e-011	3.889532e-011	1.651390e-013	1.000000e+000	-1.438549e-013	1.538073e-014	0.000000e+000	0.000000e+000	1.600039e-015	-1.268741e-013	-1.833164e-015	-2.284073e-017
2.830000e+001	2.416371e-011	2.820086e-011	1.197455e-013	1.000000e+000	-1.044514e-013	1.118850e-014	0.000000e+000	0.000000e+000	1.161489e-015	-9.210143e-014	-1.330515e-015	-1.657974e-017
2.840000e+001	1.751060e-011	2.044014e-011	8.680090e-014	1.000000e+000	-7.581242e-014	8.135337e-015	0.000000e+000	0.000000e+000	8.428284e-016	-6.683425e-014	-9.653393e-016	-1.203056e-017
2.850000e+001	1.268535e-011	1.481039e-011	6.289973e-014	1.000000e+000	-5.500574e-014	5.912823e-015	0.000000e+000	0.000000e+000	6.113753e-016	-4.848154e-014	-7.001434e-016	-8.726476e-018
2.860000e+001	9.186955e-012	1.072790e-011	4.556564e-014	1.000000e+000	-3.989536e-014	4.295719e-015	0.000000e+000	0.000000e+000	4.433291e-016	-3.515631e-014	-5.076282e-016	-6.327649e-018
2.870000e+001	6.651398e-012	7.768413e-012	3.299853e-014	1.000000e+000	-2.892600e-014	3.119641e-015	0.000000e+000	0.000000e+000	3.213654e-016	-2.548500e-014	-3.679264e-016	-4.586706e-018
2.880000e+001	4.814268e-012	5.623720e-012	2.389043e-014	1.000000e+000	-2.096577e-014	2.264678e-015	0.000000e+000	0.000000e+000	2.328794e-016	-1.846821e-014	-2.665859e-016	-3.323680e-018
2.890000e+001	3.483593e-012	4.069983e-012	1.729139e-014	1.000000e+000	-1.519127e-014	1.643415e-015	0.000000e+000	0.000000e+000	1.687045e-016	-1.337915e-014	-1.930985e-016	-2.407695e-018
2.900000e+001	2.520044e-012	2.944713e-012	1.251169e-014	1.000000e+000	-1.100380e-014	1.192153e-015	0.000000e+000	0.000000e+000	1.221772e-016	-9.689472e-015	-1.398267e-016	-1.743621e-018
2.910000e+001	1.822535e-012	2.129993e-012	9.050782e-015	1.000000e+000	-7.968213e-015	8.645014e-016	0.000000e+000	0.000000e+000	8.845566e-017	-7.015256e-015	-1.012220e-016	-1.262337e-018
2.920000e+001	1.317753e-012	1.540288e-012	6.545510e-015	1.000000e+000	-5.768364e-015	6.266908e-016	0.000000e+000	0.000000e+000	6.402316e-017	-5.077650e-015	-7.325506e-017	-9.136391e-019
2.930000e+001	9.525465e-013	1.113570e-012	4.732512e-015	1.000000e+000	-4.174667e-015	4.541502e-016	0.000000e+000	0.000000e+000	4.632638e-017	-3.674190e-015	-5.300069e-017	-6.610806e-019
2.940000e+001	6.883910e-013	8.048742e-013	3.420850e-015	1.000000e+000	-3.020454e-015	3.290097e-016	0.000000e+000	0.000000e+000	3.351221e-017	-2.657932e-015	-3.833632e-017	-4.782094e-019
2.950000e+001	4.973753e-013	5.816166e-013	2.472143e-015	1.000000e+000	-2.184779e-015	2.382788e-016	0.000000e+000	0.000000e+000	2.423622e-017	-1.922264e-015	-2.772221e-017	-3.458352e-019
2.960000e+001	3.592827e-013	4.201911e-013	1.786132e-015	1.000000e+000	-1.579906e-015	1.725176e-016	0.000000e+000	0.000000e+000	1.752336e-017	-1.389865e-015	-2.004182e-017	-2.500409e-019
2.970000e+001	2.594742e-013	3.035016e-013	1.290199e-015	1.000000e+000	-1.142212e-015	1.248697e-016	0.000000e+000	0.000000e+000	1.266670e-017	-1.004676e-015	-1.448577e-017	-1.807371e-019
2.980000e+001	1.873530e-013	2.191705e-013	9.317640e-016	1.000000e+000	-8.255763e-016	9.035662e-017	0.000000e+000	0.000000e+000	9.153907e-018	-7.260658e-016	-1.046753e-017	-1.306113e-019
2.990000e+001	1.352504e-013	1.582388e-013	6.727661e-016	1.000000e+000	-5.965761e-016	6.536511e-017	0.000000e+000	0.000000e+000	6.613779e-018	-5.245972e-016	-7.562201e-018	-9.436576e-020
3.000000e+001	9.761805e-014	1.142237e-013	4.856616e-016	1.000000e+000	-4.309984e-016	4.727360e-017	0.000000e+000	0.000000e+000	4.777447e-018	-3.789473e-016	-5.462059e-018	-6.816346e-020
3.010000e+001	7.044305e-014	8.243550e-014	3.505238e-016	1.000000e+000	-3.113075e-016	3.418074e-017	0.000000e+000	0.000000e+000	3.450230e-018	-2.736765e-016	-3.944316e-018	-4.922605e-020
3.020000e+001	5.082354e-014	5.948256e-014	2.529403e-016	1.000000e+000	-2.248073e-016	2.470800e-017	0.000000e+000	0.000000e+000	2.491201e-018	-1.976081e-016	-2.847716e-018	-3.554244e-020
3.030000e+001	3.666171e-014	4.291259e-014	1.824893e-016	1.000000e+000	-1.623084e-016	1.785626e-017	0.000000e+000	0.000000e+000	1.798378e-018	-1.426537e-016	-2.055579e-018	-2.565731e-020
3.040000e+001	2.644137e-014	3.095293e-014	1.316370e-016	1.000000e+000	-1.171612e-016	1.290158e-017	0.000000e+000	0.000000e+000	1.297977e-018	-1.029616e-016	-1.483497e-018	-1.851780e-020
3.050000e+001	1.906693e-014	2.232251e-014	9.493846e-017	1.000000e+000	-8.455541e-017	9.319622e-018	0.000000e+000	0.000000e+000	9.366330e-019	-7.429915e-017	-1.070425e-018	-1.336239e-020
3.060000e+001	1.374691e-014	1.609573e-014	6.845925e-017	1.000000e+000	-6.101215e-017	6.730683e-018	0.000000e+000	0.000000e+000	6.757574e-019	-5.360571e-017	-7.722287e-019	-9.640464e-021
3.070000e+001	9.909665e-015	1.160398e-014	4.935712e-017	1.000000e+000	-4.401604e-017	4.859912e-018	0.000000e+000	0.000000e+000	4.874536e-019	-3.866867e-017	-5.570031e-019	-6.953976e-021
3.080000e+001	7.142406e-015	8.364373e-015	3.557930e-017	1.000000e+000	-3.174882e-017	3.508397e-018	0.000000e+000	0.000000e+000	3.515597e-019	-2.788886e-017	-4.016924e-019	-5.015244e-021
3.090000e+001	5.147113e-015	6.028264e-015	2.564347e-017	1.000000e+000	-2.289646e-017	2.532227e-018	0.000000e+000	0.000000e+000	2.535074e-019	-2.011073e-017	-2.896383e-019	-3.616403e-021
3.100000e+001	3.708670e-015	4.343957e-015	1.847949e-017	1.000000e+000	-1.650956e-017	1.827312e-018	0.000000e+000	0.000000e+000	1.827720e-019	-1.449948e-017	-2.088079e-019	-2.607290e-021
3.110000e+001	2.671836e-015	3.129787e-015	1.331492e-017	1.000000e+000	-1.190231e-017	1.318382e-018	0.000000e+000	0.000000e+000	1.317524e-019	-1.045217e-017	-1.505111e-019	-1.879455e-021
3.120000e+001	1.924599e-015	2.254664e-015	9.592337e-018	1.000000e+000	-8.579404e-018	9.510229e-019	0.000000e+000	0.000000e+000	9.495968e-020	-7.533421e-018	-1.084732e-019	-1.354585e-021
3.130000e+001	1.386154e-015	1.624010e-015	6.909545e-018	1.000000e+000	-6.183232e-018	6.859047e-019	0.000000e+000	0.000000e+000	6.843108e-020	-5.428896e-018	-7.816473e-020	-9.761453e-022
3.140000e+001	9.982165e-016	1.169598e-015	4.976398e-018	1.000000e+000	-4.455620e-018	4.946089e-019	0.000000e+000	0.000000e+000	4.930638e-020	-3.911705e-018	-5.631646e-020	-7.033287e-022
3.150000e+001	7.187565e-016	8.422233e-016	3.583630e-018	1.000000e+000	-3.210236e-018	3.566051e-019	0.000000e+000	0.000000e+000	3.552139e-020	-2.818109e-018	-4.056933e-020	-5.066868e-022
3.160000e+001	5.174687e-016	6.064044e-016	2.580329e-018	1.000000e+000	-2.312616e-018	2.570648e-019	0.000000e+000	0.000000e+000	2.558679e-020	-2.029964e-018	-2.922133e-020	-3.649724e-022
3.170000e+001	3.725059e-016	4.365594e-016	1.857687e-018	1.000000e+000	-1.665749e-018	1.852803e-019	0.000000e+000	0.000000e+000	1.842818e-020	-1.462041e-018	-2.104473e-020	-2.628580e-022
3.180000e+001	2.681208e-016	3.142474e-016	1.337263e-018	1.000000e+000	-1.199657e-018	1.335209e-019	0.000000e+000	0.000000e+000	1.327062e-020	-1.052865e-018	-1.515409e-020	-1.892887e-022
3.190000e+001	1.929645e-016	2.261771e-016	9.625190e-019	1.000000e+000	-8.638677e-019	9.620657e-020	0.000000e+000	0.000000e+000	9.555287e-021	-7.581058e-019	-1.091090e-020	-1.362926e-022
3.200000e+001	1.388593e-016	1.627706e-016	6.927102e-019	1.000000e+000	-6.219877e-019	6.931020e-020	0.000000e+000	0.000000e+000	6.879260e-021	-5.457982e-019	-7.854839e-021	-9.812180e-023
