TIME          	MC CONC       	STS CONC      	HTS CONC      	SED CONC      	ADV dm/dt     	DISP dm/dt    	DECAY dm/dt   	SORPTION dm/dt	STORAGE dm/dt 	MC dm/dt      	STS dm/dt     	HTS dm/dt     
(hr)          	mg/L          	mg/L          	mg/L          	mg/L          	(mg/L)·(m²/s)  	(mg/L)·(m²/s)  	(mg/L)·(m²/s)  	(mg/L)·(m²/s)  	(mg/L)·(m²/s)  	(mg/L)·(m²/s)  	(mg/L)·(m²/s)  	(mg/L)·(m²/s)  
0.000000e+000	5.630554e-002	4.757446e-002	4.757446e-002	0.000000e+000	4.710175e-005	1.979471e-006	0.000000e+000	0.000000e+000	-2.511931e-006	4.656929e-005	7.155734e-022	0.000000e+000
1.000000e-001	5.630554e-002	4.757446e-002	4.757446e-002	1.000000e+000	4.710175e-005	1.979471e-006	0.000000e+000	0.000000e+000	-2.511931e-006	4.656929e-005	-3.935654e-021	-1.127698e-021
2.000000e-001	5.630554e-002	4.757446e-002	4.757446e-002	1.000000e+000	4.710175e-005	1.979471e-006	0.000000e+000	0.000000e+000	-2.511931e-006	4.656929e-005	-9.302455e-021	-1.420064e-021
3.000000e-001	5.630554e-002	4.757446e-002	4.757446e-002	1.000000e+000	4.710175e-005	1.979471e-006	0.000000e+000	0.000000e+000	-2.511931e-006	4.656929e-005	6.440161e-021	-1.420064e-021
4.000000e-001	5.630554e-002	4.757446e-002	4.757446e-002	1.000000e+000	4.710175e-005	1.979471e-006	0.000000e+000	0.000000e+000	-2.511931e-006	4.656929e-005	3.046912e-017	1.936299e-019
5.000000e-001	5.630554e-002	4.757446e-002	4.757446e-002	1.000000e+000	4.710175e-005	1.979472e-006	0.000000e+000	0.000000e+000	-2.511931e-006	4.656929e-005	4.921503e-015	4.427321e-017
6.000000e-001	5.630554e-002	4.757446e-002	4.757446e-002	1.000000e+000	4.710176e-005	1.979479e-006	0.000000e+000	0.000000e+000	-2.511932e-006	4.656931e-005	1.854082e-013	2.249070e-015
7.000000e-001	5.630556e-002	4.757447e-002	4.757446e-002	1.000000e+000	4.710197e-005	1.979559e-006	0.000000e+000	0.000000e+000	-2.511935e-006	4.656959e-005	2.713619e-012	4.302729e-014
8.000000e-001	5.630569e-002	4.757453e-002	4.757446e-002	1.000000e+000	4.710340e-005	1.980036e-006	0.000000e+000	0.000000e+000	-2.511956e-006	4.657148e-005	2.081573e-011	4.210518e-013
9.000000e-001	5.630640e-002	4.757489e-002	4.757446e-002	1.000000e+000	4.710961e-005	1.981808e-006	0.000000e+000	0.000000e+000	-2.512057e-006	4.657936e-005	1.007652e-010	2.551258e-012
1.000000e+000	5.630893e-002	4.757628e-002	4.757448e-002	1.000000e+000	4.712867e-005	1.986465e-006	0.000000e+000	0.000000e+000	-2.512386e-006	4.660275e-005	3.472454e-010	1.084399e-011
1.100000e+000	5.631587e-002	4.758037e-002	4.757452e-002	1.000000e+000	4.717361e-005	1.995834e-006	0.000000e+000	0.000000e+000	-2.513203e-006	4.665624e-005	9.240230e-010	3.519162e-011
1.200000e+000	5.633129e-002	4.759004e-002	4.757466e-002	1.000000e+000	4.725975e-005	2.011056e-006	0.000000e+000	0.000000e+000	-2.514856e-006	4.675595e-005	2.009634e-009	9.254868e-011
1.300000e+000	5.636032e-002	4.760921e-002	4.757500e-002	1.000000e+000	4.739951e-005	2.031773e-006	0.000000e+000	0.000000e+000	-2.517694e-006	4.691359e-005	3.721381e-009	2.059312e-010
1.400000e+000	5.640812e-002	4.764220e-002	4.757568e-002	1.000000e+000	4.759717e-005	2.055949e-006	0.000000e+000	0.000000e+000	-2.521956e-006	4.713117e-005	6.047648e-009	4.003524e-010
1.500000e+000	5.647859e-002	4.769271e-002	4.757694e-002	1.000000e+000	4.784613e-005	2.080436e-006	0.000000e+000	0.000000e+000	-2.527697e-006	4.739887e-005	8.825069e-009	6.968863e-010
1.600000e+000	5.657335e-002	4.776292e-002	4.757901e-002	1.000000e+000	4.812980e-005	2.101934e-006	0.000000e+000	0.000000e+000	-2.534760e-006	4.769697e-005	1.177051e-008	1.107022e-009
1.700000e+000	5.669125e-002	4.785284e-002	4.758217e-002	1.000000e+000	4.842546e-005	2.117899e-006	0.000000e+000	0.000000e+000	-2.542810e-006	4.800054e-005	1.455055e-008	1.629254e-009
1.800000e+000	5.682856e-002	4.796026e-002	4.758665e-002	1.000000e+000	4.870930e-005	2.127051e-006	0.000000e+000	0.000000e+000	-2.551409e-006	4.828494e-005	1.685859e-008	2.248815e-009
1.900000e+000	5.697965e-002	4.808115e-002	4.759267e-002	1.000000e+000	4.896099e-005	2.129434e-006	0.000000e+000	0.000000e+000	-2.560099e-006	4.853032e-005	1.847397e-008	2.940252e-009
2.000000e+000	5.713794e-002	4.821035e-002	4.760034e-002	1.000000e+000	4.916657e-005	2.126115e-006	0.000000e+000	0.000000e+000	-2.568469e-006	4.872422e-005	1.929035e-008	3.671765e-009
2.100000e+000	5.729686e-002	4.834239e-002	4.760973e-002	1.000000e+000	4.931945e-005	2.118736e-006	0.000000e+000	0.000000e+000	-2.576202e-006	4.886198e-005	1.931368e-008	4.410007e-009
2.200000e+000	5.745055e-002	4.847213e-002	4.762081e-002	1.000000e+000	4.941973e-005	2.109067e-006	0.000000e+000	0.000000e+000	-2.583091e-006	4.894570e-005	1.863883e-008	5.124252e-009
2.300000e+000	5.759439e-002	4.859530e-002	4.763349e-002	1.000000e+000	4.947263e-005	2.098680e-006	0.000000e+000	0.000000e+000	-2.589038e-006	4.898227e-005	1.741625e-008	5.789326e-009
2.400000e+000	5.772520e-002	4.870877e-002	4.764765e-002	1.000000e+000	4.948648e-005	2.088769e-006	0.000000e+000	0.000000e+000	-2.594029e-006	4.898122e-005	1.581866e-008	6.387089e-009
2.500000e+000	5.784119e-002	4.881054e-002	4.766310e-002	1.000000e+000	4.947086e-005	2.080098e-006	0.000000e+000	0.000000e+000	-2.598117e-006	4.895284e-005	1.401395e-008	6.906677e-009
2.600000e+000	5.794177e-002	4.889973e-002	4.767967e-002	1.000000e+000	4.943519e-005	2.073044e-006	0.000000e+000	0.000000e+000	-2.601397e-006	4.890683e-005	1.214719e-008	7.343793e-009
2.700000e+000	5.802733e-002	4.897631e-002	4.769715e-002	1.000000e+000	4.938774e-005	2.067679e-006	0.000000e+000	0.000000e+000	-2.603980e-006	4.885144e-005	1.033140e-008	7.699479e-009
2.800000e+000	5.809890e-002	4.904091e-002	4.771537e-002	1.000000e+000	4.933520e-005	2.063876e-006	0.000000e+000	0.000000e+000	-2.605984e-006	4.879309e-005	8.645520e-009	7.978667e-009
2.900000e+000	5.815794e-002	4.909460e-002	4.773416e-002	1.000000e+000	4.928250e-005	2.061398e-006	0.000000e+000	0.000000e+000	-2.607521e-006	4.873637e-005	7.137234e-009	8.188785e-009
3.000000e+000	5.820609e-002	4.913869e-002	4.775336e-002	1.000000e+000	4.923296e-005	2.059962e-006	0.000000e+000	0.000000e+000	-2.608690e-006	4.868424e-005	5.828415e-009	8.338554e-009
3.100000e+000	5.824501e-002	4.917454e-002	4.777285e-002	1.000000e+000	4.918858e-005	2.059298e-006	0.000000e+000	0.000000e+000	-2.609574e-006	4.863830e-005	4.721542e-009	8.437045e-009
3.200000e+000	5.827631e-002	4.920351e-002	4.779252e-002	1.000000e+000	4.915028e-005	2.059164e-006	0.000000e+000	0.000000e+000	-2.610244e-006	4.859920e-005	3.805867e-009	8.493017e-009
3.300000e+000	5.830141e-002	4.922683e-002	4.781228e-002	1.000000e+000	4.911825e-005	2.059367e-006	0.000000e+000	0.000000e+000	-2.610754e-006	4.856687e-005	3.062682e-009	8.514490e-009
3.400000e+000	5.832155e-002	4.924562e-002	4.783205e-002	1.000000e+000	4.909219e-005	2.059759e-006	0.000000e+000	0.000000e+000	-2.611146e-006	4.854080e-005	2.469443e-009	8.508518e-009
3.500000e+000	5.833780e-002	4.926080e-002	4.785179e-002	1.000000e+000	4.907150e-005	2.060238e-006	0.000000e+000	0.000000e+000	-2.611454e-006	4.852028e-005	2.002721e-009	8.481114e-009
3.600000e+000	5.835102e-002	4.927316e-002	4.787144e-002	1.000000e+000	4.905546e-005	2.060733e-006	0.000000e+000	0.000000e+000	-2.611700e-006	4.850450e-005	1.640145e-009	8.437270e-009
3.700000e+000	5.836192e-002	4.928335e-002	4.789097e-002	1.000000e+000	4.904333e-005	2.061203e-006	0.000000e+000	0.000000e+000	-2.611904e-006	4.849263e-005	1.361522e-009	8.381037e-009
3.800000e+000	5.837105e-002	4.929188e-002	4.791036e-002	1.000000e+000	4.903439e-005	2.061624e-006	0.000000e+000	0.000000e+000	-2.612076e-006	4.848394e-005	1.149365e-009	8.315640e-009
3.900000e+000	5.837884e-002	4.929914e-002	4.792959e-002	1.000000e+000	4.902800e-005	2.061988e-006	0.000000e+000	0.000000e+000	-2.612227e-006	4.847776e-005	9.890074e-010	8.243609e-009
4.000000e+000	5.838562e-002	4.930546e-002	4.794865e-002	1.000000e+000	4.902362e-005	2.062294e-006	0.000000e+000	0.000000e+000	-2.612363e-006	4.847355e-005	8.684656e-010	8.166892e-009
4.100000e+000	5.839166e-002	4.931106e-002	4.796753e-002	1.000000e+000	4.902079e-005	2.062546e-006	0.000000e+000	0.000000e+000	-2.612489e-006	4.847085e-005	7.781533e-010	8.086973e-009
4.200000e+000	5.839713e-002	4.931612e-002	4.798621e-002	1.000000e+000	4.901914e-005	2.062750e-006	0.000000e+000	0.000000e+000	-2.612607e-006	4.846928e-005	7.105430e-010	8.004969e-009
4.300000e+000	5.840218e-002	4.932078e-002	4.800471e-002	1.000000e+000	4.901837e-005	2.062915e-006	0.000000e+000	0.000000e+000	-2.612719e-006	4.846857e-005	6.598159e-010	7.921711e-009
4.400000e+000	5.840692e-002	4.932515e-002	4.802301e-002	1.000000e+000	4.901826e-005	2.063047e-006	0.000000e+000	0.000000e+000	-2.612827e-006	4.846848e-005	6.215358e-010	7.837808e-009
4.500000e+000	5.841142e-002	4.932928e-002	4.804112e-002	1.000000e+000	4.901862e-005	2.063153e-006	0.000000e+000	0.000000e+000	-2.612932e-006	4.846884e-005	5.923619e-010	7.753705e-009
4.600000e+000	5.841574e-002	4.933324e-002	4.805903e-002	1.000000e+000	4.901934e-005	2.063238e-006	0.000000e+000	0.000000e+000	-2.613034e-006	4.846954e-005	5.698053e-010	7.669724e-009
4.700000e+000	5.841991e-002	4.933706e-002	4.807674e-002	1.000000e+000	4.902029e-005	2.063307e-006	0.000000e+000	0.000000e+000	-2.613135e-006	4.847046e-005	5.520297e-010	7.586092e-009
4.800000e+000	5.842396e-002	4.934077e-002	4.809427e-002	1.000000e+000	4.902142e-005	2.063364e-006	0.000000e+000	0.000000e+000	-2.613233e-006	4.847155e-005	5.376924e-010	7.502971e-009
4.900000e+000	5.842792e-002	4.934440e-002	4.811160e-002	1.000000e+000	4.902267e-005	2.063412e-006	0.000000e+000	0.000000e+000	-2.613330e-006	4.847275e-005	5.258194e-010	7.420472e-009
5.000000e+000	5.843181e-002	4.934795e-002	4.812874e-002	1.000000e+000	4.902399e-005	2.063453e-006	0.000000e+000	0.000000e+000	-2.613426e-006	4.847402e-005	5.157090e-010	7.338673e-009
5.100000e+000	5.843562e-002	4.935143e-002	4.814569e-002	1.000000e+000	4.902536e-005	2.063489e-006	0.000000e+000	0.000000e+000	-2.613520e-006	4.847533e-005	5.068592e-010	7.257625e-009
5.200000e+000	5.843937e-002	4.935486e-002	4.816245e-002	1.000000e+000	4.902676e-005	2.063521e-006	0.000000e+000	0.000000e+000	-2.613613e-006	4.847667e-005	4.989069e-010	7.177360e-009
5.300000e+000	5.844306e-002	4.935824e-002	4.817903e-002	1.000000e+000	4.902815e-005	2.063540e-006	0.000000e+000	0.000000e+000	-2.613704e-006	4.847799e-005	4.913539e-010	7.097897e-009
5.400000e+000	5.844668e-002	4.936156e-002	4.819542e-002	1.000000e+000	4.902925e-005	2.063443e-006	0.000000e+000	0.000000e+000	-2.613790e-006	4.847891e-005	4.806926e-010	7.019193e-009
5.500000e+000	5.845006e-002	4.936474e-002	4.821163e-002	1.000000e+000	4.902848e-005	2.062742e-006	0.000000e+000	0.000000e+000	-2.613846e-006	4.847738e-005	4.464989e-010	6.940793e-009
5.600000e+000	5.845254e-002	4.936744e-002	4.822766e-002	1.000000e+000	4.902062e-005	2.060156e-006	0.000000e+000	0.000000e+000	-2.613782e-006	4.846700e-005	3.207628e-010	6.860567e-009
5.700000e+000	5.845231e-002	4.936858e-002	4.824350e-002	1.000000e+000	4.899433e-005	2.053490e-006	0.000000e+000	0.000000e+000	-2.613390e-006	4.843443e-005	-4.316159e-011	6.772117e-009
5.800000e+000	5.844563e-002	4.936576e-002	4.825910e-002	1.000000e+000	4.892958e-005	2.039399e-006	0.000000e+000	0.000000e+000	-2.612279e-006	4.835670e-005	-8.944371e-010	6.661175e-009
5.900000e+000	5.842540e-002	4.935433e-002	4.827440e-002	1.000000e+000	4.879092e-005	2.011699e-006	0.000000e+000	0.000000e+000	-2.609747e-006	4.819287e-005	-2.661980e-009	6.500304e-009
6.000000e+000	5.837826e-002	4.932556e-002	4.828922e-002	1.000000e+000	4.851081e-005	1.958032e-006	0.000000e+000	0.000000e+000	-2.604462e-006	4.786438e-005	-6.165190e-009	6.237942e-009
6.100000e+000	5.827916e-002	4.926296e-002	4.830322e-002	1.000000e+000	4.796653e-005	1.857713e-006	0.000000e+000	0.000000e+000	-2.593959e-006	4.723029e-005	-1.290193e-008	5.776857e-009
6.200000e+000	5.808484e-002	4.913715e-002	4.831577e-002	1.000000e+000	4.696977e-005	1.685508e-006	0.000000e+000	0.000000e+000	-2.574251e-006	4.608102e-005	-2.513454e-008	4.944045e-009
6.300000e+000	5.773068e-002	4.890183e-002	4.832569e-002	1.000000e+000	4.529446e-005	1.423388e-006	0.000000e+000	0.000000e+000	-2.540061e-006	4.417779e-005	-4.542370e-008	3.467865e-009
6.400000e+000	5.713621e-002	4.849523e-002	4.833110e-002	1.000000e+000	4.275238e-005	1.075915e-006	0.000000e+000	0.000000e+000	-2.486009e-006	4.134228e-005	-7.552743e-008	9.879495e-010
6.500000e+000	5.622200e-002	4.785023e-002	4.832920e-002	1.000000e+000	3.929458e-005	6.802370e-007	0.000000e+000	0.000000e+000	-2.408558e-006	3.756626e-005	-1.150511e-007	-2.883022e-009
6.600000e+000	5.493470e-002	4.691252e-002	4.831639e-002	1.000000e+000	3.509189e-005	3.027614e-007	0.000000e+000	0.000000e+000	-2.307979e-006	3.308668e-005	-1.605525e-007	-8.450136e-009
6.700000e+000	5.327131e-002	4.566145e-002	4.828855e-002	1.000000e+000	3.054481e-005	2.022238e-008	0.000000e+000	0.000000e+000	-2.189357e-006	2.837568e-005	-2.057551e-007	-1.581302e-008
6.800000e+000	5.129151e-002	4.412471e-002	4.824168e-002	1.000000e+000	2.619637e-005	-1.094659e-007	0.000000e+000	0.000000e+000	-2.061889e-006	2.402502e-005	-2.431154e-007	-2.478086e-008
6.900000e+000	4.910932e-002	4.237872e-002	4.817256e-002	1.000000e+000	2.256585e-005	-7.379230e-008	0.000000e+000	0.000000e+000	-1.936394e-006	2.055567e-005	-2.663283e-007	-3.487428e-008
7.000000e+000	4.686444e-002	4.053166e-002	4.807933e-002	1.000000e+000	1.997082e-005	8.575625e-008	0.000000e+000	0.000000e+000	-1.821942e-006	1.823464e-005	-2.726989e-007	-4.543093e-008
7.100000e+000	4.468368e-002	3.869435e-002	4.796169e-002	1.000000e+000	1.842445e-005	2.902353e-007	0.000000e+000	0.000000e+000	-1.723131e-006	1.699155e-005	-2.641482e-007	-5.578199e-008
7.200000e+000	4.264874e-002	3.695089e-002	4.782076e-002	1.000000e+000	1.765725e-005	4.561770e-007	0.000000e+000	0.000000e+000	-1.639272e-006	1.647416e-005	-2.463067e-007	-6.542797e-008
7.300000e+000	4.078240e-002	3.534061e-002	4.765850e-002	1.000000e+000	1.724336e-005	5.266814e-007	0.000000e+000	0.000000e+000	-1.565604e-006	1.620444e-005	-2.262365e-007	-7.414385e-008
7.400000e+000	3.905585e-002	3.385700e-002	4.747704e-002	1.000000e+000	1.676266e-005	4.865121e-007	0.000000e+000	0.000000e+000	-1.495710e-006	1.575346e-005	-2.099580e-007	-8.198174e-008
7.500000e+000	3.741042e-002	3.246105e-002	4.727817e-002	1.000000e+000	1.592790e-005	3.579927e-007	0.000000e+000	0.000000e+000	-1.423934e-006	1.486196e-005	-2.008225e-007	-8.918721e-008
7.600000e+000	3.578289e-002	3.110129e-002	4.706299e-002	1.000000e+000	1.463655e-005	1.840922e-007	0.000000e+000	0.000000e+000	-1.346895e-006	1.347375e-005	-1.991765e-007	-9.607668e-008
7.700000e+000	3.412544e-002	2.973235e-002	4.683191e-002	1.000000e+000	1.295324e-005	1.076176e-008	0.000000e+000	0.000000e+000	-1.263893e-006	1.170011e-005	-2.030495e-007	-1.029257e-007
7.800000e+000	3.241735e-002	2.832740e-002	4.658479e-002	1.000000e+000	1.106490e-005	-1.211821e-007	0.000000e+000	0.000000e+000	-1.176679e-006	9.767035e-006	-2.091127e-007	-1.098949e-007
7.900000e+000	3.067104e-002	2.688504e-002	4.632132e-002	1.000000e+000	9.246541e-006	-1.753598e-007	0.000000e+000	0.000000e+000	-1.089233e-006	7.981948e-006	-2.133062e-007	-1.169909e-007
8.000000e+000	2.893520e-002	2.543297e-002	4.604138e-002	1.000000e+000	7.835280e-006	-1.203590e-007	0.000000e+000	0.000000e+000	-1.007592e-006	6.707329e-006	-2.112233e-007	-1.240461e-007
8.100000e+000	2.729411e-002	2.402878e-002	4.574540e-002	1.000000e+000	7.198921e-006	6.922609e-008	0.000000e+000	0.000000e+000	-9.394361e-007	6.328711e-006	-1.985666e-007	-1.307167e-007
8.200000e+000	2.587224e-002	2.276067e-002	4.543487e-002	1.000000e+000	7.825886e-006	4.623893e-007	0.000000e+000	0.000000e+000	-8.951981e-007	7.393078e-006	-1.700849e-007	-1.364805e-007
8.300000e+000	2.489992e-002	2.177700e-002	4.511279e-002	1.000000e+000	1.098288e-005	1.371056e-006	0.000000e+000	0.000000e+000	-8.984623e-007	1.145547e-005	-1.109007e-007	-1.404627e-007
8.400000e+000	2.494753e-002	2.141861e-002	4.478527e-002	1.000000e+000	2.032648e-005	3.660740e-006	0.000000e+000	0.000000e+000	-1.015270e-006	2.297195e-005	2.501611e-008	-1.406486e-007
8.500000e+000	2.736884e-002	2.251813e-002	4.446608e-002	1.000000e+000	4.378236e-005	8.842294e-006	0.000000e+000	0.000000e+000	-1.395550e-006	5.122911e-005	3.387021e-007	-1.321091e-007
8.600000e+000	3.477284e-002	2.679406e-002	4.418606e-002	1.000000e+000	9.385947e-005	1.861994e-005	0.000000e+000	0.000000e+000	-2.295496e-006	1.101839e-004	9.854554e-007	-1.046859e-007
8.700000e+000	5.117068e-002	3.709747e-002	4.400729e-002	1.000000e+000	1.850341e-004	3.401998e-005	0.000000e+000	0.000000e+000	-4.048864e-006	2.150053e-004	2.131710e-006	-4.159161e-008
8.800000e+000	8.153075e-002	5.724997e-002	4.403779e-002	1.000000e+000	3.288259e-004	5.463722e-005	0.000000e+000	0.000000e+000	-6.985582e-006	3.764775e-004	3.883257e-006	7.952673e-008
8.900000e+000	1.307834e-001	9.139922e-002	4.444038e-002	1.000000e+000	5.288831e-004	7.848594e-005	0.000000e+000	0.000000e+000	-1.133082e-005	5.960383e-004	6.222282e-006	2.826546e-007
9.000000e+000	2.026133e-001	1.430761e-001	4.543006e-002	1.000000e+000	7.784506e-004	1.025326e-004	0.000000e+000	0.000000e+000	-1.712884e-005	8.638544e-004	8.986672e-006	5.877513e-007
9.100000e+000	2.984747e-001	2.142886e-001	4.725815e-002	1.000000e+000	1.061228e-003	1.236011e-004	0.000000e+000	0.000000e+000	-2.422035e-005	1.160609e-003	1.190053e-005	1.005389e-006
9.200000e+000	4.171397e-001	3.049567e-001	5.018624e-002	1.000000e+000	1.354999e-003	1.392220e-004	0.000000e+000	0.000000e+000	-3.227503e-005	1.461946e-003	1.463980e-005	1.533515e-006
9.300000e+000	5.548632e-001	4.128382e-001	5.445590e-002	1.000000e+000	1.636446e-003	1.481292e-004	0.000000e+000	0.000000e+000	-4.086059e-005	1.743714e-003	1.690556e-005	2.157175e-006
9.400000e+000	7.060385e-001	5.339073e-001	6.026119e-002	1.000000e+000	1.885512e-003	1.503250e-004	0.000000e+000	0.000000e+000	-4.952214e-005	1.986315e-003	1.848086e-005	2.850971e-006
9.500000e+000	8.641054e-001	6.630275e-001	6.772897e-002	1.000000e+000	2.088266e-003	1.468146e-004	0.000000e+000	0.000000e+000	-5.785009e-005	2.177231e-003	1.925902e-005	3.583221e-006
9.600000e+000	1.022470e+000	7.947163e-001	7.690976e-002	1.000000e+000	2.237935e-003	1.391821e-004	0.000000e+000	0.000000e+000	-6.552465e-005	2.311592e-003	1.924301e-005	4.320621e-006
9.700000e+000	1.175252e+000	9.238284e-001	8.777891e-002	1.000000e+000	2.334380e-003	1.291669e-004	0.000000e+000	0.000000e+000	-7.233457e-005	2.391212e-003	1.852408e-005	5.032349e-006
9.800000e+000	1.317775e+000	1.046052e+000	1.002461e-001	1.000000e+000	2.382588e-003	1.183393e-004	0.000000e+000	0.000000e+000	-7.817461e-005	2.422753e-003	1.725004e-005	5.692998e-006
9.900000e+000	1.446780e+000	1.158184e+000	1.141697e-001	1.000000e+000	2.390766e-003	1.079159e-004	0.000000e+000	0.000000e+000	-8.302907e-005	2.415653e-003	1.559279e-005	6.284133e-006
1.000000e+001	1.560417e+000	1.258196e+000	1.293742e-001	1.000000e+000	2.368535e-003	9.870169e-005	0.000000e+000	0.000000e+000	-8.694901e-005	2.380288e-003	1.372164e-005	6.794606e-006
1.010000e+001	1.658077e+000	1.345151e+000	1.456656e-001	1.000000e+000	2.325485e-003	9.111929e-005	0.000000e+000	0.000000e+000	-9.002887e-005	2.326575e-003	1.178495e-005	7.219942e-006
1.020000e+001	1.740139e+000	1.419021e+000	1.628467e-001	1.000000e+000	2.270183e-003	8.528224e-005	0.000000e+000	0.000000e+000	-9.238562e-005	2.263080e-003	9.900149e-006	7.561164e-006
1.030000e+001	1.807687e+000	1.480463e+000	1.807271e-001	1.000000e+000	2.209622e-003	8.108513e-005	0.000000e+000	0.000000e+000	-9.414229e-005	2.196565e-003	8.150475e-006	7.823370e-006
1.040000e+001	1.862242e+000	1.530589e+000	1.991322e-001	1.000000e+000	2.149032e-003	7.829491e-005	0.000000e+000	0.000000e+000	-9.541638e-005	2.131911e-003	6.586953e-006	8.014307e-006
1.050000e+001	1.905535e+000	1.570765e+000	2.179067e-001	1.000000e+000	2.091989e-003	7.663081e-005	0.000000e+000	0.000000e+000	-9.631322e-005	2.072306e-003	5.233704e-006	8.143125e-006
1.060000e+001	1.939337e+000	1.602447e+000	2.369176e-001	1.000000e+000	2.040683e-003	7.582204e-005	0.000000e+000	0.000000e+000	-9.692339e-005	2.019582e-003	4.094803e-006	8.219394e-006
1.070000e+001	1.965349e+000	1.627070e+000	2.560536e-001	1.000000e+000	1.996258e-003	7.563776e-005	0.000000e+000	0.000000e+000	-9.732270e-005	1.974574e-003	3.160958e-006	8.252425e-006
1.080000e+001	1.985128e+000	1.645978e+000	2.752246e-001	1.000000e+000	1.959109e-003	7.589130e-005	0.000000e+000	0.000000e+000	-9.757333e-005	1.937427e-003	2.414836e-006	8.250841e-006
1.090000e+001	2.000054e+000	1.660378e+000	2.943593e-001	1.000000e+000	1.929091e-003	7.642722e-005	0.000000e+000	0.000000e+000	-9.772478e-005	1.907794e-003	1.834505e-006	8.222337e-006
1.100000e+001	2.011303e+000	1.671316e+000	3.134030e-001	1.000000e+000	1.905647e-003	7.710661e-005	0.000000e+000	0.000000e+000	-9.781432e-005	1.884939e-003	1.395312e-006	8.173547e-006
1.110000e+001	2.019839e+000	1.679667e+000	3.323153e-001	1.000000e+000	1.887914e-003	7.780917e-005	0.000000e+000	0.000000e+000	-9.786770e-005	1.867856e-003	1.071326e-006	8.109977e-006
1.120000e+001	2.026419e+000	1.686130e+000	3.510671e-001	1.000000e+000	1.874885e-003	7.845501e-005	0.000000e+000	0.000000e+000	-9.790118e-005	1.855439e-003	8.375348e-007	8.036008e-006
1.130000e+001	2.031617e+000	1.691244e+000	3.696384e-001	1.000000e+000	1.865621e-003	7.902315e-005	0.000000e+000	0.000000e+000	-9.792534e-005	1.846719e-003	6.726540e-007	7.955008e-006
1.140000e+001	2.035877e+000	1.695423e+000	3.880160e-001	1.000000e+000	1.859411e-003	7.954064e-005	0.000000e+000	0.000000e+000	-9.794878e-005	1.841003e-003	5.609225e-007	7.869542e-006
1.150000e+001	2.039551e+000	1.698989e+000	4.061918e-001	1.000000e+000	1.855782e-003	8.004502e-005	0.000000e+000	0.000000e+000	-9.797980e-005	1.837847e-003	4.915664e-007	7.781605e-006
1.160000e+001	2.042926e+000	1.702204e+000	4.241621e-001	1.000000e+000	1.854387e-003	8.055066e-005	0.000000e+000	0.000000e+000	-9.802566e-005	1.836912e-003	4.565057e-007	7.692789e-006
1.170000e+001	2.046224e+000	1.705275e+000	4.419264e-001	1.000000e+000	1.854881e-003	8.104291e-005	0.000000e+000	0.000000e+000	-9.809109e-005	1.837833e-003	4.482166e-007	7.604349e-006
1.180000e+001	2.049610e+000	1.708359e+000	4.594866e-001	1.000000e+000	1.856878e-003	8.149645e-005	0.000000e+000	0.000000e+000	-9.817770e-005	1.840197e-003	4.591003e-007	7.517216e-006
1.190000e+001	2.053186e+000	1.711563e+000	4.768465e-001	1.000000e+000	1.859990e-003	8.189687e-005	0.000000e+000	0.000000e+000	-9.828475e-005	1.843602e-003	4.822021e-007	7.432007e-006
1.200000e+001	2.057011e+000	1.714951e+000	4.940112e-001	1.000000e+000	1.863897e-003	8.224911e-005	0.000000e+000	0.000000e+000	-9.841068e-005	1.847736e-003	5.122160e-007	7.349078e-006
1.210000e+001	2.061115e+000	1.718556e+000	5.109861e-001	1.000000e+000	1.868386e-003	8.257074e-005	0.000000e+000	0.000000e+000	-9.855423e-005	1.852403e-003	5.458623e-007	7.268606e-006
1.220000e+001	2.065515e+000	1.722398e+000	5.277770e-001	1.000000e+000	1.873328e-003	8.287700e-005	0.000000e+000	0.000000e+000	-9.871468e-005	1.857490e-003	5.813807e-007	7.190665e-006
1.230000e+001	2.070215e+000	1.726485e+000	5.443899e-001	1.000000e+000	1.878611e-003	8.316450e-005	0.000000e+000	0.000000e+000	-9.889103e-005	1.862884e-003	6.173457e-007	7.115268e-006
1.240000e+001	2.075200e+000	1.730812e+000	5.608305e-001	1.000000e+000	1.884041e-003	8.340123e-005	0.000000e+000	0.000000e+000	-9.908049e-005	1.868362e-003	6.512529e-007	7.042353e-006
1.250000e+001	2.080422e+000	1.735351e+000	5.771045e-001	1.000000e+000	1.889272e-003	8.353128e-005	0.000000e+000	0.000000e+000	-9.927687e-005	1.873526e-003	6.786155e-007	6.971718e-006
1.260000e+001	2.085780e+000	1.740037e+000	5.932167e-001	1.000000e+000	1.893808e-003	8.349669e-005	0.000000e+000	0.000000e+000	-9.947020e-005	1.877834e-003	6.933014e-007	6.902942e-006
1.270000e+001	2.091123e+000	1.744762e+000	6.091707e-001	1.000000e+000	1.897111e-003	8.326624e-005	0.000000e+000	0.000000e+000	-9.964802e-005	1.880729e-003	6.892129e-007	6.835353e-006
1.280000e+001	2.096267e+000	1.749384e+000	6.249683e-001	1.000000e+000	1.898761e-003	8.285674e-005	0.000000e+000	0.000000e+000	-9.979817e-005	1.881819e-003	6.626172e-007	6.768083e-006
1.290000e+001	2.101026e+000	1.753748e+000	6.406091e-001	1.000000e+000	1.898609e-003	8.233525e-005	0.000000e+000	0.000000e+000	-9.991211e-005	1.881032e-003	6.140348e-007	6.700204e-006
1.300000e+001	2.105258e+000	1.757719e+000	6.560907e-001	1.000000e+000	1.896846e-003	8.179920e-005	0.000000e+000	0.000000e+000	-9.998717e-005	1.878658e-003	5.486986e-007	6.630920e-006
1.310000e+001	2.108889e+000	1.761211e+000	6.714093e-001	1.000000e+000	1.893955e-003	8.134346e-005	0.000000e+000	0.000000e+000	-1.000269e-004	1.875272e-003	4.752450e-007	6.559736e-006
1.320000e+001	2.111925e+000	1.764203e+000	6.865602e-001	1.000000e+000	1.890566e-003	8.103287e-005	0.000000e+000	0.000000e+000	-1.000398e-004	1.871559e-003	4.032904e-007	6.486547e-006
1.330000e+001	2.114444e+000	1.766733e+000	7.015390e-001	1.000000e+000	1.887309e-003	8.089489e-005	0.000000e+000	0.000000e+000	-1.000363e-004	1.868167e-003	3.411946e-007	6.411618e-006
1.340000e+001	2.116574e+000	1.768892e+000	7.163423e-001	1.000000e+000	1.884726e-003	8.093204e-005	0.000000e+000	0.000000e+000	-1.000280e-004	1.865630e-003	2.950422e-007	6.335507e-006
1.350000e+001	2.118477e+000	1.770802e+000	7.309681e-001	1.000000e+000	1.883256e-003	8.113748e-005	0.000000e+000	0.000000e+000	-1.000261e-004	1.864367e-003	2.688007e-007	6.258969e-006
1.360000e+001	2.120336e+000	1.772608e+000	7.454165e-001	1.000000e+000	1.883236e-003	8.149789e-005	0.000000e+000	0.000000e+000	-1.000413e-004	1.864692e-003	2.646944e-007	6.182871e-006
1.370000e+001	2.122335e+000	1.774463e+000	7.596896e-001	1.000000e+000	1.884870e-003	8.198463e-005	0.000000e+000	0.000000e+000	-1.000828e-004	1.866772e-003	2.830079e-007	6.108123e-006
1.380000e+001	2.124643e+000	1.776513e+000	7.737914e-001	1.000000e+000	1.888177e-003	8.254770e-005	0.000000e+000	0.000000e+000	-1.001570e-004	1.870568e-003	3.215231e-007	6.035584e-006
1.390000e+001	2.127392e+000	1.778882e+000	7.877281e-001	1.000000e+000	1.892967e-003	8.312244e-005	0.000000e+000	0.000000e+000	-1.002663e-004	1.875823e-003	3.753703e-007	5.965955e-006
1.400000e+001	2.130656e+000	1.781651e+000	8.015069e-001	1.000000e+000	1.898865e-003	8.364574e-005	0.000000e+000	0.000000e+000	-1.004086e-004	1.882102e-003	4.377479e-007	5.899686e-006
1.410000e+001	2.134449e+000	1.784854e+000	8.151358e-001	1.000000e+000	1.905401e-003	8.407246e-005	0.000000e+000	0.000000e+000	-1.005785e-004	1.888895e-003	5.013134e-007	5.836928e-006
1.420000e+001	2.138732e+000	1.788476e+000	8.286230e-001	1.000000e+000	1.912109e-003	8.438451e-005	0.000000e+000	0.000000e+000	-1.007687e-004	1.895725e-003	5.596909e-007	5.777545e-006
1.430000e+001	2.143427e+000	1.792464e+000	8.419758e-001	1.000000e+000	1.918615e-003	8.458959e-005	0.000000e+000	0.000000e+000	-1.009718e-004	1.902233e-003	6.085382e-007	5.721181e-006
1.440000e+001	2.148438e+000	1.796747e+000	8.552008e-001	1.000000e+000	1.924674e-003	8.471050e-005	0.000000e+000	0.000000e+000	-1.011814e-004	1.908203e-003	6.458240e-007	5.667358e-006
1.450000e+001	2.153669e+000	1.801244e+000	8.683032e-001	1.000000e+000	1.930157e-003	8.477060e-005	0.000000e+000	0.000000e+000	-1.013925e-004	1.913535e-003	6.712966e-007	5.615559e-006
1.460000e+001	2.159025e+000	1.805876e+000	8.812871e-001	1.000000e+000	1.935000e-003	8.478332e-005	0.000000e+000	0.000000e+000	-1.016011e-004	1.918182e-003	6.855319e-007	5.565285e-006
1.470000e+001	2.164420e+000	1.810568e+000	8.941556e-001	1.000000e+000	1.939152e-003	8.474929e-005	0.000000e+000	0.000000e+000	-1.018032e-004	1.922098e-003	6.891053e-007	5.516070e-006
1.480000e+001	2.169764e+000	1.815248e+000	9.069106e-001	1.000000e+000	1.942493e-003	8.463906e-005	0.000000e+000	0.000000e+000	-1.019942e-004	1.925138e-003	6.816098e-007	5.467464e-006
1.490000e+001	2.174927e+000	1.819825e+000	9.195529e-001	1.000000e+000	1.944468e-003	8.428087e-005	0.000000e+000	0.000000e+000	-1.021627e-004	1.926586e-003	6.569833e-007	5.418919e-006
1.500000e+001	2.179586e+000	1.824110e+000	9.320816e-001	1.000000e+000	1.942918e-003	8.308997e-005	0.000000e+000	0.000000e+000	-1.022705e-004	1.923737e-003	5.882095e-007	5.369297e-006
1.510000e+001	2.182866e+000	1.827585e+000	9.444911e-001	1.000000e+000	1.932168e-003	7.982530e-005	0.000000e+000	0.000000e+000	-1.022143e-004	1.909779e-003	4.023133e-007	5.315517e-006
1.520000e+001	2.182833e+000	1.829030e+000	9.567644e-001	1.000000e+000	1.901734e-003	7.276589e-005	0.000000e+000	0.000000e+000	-1.017893e-004	1.872710e-003	-3.379843e-008	5.250340e-006
1.530000e+001	2.176153e+000	1.826165e+000	9.688606e-001	1.000000e+000	1.837513e-003	6.043936e-005	0.000000e+000	0.000000e+000	-1.006915e-004	1.797261e-003	-8.903184e-007	5.160288e-006
1.540000e+001	2.158234e+000	1.815596e+000	9.807001e-001	1.000000e+000	1.725885e-003	4.251563e-005	0.000000e+000	0.000000e+000	-9.857706e-005	1.669824e-003	-2.311802e-006	5.025404e-006
1.550000e+001	2.124002e+000	1.793239e+000	9.921512e-001	1.000000e+000	1.559011e-003	2.027888e-005	0.000000e+000	0.000000e+000	-9.516061e-005	1.484129e-003	-4.344323e-006	4.821908e-006
1.560000e+001	2.069069e+000	1.755172e+000	1.003028e+000	1.000000e+000	1.338705e-003	-3.619375e-006	0.000000e+000	0.000000e+000	-9.030814e-005	1.244778e-003	-6.892232e-006	4.527304e-006
1.570000e+001	1.990864e+000	1.698596e+000	1.013098e+000	1.000000e+000	1.077112e-003	-2.596429e-005	0.000000e+000	0.000000e+000	-8.408553e-005	9.670621e-004	-9.726503e-006	4.126149e-006
1.580000e+001	1.889354e+000	1.622588e+000	1.022108e+000	1.000000e+000	7.941033e-004	-4.391391e-005	0.000000e+000	0.000000e+000	-7.674854e-005	6.734409e-004	-1.253851e-005	3.614406e-006
1.590000e+001	1.767128e+000	1.528387e+000	1.029809e+000	1.000000e+000	5.127300e-004	-5.567757e-005	0.000000e+000	0.000000e+000	-6.868586e-005	3.883666e-004	-1.501402e-005	3.001043e-006
1.600000e+001	1.628936e+000	1.419201e+000	1.035986e+000	1.000000e+000	2.544741e-004	-6.075822e-005	0.000000e+000	0.000000e+000	-6.034077e-005	1.333751e-004	-1.689971e-005	2.306652e-006
1.610000e+001	1.480851e+000	1.299633e+000	1.040483e+000	1.000000e+000	3.569034e-005	-5.979763e-005	0.000000e+000	0.000000e+000	-5.213658e-005	-7.624387e-005	-1.804389e-005	1.559874e-006
1.620000e+001	1.329339e+000	1.174934e+000	1.043216e+000	1.000000e+000	-1.341421e-004	-5.418673e-005	0.000000e+000	0.000000e+000	-4.442254e-005	-2.327514e-004	-1.840679e-005	7.928355e-007
1.630000e+001	1.180439e+000	1.050283e+000	1.044174e+000	1.000000e+000	-2.524328e-004	-4.562050e-005	0.000000e+000	0.000000e+000	-3.744582e-005	-3.354991e-004	-1.804590e-005	3.676973e-008
1.640000e+001	1.039175e+000	9.302169e-001	1.043416e+000	1.000000e+000	-3.222631e-004	-3.572700e-005	0.000000e+000	0.000000e+000	-3.134722e-005	-3.893373e-004	-1.708686e-005	-6.813694e-007
1.650000e+001	9.092512e-001	8.182761e-001	1.041055e+000	1.000000e+000	-3.505677e-004	-2.583053e-005	0.000000e+000	0.000000e+000	-2.617356e-005	-4.025718e-004	-1.569047e-005	-1.340950e-006
1.660000e+001	7.929875e-001	7.168704e-001	1.037243e+000	1.000000e+000	-3.462550e-004	-1.685116e-005	0.000000e+000	0.000000e+000	-2.189888e-005	-3.850050e-004	-1.402349e-005	-1.928389e-006
1.670000e+001	6.914387e-001	6.273158e-001	1.032159e+000	1.000000e+000	-3.186221e-004	-9.309600e-006	0.000000e+000	0.000000e+000	-1.844816e-005	-3.463799e-004	-1.223729e-005	-2.436830e-006
1.680000e+001	6.046223e-001	5.499862e-001	1.025986e+000	1.000000e+000	-2.762272e-004	-3.395454e-006	0.000000e+000	0.000000e+000	-1.571880e-005	-2.953414e-004	-1.045533e-005	-2.865139e-006
1.690000e+001	5.317888e-001	4.845245e-001	1.018909e+000	1.000000e+000	-2.262339e-004	9.387503e-007	0.000000e+000	0.000000e+000	-1.359794e-005	-2.388931e-004	-8.768388e-006	-3.216569e-006
1.700000e+001	4.716865e-001	4.300647e-001	1.011099e+000	1.000000e+000	-1.741533e-004	3.884602e-006	0.000000e+000	0.000000e+000	-1.197459e-005	-1.822433e-004	-7.235461e-006	-3.497365e-006
1.710000e+001	4.227914e-001	3.854352e-001	1.002712e+000	1.000000e+000	-1.238714e-004	5.700804e-006	0.000000e+000	0.000000e+000	-1.074737e-005	-1.289179e-004	-5.888096e-006	-3.715512e-006
1.720000e+001	3.834880e-001	3.493262e-001	9.938821e-001	1.000000e+000	-7.785126e-005	6.657259e-006	0.000000e+000	0.000000e+000	-9.828349e-006	-8.102235e-005	-4.736361e-006	-3.879711e-006
1.730000e+001	3.521981e-001	3.204144e-001	9.847252e-001	1.000000e+000	-3.742108e-005	6.998700e-006	0.000000e+000	0.000000e+000	-9.144185e-006	-3.956657e-005	-3.775076e-006	-3.998619e-006
1.740000e+001	3.274627e-001	2.974476e-001	9.753367e-001	1.000000e+000	-3.085047e-006	6.924065e-006	0.000000e+000	0.000000e+000	-8.635341e-006	-4.796322e-006	-2.989541e-006	-4.080350e-006
1.750000e+001	3.079824e-001	2.792922e-001	9.657944e-001	1.000000e+000	2.518754e-005	6.579553e-006	0.000000e+000	0.000000e+000	-8.254159e-006	2.351293e-005	-2.360277e-006	-4.132194e-006
1.760000e+001	2.926308e-001	2.649539e-001	9.561602e-001	1.000000e+000	4.773287e-005	6.064535e-006	0.000000e+000	0.000000e+000	-7.962639e-006	4.583476e-005	-1.866418e-006	-4.160509e-006
1.770000e+001	2.804497e-001	2.535793e-001	9.464822e-001	1.000000e+000	6.504303e-005	5.445578e-006	0.000000e+000	0.000000e+000	-7.730613e-006	6.275800e-005	-1.487652e-006	-4.170721e-006
1.780000e+001	2.706377e-001	2.444490e-001	9.367970e-001	1.000000e+000	7.768237e-005	4.769195e-006	0.000000e+000	0.000000e+000	-7.534468e-006	7.491709e-005	-1.205060e-006	-4.167381e-006
1.790000e+001	2.625358e-001	2.369670e-001	9.271316e-001	1.000000e+000	8.623878e-005	4.069010e-006	0.000000e+000	0.000000e+000	-7.356146e-006	8.295165e-005	-1.001473e-006	-4.154239e-006
1.800000e+001	2.556125e-001	2.306478e-001	9.175051e-001	1.000000e+000	9.129889e-005	3.371986e-006	0.000000e+000	0.000000e+000	-7.182335e-006	8.748854e-005	-8.615402e-007	-4.134331e-006
1.810000e+001	2.494504e-001	2.251054e-001	9.079304e-001	1.000000e+000	9.345092e-005	2.705987e-006	0.000000e+000	0.000000e+000	-7.004054e-006	8.915285e-005	-7.714500e-007	-4.110060e-006
1.820000e+001	2.437368e-001	2.200436e-001	8.984152e-001	1.000000e+000	9.329939e-005	2.102405e-006	0.000000e+000	0.000000e+000	-6.816537e-006	8.858526e-005	-7.185115e-007	-4.083254e-006
1.830000e+001	2.382555e-001	2.152495e-001	8.889639e-001	1.000000e+000	9.145709e-005	1.589333e-006	0.000000e+000	0.000000e+000	-6.618822e-006	8.642760e-005	-6.911282e-007	-4.055222e-006
1.840000e+001	2.328734e-001	2.105839e-001	8.795783e-001	1.000000e+000	8.850184e-005	1.181461e-006	0.000000e+000	0.000000e+000	-6.412707e-006	8.327059e-005	-6.793110e-007	-4.026811e-006
1.850000e+001	2.275237e-001	2.059686e-001	8.702587e-001	1.000000e+000	8.492516e-005	8.771081e-007	0.000000e+000	0.000000e+000	-6.201384e-006	7.960089e-005	-6.752650e-007	-3.998495e-006
1.860000e+001	2.221856e-001	2.013708e-001	8.610044e-001	1.000000e+000	8.111078e-005	6.654086e-007	0.000000e+000	0.000000e+000	-5.988445e-006	7.578774e-005	-6.734640e-007	-3.970467e-006
1.870000e+001	2.168706e-001	1.967886e-001	8.518150e-001	1.000000e+000	7.735279e-005	5.364851e-007	0.000000e+000	0.000000e+000	-5.777583e-006	7.211169e-005	-6.701211e-007	-3.942735e-006
1.880000e+001	2.116123e-001	1.922425e-001	8.426897e-001	1.000000e+000	7.388630e-005	4.847892e-007	0.000000e+000	0.000000e+000	-5.572695e-006	6.879840e-005	-6.625347e-007	-3.915172e-006
1.890000e+001	2.064601e-001	1.877680e-001	8.336284e-001	1.000000e+000	7.089484e-005	5.031905e-007	0.000000e+000	0.000000e+000	-5.377719e-006	6.602031e-005	-6.488676e-007	-3.887563e-006
1.900000e+001	2.014702e-001	1.834098e-001	8.246316e-001	1.000000e+000	6.848718e-005	5.750232e-007	0.000000e+000	0.000000e+000	-5.195975e-006	6.386622e-005	-6.284207e-007	-3.859642e-006
1.910000e+001	1.966936e-001	1.792124e-001	8.157002e-001	1.000000e+000	6.666963e-005	6.728220e-007	0.000000e+000	0.000000e+000	-5.029322e-006	6.231313e-005	-6.019473e-007	-3.831147e-006
1.920000e+001	1.921646e-001	1.752105e-001	8.068359e-001	1.000000e+000	6.534518e-005	7.655302e-007	0.000000e+000	0.000000e+000	-4.877704e-006	6.123301e-005	-5.715282e-007	-3.801880e-006
1.930000e+001	1.878949e-001	1.714215e-001	7.980405e-001	1.000000e+000	6.434856e-005	8.288525e-007	0.000000e+000	0.000000e+000	-4.739387e-006	6.043803e-005	-5.399252e-007	-3.771745e-006
1.940000e+001	1.838742e-001	1.678446e-001	7.893162e-001	1.000000e+000	6.350118e-005	8.521575e-007	0.000000e+000	0.000000e+000	-4.611709e-006	5.974162e-005	-5.097234e-007	-3.740762e-006
1.950000e+001	1.800769e-001	1.644635e-001	7.806646e-001	1.000000e+000	6.266083e-005	8.389479e-007	0.000000e+000	0.000000e+000	-4.491975e-006	5.900781e-005	-4.826618e-007	-3.709038e-006
1.960000e+001	1.764718e-001	1.612542e-001	7.720875e-001	1.000000e+000	6.174872e-005	8.021670e-007	0.000000e+000	0.000000e+000	-4.378114e-006	5.817277e-005	-4.593777e-007	-3.676728e-006
1.970000e+001	1.730296e-001	1.581914e-001	7.635860e-001	1.000000e+000	6.075028e-005	7.576691e-007	0.000000e+000	0.000000e+000	-4.268962e-006	5.723899e-005	-4.395518e-007	-3.643991e-006
1.980000e+001	1.697285e-001	1.552544e-001	7.551608e-001	1.000000e+000	5.969771e-005	7.188239e-007	0.000000e+000	0.000000e+000	-4.164192e-006	5.625234e-005	-4.222863e-007	-3.610957e-006
1.990000e+001	1.665555e-001	1.524295e-001	7.468127e-001	1.000000e+000	5.864526e-005	6.936801e-007	0.000000e+000	0.000000e+000	-4.064046e-006	5.527489e-005	-4.065216e-007	-3.577711e-006
2.000000e+001	1.635053e-001	1.497096e-001	7.385419e-001	1.000000e+000	5.764718e-005	6.846336e-007	0.000000e+000	0.000000e+000	-3.969014e-006	5.436280e-005	-3.913552e-007	-3.544299e-006
2.010000e+001	1.605776e-001	1.470928e-001	7.303489e-001	1.000000e+000	5.674326e-005	6.897300e-007	0.000000e+000	0.000000e+000	-3.879558e-006	5.355343e-005	-3.762095e-007	-3.510735e-006
2.020000e+001	1.577741e-001	1.445800e-001	7.222341e-001	1.000000e+000	5.595295e-005	7.045811e-007	0.000000e+000	0.000000e+000	-3.795948e-006	5.286159e-005	-3.608599e-007	-3.477016e-006
2.030000e+001	1.550962e-001	1.421724e-001	7.141978e-001	1.000000e+000	5.527621e-005	7.241377e-007	0.000000e+000	0.000000e+000	-3.718194e-006	5.228216e-005	-3.453711e-007	-3.443135e-006
2.040000e+001	1.525433e-001	1.398701e-001	7.062403e-001	1.000000e+000	5.469833e-005	7.439309e-007	0.000000e+000	0.000000e+000	-3.646057e-006	5.179620e-005	-3.299907e-007	-3.409095e-006
2.050000e+001	1.501119e-001	1.376715e-001	6.983621e-001	1.000000e+000	5.419612e-005	7.607099e-007	0.000000e+000	0.000000e+000	-3.579104e-006	5.137772e-005	-3.150423e-007	-3.374909e-006
2.060000e+001	1.477962e-001	1.355724e-001	6.905634e-001	1.000000e+000	5.374360e-005	7.725862e-007	0.000000e+000	0.000000e+000	-3.516780e-006	5.099941e-005	-3.008406e-007	-3.340602e-006
2.070000e+001	1.455880e-001	1.335668e-001	6.828445e-001	1.000000e+000	5.331635e-005	7.788640e-007	0.000000e+000	0.000000e+000	-3.458480e-006	5.063673e-005	-2.876374e-007	-3.306212e-006
2.080000e+001	1.434778e-001	1.316474e-001	6.752056e-001	1.000000e+000	5.289404e-005	7.797244e-007	0.000000e+000	0.000000e+000	-3.403603e-006	5.027016e-005	-2.755963e-007	-3.271785e-006
2.090000e+001	1.414555e-001	1.298059e-001	6.676465e-001	1.000000e+000	5.246165e-005	7.758876e-007	0.000000e+000	0.000000e+000	-3.351590e-006	4.988595e-005	-2.647909e-007	-3.237370e-006
2.100000e+001	1.395109e-001	1.280338e-001	6.601674e-001	1.000000e+000	5.200943e-005	7.683235e-007	0.000000e+000	0.000000e+000	-3.301952e-006	4.947580e-005	-2.552164e-007	-3.203018e-006
2.110000e+001	1.376344e-001	1.263230e-001	6.527679e-001	1.000000e+000	5.153227e-005	7.580408e-007	0.000000e+000	0.000000e+000	-3.254270e-006	4.903604e-005	-2.468079e-007	-3.168777e-006
2.120000e+001	1.358171e-001	1.246659e-001	6.454478e-001	1.000000e+000	5.102870e-005	7.459549e-007	0.000000e+000	0.000000e+000	-3.208205e-006	4.856645e-005	-2.394613e-007	-3.134691e-006
2.130000e+001	1.340513e-001	1.230555e-001	6.382066e-001	1.000000e+000	5.049989e-005	7.328222e-007	0.000000e+000	0.000000e+000	-3.163483e-006	4.806923e-005	-2.330505e-007	-3.100798e-006
2.140000e+001	1.323303e-001	1.214861e-001	6.310439e-001	1.000000e+000	4.994867e-005	7.192213e-007	0.000000e+000	0.000000e+000	-3.119891e-006	4.754800e-005	-2.274429e-007	-3.067131e-006
2.150000e+001	1.306486e-001	1.199525e-001	6.239591e-001	1.000000e+000	4.937872e-005	7.055634e-007	0.000000e+000	0.000000e+000	-3.077265e-006	4.700702e-005	-2.225093e-007	-3.033717e-006
2.160000e+001	1.290014e-001	1.184506e-001	6.169516e-001	1.000000e+000	4.879408e-005	6.921182e-007	0.000000e+000	0.000000e+000	-3.035482e-006	4.645071e-005	-2.181310e-007	-3.000577e-006
2.170000e+001	1.273852e-001	1.169769e-001	6.100207e-001	1.000000e+000	4.819867e-005	6.790445e-007	0.000000e+000	0.000000e+000	-2.994450e-006	4.588326e-005	-2.142032e-007	-2.967729e-006
2.180000e+001	1.257968e-001	1.155288e-001	6.031658e-001	1.000000e+000	4.759610e-005	6.664207e-007	0.000000e+000	0.000000e+000	-2.954100e-006	4.530842e-005	-2.106366e-007	-2.935184e-006
2.190000e+001	1.242339e-001	1.141040e-001	5.963861e-001	1.000000e+000	4.698951e-005	6.542702e-007	0.000000e+000	0.000000e+000	-2.914380e-006	4.472940e-005	-2.073570e-007	-2.902952e-006
2.200000e+001	1.226946e-001	1.127007e-001	5.896809e-001	1.000000e+000	4.638158e-005	6.425820e-007	0.000000e+000	0.000000e+000	-2.875254e-006	4.414891e-005	-2.043042e-007	-2.871039e-006
2.210000e+001	1.211775e-001	1.113176e-001	5.830494e-001	1.000000e+000	4.577447e-005	6.313256e-007	0.000000e+000	0.000000e+000	-2.836691e-006	4.356910e-005	-2.014301e-007	-2.839448e-006
2.220000e+001	1.196813e-001	1.099536e-001	5.764909e-001	1.000000e+000	4.516991e-005	6.204617e-007	0.000000e+000	0.000000e+000	-2.798672e-006	4.299170e-005	-1.986970e-007	-2.808181e-006
2.230000e+001	1.182053e-001	1.086078e-001	5.700047e-001	1.000000e+000	4.456925e-005	6.099489e-007	0.000000e+000	0.000000e+000	-2.761178e-006	4.241802e-005	-1.960760e-007	-2.777240e-006
2.240000e+001	1.167485e-001	1.072796e-001	5.635899e-001	1.000000e+000	4.397351e-005	5.997479e-007	0.000000e+000	0.000000e+000	-2.724197e-006	4.184906e-005	-1.935448e-007	-2.746623e-006
2.250000e+001	1.153105e-001	1.059684e-001	5.572459e-001	1.000000e+000	4.338345e-005	5.898233e-007	0.000000e+000	0.000000e+000	-2.687717e-006	4.128556e-005	-1.910866e-007	-2.716329e-006
2.260000e+001	1.138908e-001	1.046738e-001	5.509719e-001	1.000000e+000	4.279963e-005	5.801449e-007	0.000000e+000	0.000000e+000	-2.651729e-006	4.072804e-005	-1.886889e-007	-2.686358e-006
2.270000e+001	1.124889e-001	1.033953e-001	5.447671e-001	1.000000e+000	4.222242e-005	5.706873e-007	0.000000e+000	0.000000e+000	-2.616223e-006	4.017689e-005	-1.863423e-007	-2.656705e-006
2.280000e+001	1.111045e-001	1.021326e-001	5.386308e-001	1.000000e+000	4.165210e-005	5.614297e-007	0.000000e+000	0.000000e+000	-2.581194e-006	3.963233e-005	-1.840399e-007	-2.627370e-006
2.290000e+001	1.097373e-001	1.008856e-001	5.325623e-001	1.000000e+000	4.108881e-005	5.523556e-007	0.000000e+000	0.000000e+000	-2.546632e-006	3.909453e-005	-1.817766e-007	-2.598349e-006
2.300000e+001	1.083870e-001	9.965379e-002	5.265608e-001	1.000000e+000	4.053265e-005	5.434515e-007	0.000000e+000	0.000000e+000	-2.512533e-006	3.856357e-005	-1.795486e-007	-2.569639e-006
2.310000e+001	1.070533e-001	9.843710e-002	5.206257e-001	1.000000e+000	3.998367e-005	5.347067e-007	0.000000e+000	0.000000e+000	-2.478888e-006	3.803949e-005	-1.773531e-007	-2.541238e-006
2.320000e+001	1.057361e-001	9.723527e-002	5.147561e-001	1.000000e+000	3.944186e-005	5.261130e-007	0.000000e+000	0.000000e+000	-2.445692e-006	3.752228e-005	-1.751882e-007	-2.513142e-006
2.330000e+001	1.044351e-001	9.604810e-002	5.089515e-001	1.000000e+000	3.890719e-005	5.176635e-007	0.000000e+000	0.000000e+000	-2.412939e-006	3.701191e-005	-1.730521e-007	-2.485348e-006
2.340000e+001	1.031501e-001	9.487540e-002	5.032111e-001	1.000000e+000	3.837962e-005	5.093526e-007	0.000000e+000	0.000000e+000	-2.380623e-006	3.650834e-005	-1.709438e-007	-2.457854e-006
2.350000e+001	1.018808e-001	9.371699e-002	4.975341e-001	1.000000e+000	3.785908e-005	5.011761e-007	0.000000e+000	0.000000e+000	-2.348738e-006	3.601152e-005	-1.688623e-007	-2.430656e-006
2.360000e+001	1.006272e-001	9.257268e-002	4.919200e-001	1.000000e+000	3.734551e-005	4.931299e-007	0.000000e+000	0.000000e+000	-2.317279e-006	3.552136e-005	-1.668069e-007	-2.403752e-006
2.370000e+001	9.938890e-002	9.144229e-002	4.863681e-001	1.000000e+000	3.683883e-005	4.852111e-007	0.000000e+000	0.000000e+000	-2.286239e-006	3.503780e-005	-1.647770e-007	-2.377137e-006
2.380000e+001	9.816581e-002	9.032566e-002	4.808776e-001	1.000000e+000	3.633896e-005	4.774167e-007	0.000000e+000	0.000000e+000	-2.255612e-006	3.456077e-005	-1.627721e-007	-2.350810e-006
2.390000e+001	9.695774e-002	8.922262e-002	4.754480e-001	1.000000e+000	3.584582e-005	4.697443e-007	0.000000e+000	0.000000e+000	-2.225395e-006	3.409017e-005	-1.607917e-007	-2.324768e-006
2.400000e+001	9.576448e-002	8.813299e-002	4.700785e-001	1.000000e+000	3.535931e-005	4.621915e-007	0.000000e+000	0.000000e+000	-2.195580e-006	3.362593e-005	-1.588355e-007	-2.299006e-006
2.410000e+001	9.458586e-002	8.705662e-002	4.647685e-001	1.000000e+000	3.487937e-005	4.547564e-007	0.000000e+000	0.000000e+000	-2.166163e-006	3.316796e-005	-1.569032e-007	-2.273523e-006
2.420000e+001	9.342171e-002	8.599335e-002	4.595174e-001	1.000000e+000	3.440589e-005	4.474368e-007	0.000000e+000	0.000000e+000	-2.137139e-006	3.271619e-005	-1.549943e-007	-2.248316e-006
2.430000e+001	9.227183e-002	8.494301e-002	4.543245e-001	1.000000e+000	3.393880e-005	4.402309e-007	0.000000e+000	0.000000e+000	-2.108501e-006	3.227053e-005	-1.531086e-007	-2.223381e-006
2.440000e+001	9.113606e-002	8.390545e-002	4.491892e-001	1.000000e+000	3.347800e-005	4.331368e-007	0.000000e+000	0.000000e+000	-2.080246e-006	3.183090e-005	-1.512458e-007	-2.198716e-006
2.450000e+001	9.001422e-002	8.288052e-002	4.441109e-001	1.000000e+000	3.302343e-005	4.261529e-007	0.000000e+000	0.000000e+000	-2.052368e-006	3.139722e-005	-1.494056e-007	-2.174318e-006
2.460000e+001	8.890615e-002	8.186805e-002	4.390890e-001	1.000000e+000	3.257499e-005	4.192774e-007	0.000000e+000	0.000000e+000	-2.024861e-006	3.096941e-005	-1.475877e-007	-2.150184e-006
2.470000e+001	8.781167e-002	8.086791e-002	4.341228e-001	1.000000e+000	3.213260e-005	4.125086e-007	0.000000e+000	0.000000e+000	-1.997722e-006	3.054739e-005	-1.457918e-007	-2.126312e-006
2.480000e+001	8.673063e-002	7.987993e-002	4.292117e-001	1.000000e+000	3.169619e-005	4.058449e-007	0.000000e+000	0.000000e+000	-1.970945e-006	3.013109e-005	-1.440177e-007	-2.102698e-006
2.490000e+001	8.566284e-002	7.890398e-002	4.243552e-001	1.000000e+000	3.126566e-005	3.992847e-007	0.000000e+000	0.000000e+000	-1.944525e-006	2.972042e-005	-1.422651e-007	-2.079340e-006
2.500000e+001	8.460816e-002	7.793990e-002	4.195526e-001	1.000000e+000	3.084095e-005	3.928265e-007	0.000000e+000	0.000000e+000	-1.918458e-006	2.931532e-005	-1.405337e-007	-2.056235e-006
2.510000e+001	8.356643e-002	7.698756e-002	4.148035e-001	1.000000e+000	3.042197e-005	3.864686e-007	0.000000e+000	0.000000e+000	-1.892739e-006	2.891570e-005	-1.388233e-007	-2.033381e-006
2.520000e+001	8.253747e-002	7.604681e-002	4.101071e-001	1.000000e+000	3.000865e-005	3.802096e-007	0.000000e+000	0.000000e+000	-1.867363e-006	2.852150e-005	-1.371337e-007	-2.010775e-006
2.530000e+001	8.152115e-002	7.511751e-002	4.054629e-001	1.000000e+000	2.960091e-005	3.740479e-007	0.000000e+000	0.000000e+000	-1.842325e-006	2.813264e-005	-1.354645e-007	-1.988415e-006
2.540000e+001	8.051729e-002	7.419952e-002	4.008704e-001	1.000000e+000	2.919868e-005	3.679822e-007	0.000000e+000	0.000000e+000	-1.817622e-006	2.774904e-005	-1.338155e-007	-1.966297e-006
2.550000e+001	7.952576e-002	7.329271e-002	3.963289e-001	1.000000e+000	2.880188e-005	3.620108e-007	0.000000e+000	0.000000e+000	-1.793249e-006	2.737064e-005	-1.321865e-007	-1.944420e-006
2.560000e+001	7.854640e-002	7.239694e-002	3.918380e-001	1.000000e+000	2.841044e-005	3.561325e-007	0.000000e+000	0.000000e+000	-1.769201e-006	2.699737e-005	-1.305773e-007	-1.922780e-006
2.570000e+001	7.757906e-002	7.151207e-002	3.873971e-001	1.000000e+000	2.802429e-005	3.503458e-007	0.000000e+000	0.000000e+000	-1.745474e-006	2.662916e-005	-1.289876e-007	-1.901375e-006
2.580000e+001	7.662359e-002	7.063797e-002	3.830057e-001	1.000000e+000	2.764335e-005	3.446492e-007	0.000000e+000	0.000000e+000	-1.722064e-006	2.626594e-005	-1.274171e-007	-1.880204e-006
2.590000e+001	7.567986e-002	6.977452e-002	3.786631e-001	1.000000e+000	2.726756e-005	3.390416e-007	0.000000e+000	0.000000e+000	-1.698967e-006	2.590764e-005	-1.258657e-007	-1.859262e-006
2.600000e+001	7.474771e-002	6.892158e-002	3.743689e-001	1.000000e+000	2.689685e-005	3.335214e-007	0.000000e+000	0.000000e+000	-1.676178e-006	2.555420e-005	-1.243331e-007	-1.838549e-006
2.610000e+001	7.382700e-002	6.807902e-002	3.701226e-001	1.000000e+000	2.653115e-005	3.280874e-007	0.000000e+000	0.000000e+000	-1.653693e-006	2.520555e-005	-1.228190e-007	-1.818061e-006
2.620000e+001	7.291760e-002	6.724673e-002	3.659236e-001	1.000000e+000	2.617039e-005	3.227382e-007	0.000000e+000	0.000000e+000	-1.631509e-006	2.486162e-005	-1.213234e-007	-1.797796e-006
2.630000e+001	7.201936e-002	6.642457e-002	3.617713e-001	1.000000e+000	2.581451e-005	3.174726e-007	0.000000e+000	0.000000e+000	-1.609620e-006	2.452236e-005	-1.198458e-007	-1.777751e-006
2.640000e+001	7.113215e-002	6.561243e-002	3.576654e-001	1.000000e+000	2.546343e-005	3.122894e-007	0.000000e+000	0.000000e+000	-1.588025e-006	2.418770e-005	-1.183862e-007	-1.757926e-006
2.650000e+001	7.025584e-002	6.481018e-002	3.536053e-001	1.000000e+000	2.511710e-005	3.071872e-007	0.000000e+000	0.000000e+000	-1.566717e-006	2.385757e-005	-1.169443e-007	-1.738316e-006
2.660000e+001	6.939029e-002	6.401769e-002	3.495905e-001	1.000000e+000	2.477545e-005	3.021648e-007	0.000000e+000	0.000000e+000	-1.545695e-006	2.353192e-005	-1.155198e-007	-1.718920e-006
2.670000e+001	6.853536e-002	6.323487e-002	3.456205e-001	1.000000e+000	2.443843e-005	2.972210e-007	0.000000e+000	0.000000e+000	-1.524953e-006	2.321069e-005	-1.141127e-007	-1.699736e-006
2.680000e+001	6.769094e-002	6.246157e-002	3.416948e-001	1.000000e+000	2.410595e-005	2.923547e-007	0.000000e+000	0.000000e+000	-1.504488e-006	2.289382e-005	-1.127226e-007	-1.680761e-006
2.690000e+001	6.685688e-002	6.169770e-002	3.378129e-001	1.000000e+000	2.377798e-005	2.875646e-007	0.000000e+000	0.000000e+000	-1.484296e-006	2.258124e-005	-1.113493e-007	-1.661993e-006
2.700000e+001	6.603307e-002	6.094314e-002	3.339744e-001	1.000000e+000	2.345443e-005	2.828496e-007	0.000000e+000	0.000000e+000	-1.464375e-006	2.227291e-005	-1.099928e-007	-1.643430e-006
2.710000e+001	6.521938e-002	6.019776e-002	3.301788e-001	1.000000e+000	2.313527e-005	2.782086e-007	0.000000e+000	0.000000e+000	-1.444719e-006	2.196875e-005	-1.086527e-007	-1.625070e-006
2.720000e+001	6.441568e-002	5.946147e-002	3.264256e-001	1.000000e+000	2.282041e-005	2.736403e-007	0.000000e+000	0.000000e+000	-1.425327e-006	2.166873e-005	-1.073288e-007	-1.606910e-006
2.730000e+001	6.362186e-002	5.873415e-002	3.227143e-001	1.000000e+000	2.250982e-005	2.691438e-007	0.000000e+000	0.000000e+000	-1.406193e-006	2.137277e-005	-1.060210e-007	-1.588949e-006
2.740000e+001	6.283778e-002	5.801569e-002	3.190445e-001	1.000000e+000	2.220343e-005	2.647179e-007	0.000000e+000	0.000000e+000	-1.387315e-006	2.108083e-005	-1.047291e-007	-1.571184e-006
2.750000e+001	6.206334e-002	5.730599e-002	3.154157e-001	1.000000e+000	2.190118e-005	2.603616e-007	0.000000e+000	0.000000e+000	-1.368690e-006	2.079286e-005	-1.034528e-007	-1.553614e-006
2.760000e+001	6.129841e-002	5.660494e-002	3.118275e-001	1.000000e+000	2.160303e-005	2.560737e-007	0.000000e+000	0.000000e+000	-1.350313e-006	2.050879e-005	-1.021920e-007	-1.536236e-006
2.770000e+001	6.054288e-002	5.591243e-002	3.082795e-001	1.000000e+000	2.130890e-005	2.518533e-007	0.000000e+000	0.000000e+000	-1.332182e-006	2.022857e-005	-1.009466e-007	-1.519048e-006
2.780000e+001	5.979664e-002	5.522836e-002	3.047712e-001	1.000000e+000	2.101876e-005	2.476993e-007	0.000000e+000	0.000000e+000	-1.314293e-006	1.995216e-005	-9.971623e-008	-1.502048e-006
2.790000e+001	5.905956e-002	5.455263e-002	3.013021e-001	1.000000e+000	2.073254e-005	2.436107e-007	0.000000e+000	0.000000e+000	-1.296644e-006	1.967951e-005	-9.850081e-008	-1.485234e-006
2.800000e+001	5.833154e-002	5.388513e-002	2.978719e-001	1.000000e+000	2.045019e-005	2.395865e-007	0.000000e+000	0.000000e+000	-1.279230e-006	1.941055e-005	-9.730014e-008	-1.468605e-006
2.810000e+001	5.761246e-002	5.322578e-002	2.944801e-001	1.000000e+000	2.017167e-005	2.356258e-007	0.000000e+000	0.000000e+000	-1.262049e-006	1.914525e-005	-9.611405e-008	-1.452158e-006
2.820000e+001	5.690222e-002	5.257446e-002	2.911262e-001	1.000000e+000	1.989692e-005	2.317275e-007	0.000000e+000	0.000000e+000	-1.245098e-006	1.888355e-005	-9.494235e-008	-1.435891e-006
2.830000e+001	5.620071e-002	5.193108e-002	2.878100e-001	1.000000e+000	1.962588e-005	2.278907e-007	0.000000e+000	0.000000e+000	-1.228374e-006	1.862540e-005	-9.378488e-008	-1.419802e-006
2.840000e+001	5.550782e-002	5.129554e-002	2.845309e-001	1.000000e+000	1.935851e-005	2.241144e-007	0.000000e+000	0.000000e+000	-1.211873e-006	1.837076e-005	-9.264146e-008	-1.403890e-006
2.850000e+001	5.482344e-002	5.066775e-002	2.812885e-001	1.000000e+000	1.909477e-005	2.203978e-007	0.000000e+000	0.000000e+000	-1.195593e-006	1.811957e-005	-9.151192e-008	-1.388153e-006
2.860000e+001	5.414748e-002	5.004762e-002	2.780826e-001	1.000000e+000	1.883459e-005	2.167399e-007	0.000000e+000	0.000000e+000	-1.179530e-006	1.787180e-005	-9.039610e-008	-1.372588e-006
2.870000e+001	5.347982e-002	4.943505e-002	2.749125e-001	1.000000e+000	1.857794e-005	2.131399e-007	0.000000e+000	0.000000e+000	-1.163683e-006	1.762739e-005	-8.929382e-008	-1.357194e-006
2.880000e+001	5.282038e-002	4.882994e-002	2.717780e-001	1.000000e+000	1.832476e-005	2.095968e-007	0.000000e+000	0.000000e+000	-1.148047e-006	1.738631e-005	-8.820493e-008	-1.341969e-006
2.890000e+001	5.216903e-002	4.823222e-002	2.686787e-001	1.000000e+000	1.807501e-005	2.061097e-007	0.000000e+000	0.000000e+000	-1.132620e-006	1.714850e-005	-8.712926e-008	-1.326912e-006
2.900000e+001	5.152570e-002	4.764179e-002	2.656142e-001	1.000000e+000	1.782864e-005	2.026779e-007	0.000000e+000	0.000000e+000	-1.117400e-006	1.691392e-005	-8.606666e-008	-1.312020e-006
2.910000e+001	5.089027e-002	4.705856e-002	2.625841e-001	1.000000e+000	1.758561e-005	1.993004e-007	0.000000e+000	0.000000e+000	-1.102384e-006	1.668253e-005	-8.501696e-008	-1.297291e-006
2.920000e+001	5.026265e-002	4.648244e-002	2.595879e-001	1.000000e+000	1.734587e-005	1.959765e-007	0.000000e+000	0.000000e+000	-1.087568e-006	1.645428e-005	-8.398001e-008	-1.282725e-006
2.930000e+001	4.964275e-002	4.591335e-002	2.566255e-001	1.000000e+000	1.710938e-005	1.927053e-007	0.000000e+000	0.000000e+000	-1.072951e-006	1.622914e-005	-8.295566e-008	-1.268318e-006
2.940000e+001	4.903047e-002	4.535120e-002	2.536963e-001	1.000000e+000	1.687609e-005	1.894860e-007	0.000000e+000	0.000000e+000	-1.058529e-006	1.600705e-005	-8.194375e-008	-1.254071e-006
2.950000e+001	4.842572e-002	4.479590e-002	2.508000e-001	1.000000e+000	1.664597e-005	1.863178e-007	0.000000e+000	0.000000e+000	-1.044300e-006	1.578799e-005	-8.094413e-008	-1.239980e-006
2.960000e+001	4.782841e-002	4.424738e-002	2.479363e-001	1.000000e+000	1.641896e-005	1.831999e-007	0.000000e+000	0.000000e+000	-1.030261e-006	1.557190e-005	-7.995666e-008	-1.226044e-006
2.970000e+001	4.723844e-002	4.370556e-002	2.451047e-001	1.000000e+000	1.619503e-005	1.801316e-007	0.000000e+000	0.000000e+000	-1.016411e-006	1.535875e-005	-7.898118e-008	-1.212262e-006
2.980000e+001	4.665573e-002	4.317034e-002	2.423050e-001	1.000000e+000	1.597413e-005	1.771121e-007	0.000000e+000	0.000000e+000	-1.002745e-006	1.514850e-005	-7.801756e-008	-1.198631e-006
2.990000e+001	4.608018e-002	4.264165e-002	2.395367e-001	1.000000e+000	1.575622e-005	1.741406e-007	0.000000e+000	0.000000e+000	-9.892628e-007	1.494110e-005	-7.706565e-008	-1.185151e-006
3.000000e+001	4.551171e-002	4.211942e-002	2.367997e-001	1.000000e+000	1.554127e-005	1.712164e-007	0.000000e+000	0.000000e+000	-9.759608e-007	1.473653e-005	-7.612530e-008	-1.171819e-006
3.010000e+001	4.495023e-002	4.160356e-002	2.340933e-001	1.000000e+000	1.532924e-005	1.683388e-007	0.000000e+000	0.000000e+000	-9.628369e-007	1.453474e-005	-7.519638e-008	-1.158635e-006
3.020000e+001	4.439565e-002	4.109399e-002	2.314175e-001	1.000000e+000	1.512007e-005	1.655071e-007	0.000000e+000	0.000000e+000	-9.498886e-007	1.433569e-005	-7.427874e-008	-1.145595e-006
3.030000e+001	4.384790e-002	4.059064e-002	2.287718e-001	1.000000e+000	1.491375e-005	1.627205e-007	0.000000e+000	0.000000e+000	-9.371137e-007	1.413935e-005	-7.337226e-008	-1.132700e-006
3.040000e+001	4.330688e-002	4.009343e-002	2.261558e-001	1.000000e+000	1.471022e-005	1.599784e-007	0.000000e+000	0.000000e+000	-9.245098e-007	1.394569e-005	-7.247680e-008	-1.119947e-006
3.050000e+001	4.277252e-002	3.960229e-002	2.235693e-001	1.000000e+000	1.450945e-005	1.572800e-007	0.000000e+000	0.000000e+000	-9.120746e-007	1.375465e-005	-7.159222e-008	-1.107334e-006
3.060000e+001	4.224473e-002	3.911715e-002	2.210120e-001	1.000000e+000	1.431140e-005	1.546248e-007	0.000000e+000	0.000000e+000	-8.998059e-007	1.356622e-005	-7.071840e-008	-1.094861e-006
3.070000e+001	4.172344e-002	3.863793e-002	2.184834e-001	1.000000e+000	1.411604e-005	1.520120e-007	0.000000e+000	0.000000e+000	-8.877015e-007	1.338035e-005	-6.985519e-008	-1.082526e-006
3.080000e+001	4.120856e-002	3.816456e-002	2.159833e-001	1.000000e+000	1.392333e-005	1.494410e-007	0.000000e+000	0.000000e+000	-8.757592e-007	1.319701e-005	-6.900248e-008	-1.070327e-006
3.090000e+001	4.070001e-002	3.769696e-002	2.135115e-001	1.000000e+000	1.373323e-005	1.469111e-007	0.000000e+000	0.000000e+000	-8.639768e-007	1.301616e-005	-6.816014e-008	-1.058263e-006
3.100000e+001	4.019772e-002	3.723508e-002	2.110674e-001	1.000000e+000	1.354571e-005	1.444217e-007	0.000000e+000	0.000000e+000	-8.523522e-007	1.283778e-005	-6.732804e-008	-1.046332e-006
3.110000e+001	3.970161e-002	3.677883e-002	2.086510e-001	1.000000e+000	1.336073e-005	1.419722e-007	0.000000e+000	0.000000e+000	-8.408833e-007	1.266182e-005	-6.650606e-008	-1.034533e-006
3.120000e+001	3.921160e-002	3.632815e-002	2.062618e-001	1.000000e+000	1.317827e-005	1.395620e-007	0.000000e+000	0.000000e+000	-8.295680e-007	1.248826e-005	-6.569407e-008	-1.022864e-006
3.130000e+001	3.872762e-002	3.588298e-002	2.038995e-001	1.000000e+000	1.299828e-005	1.371904e-007	0.000000e+000	0.000000e+000	-8.184042e-007	1.231706e-005	-6.489195e-008	-1.011325e-006
3.140000e+001	3.824960e-002	3.544324e-002	2.015639e-001	1.000000e+000	1.282073e-005	1.348569e-007	0.000000e+000	0.000000e+000	-8.073900e-007	1.214820e-005	-6.409959e-008	-9.999135e-007
3.150000e+001	3.777746e-002	3.500887e-002	1.992546e-001	1.000000e+000	1.264559e-005	1.325609e-007	0.000000e+000	0.000000e+000	-7.965234e-007	1.198163e-005	-6.331687e-008	-9.886282e-007
3.160000e+001	3.731113e-002	3.457981e-002	1.969715e-001	1.000000e+000	1.247283e-005	1.303017e-007	0.000000e+000	0.000000e+000	-7.858023e-007	1.181733e-005	-6.254366e-008	-9.774679e-007
3.170000e+001	3.685054e-002	3.415598e-002	1.947141e-001	1.000000e+000	1.230241e-005	1.280789e-007	0.000000e+000	0.000000e+000	-7.752248e-007	1.165527e-005	-6.177986e-008	-9.664312e-007
3.180000e+001	3.639562e-002	3.373733e-002	1.924821e-001	1.000000e+000	1.213431e-005	1.258918e-007	0.000000e+000	0.000000e+000	-7.647891e-007	1.149541e-005	-6.102535e-008	-9.555167e-007
3.190000e+001	3.594630e-002	3.332380e-002	1.902754e-001	1.000000e+000	1.196849e-005	1.237400e-007	0.000000e+000	0.000000e+000	-7.544932e-007	1.133773e-005	-6.028002e-008	-9.447233e-007
3.200000e+001	3.550250e-002	3.291531e-002	1.880937e-001	1.000000e+000	1.180492e-005	1.216228e-007	0.000000e+000	0.000000e+000	-7.443352e-007	1.118220e-005	-5.954376e-008	-9.340495e-007
