TIME          	MC CONC       	STS CONC      	HTS CONC      	SED CONC      	ADV dm/dt     	DISP dm/dt    	DECAY dm/dt   	SORPTION dm/dt	STORAGE dm/dt 	MC dm/dt      	STS dm/dt     	HTS dm/dt     
(hr)          	mg/L          	mg/L          	mg/L          	mg/L          	(mg/L)·(m²/s)  	(mg/L)·(m²/s)  	(mg/L)·(m²/s)  	(mg/L)·(m²/s)  	(mg/L)·(m²/s)  	(mg/L)·(m²/s)  	(mg/L)·(m²/s)  	(mg/L)·(m²/s)  
0.000000e+000	5.458860e-002	1.753346e-004	6.782524e-007	0.000000e+000	4.631945e-005	1.964601e-006	0.000000e+000	0.000000e+000	-1.565470e-005	3.262935e-005	1.564439e-005	-1.282130e-025
1.000000e-001	4.337531e-002	3.386653e-002	1.158335e-004	1.000000e+000	3.680476e-005	1.561043e-006	0.000000e+000	0.000000e+000	-2.735677e-006	3.563013e-005	7.443726e-007	2.361030e-008
2.000000e-001	4.251950e-002	3.530126e-002	1.356514e-004	1.000000e+000	3.607859e-005	1.530244e-006	0.000000e+000	0.000000e+000	-2.076687e-006	3.553215e-005	1.111733e-009	1.409174e-009
3.000000e-001	4.218280e-002	3.512803e-002	1.360924e-004	1.000000e+000	3.579289e-005	1.518126e-006	0.000000e+000	0.000000e+000	-2.029658e-006	3.528136e-005	-3.572521e-008	-3.197088e-010
4.000000e-001	4.187415e-002	3.487631e-002	1.351829e-004	1.000000e+000	3.553100e-005	1.507018e-006	0.000000e+000	0.000000e+000	-2.013279e-006	3.502474e-005	-3.730351e-008	-4.196843e-010
5.000000e-001	4.156903e-002	3.462244e-002	1.342025e-004	1.000000e+000	3.527210e-005	1.496038e-006	0.000000e+000	0.000000e+000	-1.998533e-006	3.476961e-005	-3.712353e-008	-4.221746e-010
6.000000e-001	4.126620e-002	3.437023e-002	1.332250e-004	1.000000e+000	3.501519e-005	1.485164e-006	0.000000e+000	0.000000e+000	-1.983971e-006	3.451639e-005	-3.685706e-008	-4.193842e-010
7.000000e-001	4.096564e-002	3.411987e-002	1.322545e-004	1.000000e+000	3.476089e-005	1.474655e-006	0.000000e+000	0.000000e+000	-1.969528e-006	3.426602e-005	-3.657930e-008	-4.162798e-010
8.000000e-001	4.066776e-002	3.387155e-002	1.312917e-004	1.000000e+000	3.451355e-005	1.465926e-006	0.000000e+000	0.000000e+000	-1.955269e-006	3.402421e-005	-3.623862e-008	-4.126932e-010
9.000000e-001	4.037455e-002	3.362631e-002	1.303392e-004	1.000000e+000	3.428965e-005	1.463335e-006	0.000000e+000	0.000000e+000	-1.941467e-006	3.381152e-005	-3.562105e-008	-4.068124e-010
1.000000e+000	4.009201e-002	3.338761e-002	1.294074e-004	1.000000e+000	3.412984e-005	1.475406e-006	0.000000e+000	0.000000e+000	-1.928856e-006	3.367639e-005	-3.419807e-008	-3.937183e-010
1.100000e+000	3.983340e-002	3.316385e-002	1.285229e-004	1.000000e+000	3.410534e-005	1.513190e-006	0.000000e+000	0.000000e+000	-1.918831e-006	3.369970e-005	-3.106644e-008	-3.642839e-010
1.200000e+000	3.962103e-002	3.297038e-002	1.277373e-004	1.000000e+000	3.430783e-005	1.585455e-006	0.000000e+000	0.000000e+000	-1.913393e-006	3.397989e-005	-2.512999e-008	-3.064274e-010
1.300000e+000	3.948493e-002	3.282960e-002	1.271302e-004	1.000000e+000	3.482252e-005	1.693385e-006	0.000000e+000	0.000000e+000	-1.914738e-006	3.460117e-005	-1.550738e-008	-2.091328e-010
1.400000e+000	3.945768e-002	3.276790e-002	1.268005e-004	1.000000e+000	3.569585e-005	1.828224e-006	0.000000e+000	0.000000e+000	-1.924650e-006	3.559943e-005	-1.968217e-009	-6.749183e-011
1.500000e+000	3.956710e-002	3.281025e-002	1.268478e-004	1.000000e+000	3.691359e-005	1.973249e-006	0.000000e+000	0.000000e+000	-1.943945e-006	3.694289e-005	1.483516e-008	1.138943e-010
1.600000e+000	3.982945e-002	3.297436e-002	1.273496e-004	1.000000e+000	3.839883e-005	2.108841e-006	0.000000e+000	0.000000e+000	-1.972210e-006	3.853546e-005	3.345145e-008	3.208699e-010
1.700000e+000	4.024532e-002	3.326620e-002	1.283422e-004	1.000000e+000	4.002920e-005	2.218041e-006	0.000000e+000	0.000000e+000	-2.007894e-006	4.023935e-005	5.197503e-008	5.329131e-010
1.800000e+000	4.079932e-002	3.367852e-002	1.298118e-004	1.000000e+000	4.166470e-005	2.290398e-006	0.000000e+000	0.000000e+000	-2.048657e-006	4.190644e-005	6.849455e-008	7.280277e-010
1.900000e+000	4.146306e-002	3.419213e-002	1.316962e-004	1.000000e+000	4.317590e-005	2.323191e-006	0.000000e+000	0.000000e+000	-2.091844e-006	4.340724e-005	8.148315e-008	8.874517e-010
2.000000e+000	4.220016e-002	3.477949e-002	1.338967e-004	1.000000e+000	4.446454e-005	2.320363e-006	0.000000e+000	0.000000e+000	-2.134926e-006	4.464997e-005	9.003000e-008	9.988211e-010
2.100000e+000	4.297187e-002	3.540911e-002	1.362947e-004	1.000000e+000	4.547334e-005	2.290156e-006	0.000000e+000	0.000000e+000	-2.175806e-006	4.558769e-005	9.389109e-008	1.057302e-009
2.200000e+000	4.374187e-002	3.604988e-002	1.387685e-004	1.000000e+000	4.618565e-005	2.242501e-006	0.000000e+000	0.000000e+000	-2.212986e-006	4.621517e-005	9.339629e-008	1.064945e-009
2.300000e+000	4.447973e-002	3.667443e-002	1.412076e-004	1.000000e+000	4.661805e-005	2.186872e-006	0.000000e+000	0.000000e+000	-2.245586e-006	4.655933e-005	8.927522e-008	1.028918e-009
2.400000e+000	4.516267e-002	3.726114e-002	1.435220e-004	1.000000e+000	4.680965e-005	2.130943e-006	0.000000e+000	0.000000e+000	-2.273270e-006	4.666732e-005	8.246333e-008	9.593264e-010
2.500000e+000	4.577600e-002	3.779502e-002	1.456464e-004	1.000000e+000	4.681113e-005	2.080038e-006	0.000000e+000	0.000000e+000	-2.296128e-006	4.659504e-005	7.393175e-008	8.671886e-010
2.600000e+000	4.631237e-002	3.826741e-002	1.475408e-004	1.000000e+000	4.667558e-005	2.037172e-006	0.000000e+000	0.000000e+000	-2.314534e-006	4.639822e-005	6.456385e-008	7.628763e-010
2.700000e+000	4.677053e-002	3.867519e-002	1.491875e-004	1.000000e+000	4.645198e-005	2.003460e-006	0.000000e+000	0.000000e+000	-2.329029e-006	4.612641e-005	5.508302e-008	6.551376e-010
2.800000e+000	4.715375e-002	3.901952e-002	1.505866e-004	1.000000e+000	4.618143e-005	1.978657e-006	0.000000e+000	0.000000e+000	-2.340216e-006	4.581987e-005	4.602511e-008	5.506508e-010
2.900000e+000	4.746828e-002	3.930459e-002	1.517515e-004	1.000000e+000	4.589565e-005	1.961696e-006	0.000000e+000	0.000000e+000	-2.348694e-006	4.550866e-005	3.774336e-008	4.539875e-010
3.000000e+000	4.772209e-002	3.953643e-002	1.527036e-004	1.000000e+000	4.561715e-005	1.951124e-006	0.000000e+000	0.000000e+000	-2.355015e-006	4.521326e-005	3.043318e-008	3.678405e-010
3.100000e+000	4.792376e-002	3.972197e-002	1.534692e-004	1.000000e+000	4.536032e-005	1.945419e-006	0.000000e+000	0.000000e+000	-2.359656e-006	4.494608e-005	2.416594e-008	2.933850e-010
3.200000e+000	4.808178e-002	3.986830e-002	1.540756e-004	1.000000e+000	4.513302e-005	1.943185e-006	0.000000e+000	0.000000e+000	-2.363018e-006	4.471319e-005	1.892397e-008	2.306765e-010
3.300000e+000	4.820402e-002	3.998218e-002	1.545493e-004	1.000000e+000	4.493831e-005	1.943252e-006	0.000000e+000	0.000000e+000	-2.365422e-006	4.451614e-005	1.463199e-008	1.790212e-010
3.400000e+000	4.829748e-002	4.006974e-002	1.549149e-004	1.000000e+000	4.477589e-005	1.944707e-006	0.000000e+000	0.000000e+000	-2.367120e-006	4.435348e-005	1.118268e-008	1.372862e-010
3.500000e+000	4.836818e-002	4.013632e-002	1.551937e-004	1.000000e+000	4.464340e-005	1.946882e-006	0.000000e+000	0.000000e+000	-2.368308e-006	4.422197e-005	8.455849e-009	1.041360e-010
3.600000e+000	4.842114e-002	4.018642e-002	1.554042e-004	1.000000e+000	4.453738e-005	1.949317e-006	0.000000e+000	0.000000e+000	-2.369129e-006	4.411757e-005	6.331543e-009	7.820079e-011
3.700000e+000	4.846045e-002	4.022377e-002	1.555615e-004	1.000000e+000	4.445394e-005	1.951721e-006	0.000000e+000	0.000000e+000	-2.369692e-006	4.403597e-005	4.698254e-009	5.818369e-011
3.800000e+000	4.848939e-002	4.025138e-002	1.556781e-004	1.000000e+000	4.438924e-005	1.953924e-006	0.000000e+000	0.000000e+000	-2.370074e-006	4.397309e-005	3.457306e-009	4.292203e-011
3.900000e+000	4.851052e-002	4.027162e-002	1.557638e-004	1.000000e+000	4.433973e-005	1.955846e-006	0.000000e+000	0.000000e+000	-2.370331e-006	4.392524e-005	2.524549e-009	3.141424e-011
4.000000e+000	4.852584e-002	4.028635e-002	1.558263e-004	1.000000e+000	4.430227e-005	1.957462e-006	0.000000e+000	0.000000e+000	-2.370503e-006	4.388923e-005	1.830287e-009	2.282399e-011
4.100000e+000	4.853688e-002	4.029699e-002	1.558716e-004	1.000000e+000	4.427423e-005	1.958783e-006	0.000000e+000	0.000000e+000	-2.370617e-006	4.386240e-005	1.318151e-009	1.647037e-011
4.200000e+000	4.854478e-002	4.030463e-002	1.559041e-004	1.000000e+000	4.425345e-005	1.959838e-006	0.000000e+000	0.000000e+000	-2.370691e-006	4.384260e-005	9.434596e-010	1.181051e-011
4.300000e+000	4.855041e-002	4.031009e-002	1.559274e-004	1.000000e+000	4.423818e-005	1.960664e-006	0.000000e+000	0.000000e+000	-2.370740e-006	4.382810e-005	6.713938e-010	8.419309e-012
4.400000e+000	4.855439e-002	4.031396e-002	1.559440e-004	1.000000e+000	4.422705e-005	1.961302e-006	0.000000e+000	0.000000e+000	-2.370772e-006	4.381758e-005	4.752199e-010	5.968957e-012
4.500000e+000	4.855720e-002	4.031670e-002	1.559557e-004	1.000000e+000	4.421899e-005	1.961786e-006	0.000000e+000	0.000000e+000	-2.370792e-006	4.380998e-005	3.346790e-010	4.210097e-012
4.600000e+000	4.855916e-002	4.031862e-002	1.559639e-004	1.000000e+000	4.421320e-005	1.962150e-006	0.000000e+000	0.000000e+000	-2.370805e-006	4.380454e-005	2.345953e-010	2.955299e-012
4.700000e+000	4.856053e-002	4.031996e-002	1.559697e-004	1.000000e+000	4.420906e-005	1.962420e-006	0.000000e+000	0.000000e+000	-2.370813e-006	4.380067e-005	1.637180e-010	2.065184e-012
4.800000e+000	4.856149e-002	4.032090e-002	1.559737e-004	1.000000e+000	4.420613e-005	1.962619e-006	0.000000e+000	0.000000e+000	-2.370818e-006	4.379793e-005	1.137832e-010	1.437096e-012
4.900000e+000	4.856215e-002	4.032155e-002	1.559765e-004	1.000000e+000	4.420405e-005	1.962764e-006	0.000000e+000	0.000000e+000	-2.370821e-006	4.379600e-005	7.877243e-011	9.960806e-013
5.000000e+000	4.856260e-002	4.032200e-002	1.559785e-004	1.000000e+000	4.420260e-005	1.962869e-006	0.000000e+000	0.000000e+000	-2.370823e-006	4.379464e-005	5.433572e-011	6.878415e-013
5.100000e+000	4.856292e-002	4.032230e-002	1.559798e-004	1.000000e+000	4.420158e-005	1.962944e-006	0.000000e+000	0.000000e+000	-2.370824e-006	4.379370e-005	3.735122e-011	4.733286e-013
5.200000e+000	4.856313e-002	4.032252e-002	1.559807e-004	1.000000e+000	4.420087e-005	1.962998e-006	0.000000e+000	0.000000e+000	-2.370825e-006	4.379304e-005	2.558687e-011	3.246133e-013
5.300000e+000	4.856328e-002	4.032266e-002	1.559813e-004	1.000000e+000	4.420035e-005	1.963025e-006	0.000000e+000	0.000000e+000	-2.370825e-006	4.379255e-005	1.721885e-011	2.204146e-013
5.400000e+000	4.856335e-002	4.032275e-002	1.559817e-004	1.000000e+000	4.419970e-005	1.962929e-006	0.000000e+000	0.000000e+000	-2.370821e-006	4.379180e-005	7.805309e-012	1.236473e-013
5.500000e+000	4.856321e-002	4.032272e-002	1.559818e-004	1.000000e+000	4.419727e-005	1.962221e-006	0.000000e+000	0.000000e+000	-2.370788e-006	4.378871e-005	-2.373051e-011	-1.353487e-013
5.600000e+000	4.856219e-002	4.032223e-002	1.559805e-004	1.000000e+000	4.418785e-005	1.959624e-006	0.000000e+000	0.000000e+000	-2.370636e-006	4.377684e-005	-1.458353e-010	-1.159655e-012
5.700000e+000	4.855849e-002	4.032020e-002	1.559747e-004	1.000000e+000	4.416006e-005	1.952947e-006	0.000000e+000	0.000000e+000	-2.370158e-006	4.374285e-005	-5.053825e-010	-4.355081e-012
5.800000e+000	4.854838e-002	4.031424e-002	1.559567e-004	1.000000e+000	4.409388e-005	1.938848e-006	0.000000e+000	0.000000e+000	-2.368961e-006	4.366377e-005	-1.351482e-009	-1.220362e-011
5.900000e+000	4.852476e-002	4.029972e-002	1.559113e-004	1.000000e+000	4.395390e-005	1.911152e-006	0.000000e+000	0.000000e+000	-2.366346e-006	4.349870e-005	-3.112569e-009	-2.890284e-011
6.000000e+000	4.847430e-002	4.026790e-002	1.558097e-004	1.000000e+000	4.367264e-005	1.857515e-006	0.000000e+000	0.000000e+000	-2.360981e-006	4.316917e-005	-6.606868e-009	-6.231546e-011
6.100000e+000	4.837197e-002	4.020234e-002	1.555977e-004	1.000000e+000	4.312752e-005	1.757279e-006	0.000000e+000	0.000000e+000	-2.350403e-006	4.253440e-005	-1.332987e-008	-1.271274e-010
6.200000e+000	4.817458e-002	4.007368e-002	1.551769e-004	1.000000e+000	4.213054e-005	1.585259e-006	0.000000e+000	0.000000e+000	-2.330628e-006	4.138517e-005	-2.553933e-008	-2.467159e-010
6.300000e+000	4.781761e-002	3.983572e-002	1.543869e-004	1.000000e+000	4.045615e-005	1.323509e-006	0.000000e+000	0.000000e+000	-2.296388e-006	3.948327e-005	-4.578775e-008	-4.497565e-010
6.400000e+000	4.722081e-002	3.942687e-002	1.530044e-004	1.000000e+000	3.791699e-005	9.767087e-007	0.000000e+000	0.000000e+000	-2.242316e-006	3.665138e-005	-7.581989e-008	-7.595622e-010
6.500000e+000	4.630508e-002	3.878025e-002	1.507727e-004	1.000000e+000	3.446539e-005	5.821478e-007	0.000000e+000	0.000000e+000	-2.164893e-006	3.288264e-005	-1.152225e-007	-1.179081e-009
6.600000e+000	4.501757e-002	3.784199e-002	1.474643e-004	1.000000e+000	3.027374e-005	2.063587e-007	0.000000e+000	0.000000e+000	-2.064417e-006	2.841568e-005	-1.605312e-007	-1.678788e-009
6.700000e+000	4.335597e-002	3.659198e-002	1.429608e-004	1.000000e+000	2.574420e-005	-7.386720e-008	0.000000e+000	0.000000e+000	-1.946002e-006	2.372433e-005	-2.054483e-007	-2.195342e-009
6.800000e+000	4.138073e-002	3.505860e-002	1.373184e-004	1.000000e+000	2.142114e-005	-2.006710e-007	0.000000e+000	0.000000e+000	-1.818876e-006	1.940159e-005	-2.424166e-007	-2.645275e-009
6.900000e+000	3.920668e-002	3.331902e-002	1.307857e-004	1.000000e+000	1.782446e-005	-1.617233e-007	0.000000e+000	0.000000e+000	-1.693881e-006	1.596886e-005	-2.651303e-007	-2.951161e-009
7.000000e+000	3.697426e-002	3.148209e-002	1.237562e-004	1.000000e+000	1.527137e-005	1.214097e-009	0.000000e+000	0.000000e+000	-1.580097e-006	1.369249e-005	-2.709100e-007	-3.069946e-009
7.100000e+000	3.481080e-002	2.965918e-002	1.166656e-004	1.000000e+000	1.377369e-005	2.089017e-007	0.000000e+000	0.000000e+000	-1.482121e-006	1.250047e-005	-2.617060e-007	-3.009333e-009
7.200000e+000	3.279825e-002	2.793468e-002	1.098751e-004	1.000000e+000	1.305994e-005	3.776446e-007	0.000000e+000	0.000000e+000	-1.399249e-006	1.203833e-005	-2.431856e-007	-2.823358e-009
7.300000e+000	3.095937e-002	2.634798e-002	1.035872e-004	1.000000e+000	1.270207e-005	4.504472e-007	0.000000e+000	0.000000e+000	-1.326697e-006	1.182582e-005	-2.224460e-007	-2.589978e-009
7.400000e+000	2.926512e-002	2.489240e-002	9.782335e-005	1.000000e+000	1.227821e-005	4.121222e-007	0.000000e+000	0.000000e+000	-1.258029e-006	1.143230e-005	-2.055331e-007	-2.382643e-009
7.500000e+000	2.765647e-002	2.352866e-002	9.246176e-005	1.000000e+000	1.150002e-005	2.851511e-007	0.000000e+000	0.000000e+000	-1.187571e-006	1.059760e-005	-1.958096e-007	-2.248581e-009
7.600000e+000	2.606985e-002	2.220495e-002	8.731059e-005	1.000000e+000	1.026471e-005	1.127018e-007	0.000000e+000	0.000000e+000	-1.111932e-006	9.265476e-006	-1.936201e-007	-2.200911e-009
7.700000e+000	2.445720e-002	2.087565e-002	8.218307e-005	1.000000e+000	8.637280e-006	-5.910018e-008	0.000000e+000	0.000000e+000	-1.030411e-006	7.547768e-006	-1.969830e-007	-2.223728e-009
7.800000e+000	2.279759e-002	1.951374e-002	7.695270e-005	1.000000e+000	6.805380e-006	-1.893323e-007	0.000000e+000	0.000000e+000	-9.447642e-007	5.671284e-006	-2.025552e-007	-2.282768e-009
7.900000e+000	2.110341e-002	1.811774e-002	7.158532e-005	1.000000e+000	5.044749e-006	-2.415938e-007	0.000000e+000	0.000000e+000	-8.589762e-007	3.944179e-006	-2.062641e-007	-2.333799e-009
8.000000e+000	1.942333e-002	1.671535e-002	6.615630e-005	1.000000e+000	3.692942e-006	-1.845344e-007	0.000000e+000	0.000000e+000	-7.790885e-007	2.729319e-006	-2.036966e-007	-2.327465e-009
8.100000e+000	1.784163e-002	1.536411e-002	6.085664e-005	1.000000e+000	3.117724e-006	7.116681e-009	0.000000e+000	0.000000e+000	-7.127809e-007	2.412060e-006	-1.905577e-007	-2.214427e-009
8.200000e+000	1.648269e-002	1.415222e-002	5.599289e-005	1.000000e+000	3.806823e-006	4.021575e-007	0.000000e+000	0.000000e+000	-6.704765e-007	3.538503e-006	-1.616089e-007	-1.940954e-009
8.300000e+000	1.557660e-002	1.322783e-002	5.205659e-005	1.000000e+000	7.025459e-006	1.312250e-006	0.000000e+000	0.000000e+000	-6.757401e-007	7.661969e-006	-1.019971e-007	-1.380072e-009
8.400000e+000	1.569321e-002	1.293139e-002	5.010422e-005	1.000000e+000	1.642745e-005	3.602435e-006	0.000000e+000	0.000000e+000	-7.945758e-007	1.923531e-005	3.426353e-008	-1.265247e-010
8.500000e+000	1.818514e-002	1.409466e-002	5.273432e-005	1.000000e+000	3.993251e-005	8.782411e-006	0.000000e+000	0.000000e+000	-1.176833e-006	4.753809e-005	3.481138e-007	2.782948e-009
8.600000e+000	2.565891e-002	1.843428e-002	6.555342e-005	1.000000e+000	9.003592e-005	1.855371e-005	0.000000e+000	0.000000e+000	-2.078525e-006	1.065111e-004	9.946300e-007	8.957226e-009
8.700000e+000	4.212016e-002	2.879718e-002	9.835517e-005	1.000000e+000	1.811854e-004	3.393756e-005	0.000000e+000	0.000000e+000	-3.833022e-006	2.112899e-004	2.139787e-006	2.029343e-008
8.800000e+000	7.252642e-002	4.899660e-002	1.649674e-004	1.000000e+000	3.248495e-004	5.452121e-005	0.000000e+000	0.000000e+000	-6.769531e-006	3.726012e-004	3.888583e-006	3.822786e-008
8.900000e+000	1.217891e-001	8.316521e-002	2.812458e-004	1.000000e+000	5.246007e-004	7.831007e-005	0.000000e+000	0.000000e+000	-1.111208e-005	5.917987e-004	6.222062e-006	6.296422e-008
9.000000e+000	1.935638e-001	1.348103e-001	4.616638e-004	1.000000e+000	7.735873e-004	1.022627e-004	0.000000e+000	0.000000e+000	-1.690340e-005	8.589467e-004	8.976741e-006	9.309228e-008
9.100000e+000	2.892654e-001	2.059066e-001	7.156798e-004	1.000000e+000	1.055406e-003	1.231985e-004	0.000000e+000	0.000000e+000	-2.398233e-005	1.154622e-003	1.187538e-005	1.257814e-007
9.200000e+000	4.076179e-001	2.963330e-001	1.045135e-003	1.000000e+000	1.347748e-003	1.386490e-004	0.000000e+000	0.000000e+000	-3.201666e-005	1.454380e-003	1.459289e-005	1.574369e-007
9.300000e+000	5.448238e-001	4.038005e-001	1.443443e-003	1.000000e+000	1.627232e-003	1.473543e-004	0.000000e+000	0.000000e+000	-4.057241e-005	1.734014e-003	1.682988e-005	1.845311e-007
9.400000e+000	6.952248e-001	5.242362e-001	1.896614e-003	1.000000e+000	1.873783e-003	1.493276e-004	0.000000e+000	0.000000e+000	-4.919342e-005	1.973917e-003	1.836968e-005	2.043150e-007
9.500000e+000	8.522152e-001	6.524606e-001	2.385612e-003	1.000000e+000	2.073496e-003	1.455872e-004	0.000000e+000	0.000000e+000	-5.746942e-005	2.161613e-003	1.910657e-005	2.152321e-007
9.600000e+000	1.009166e+000	7.829567e-001	2.889280e-003	1.000000e+000	2.219662e-003	1.377306e-004	0.000000e+000	0.000000e+000	-6.508055e-005	2.292313e-003	1.904505e-005	2.169981e-007
9.700000e+000	1.160178e+000	9.105567e-001	3.387111e-003	1.000000e+000	2.312247e-003	1.275085e-004	0.000000e+000	0.000000e+000	-7.181610e-005	2.367940e-003	1.827827e-005	2.104131e-007
9.800000e+000	1.300568e+000	1.030940e+000	3.861399e-003	1.000000e+000	2.356353e-003	1.164994e-004	0.000000e+000	0.000000e+000	-7.757184e-005	2.395280e-003	1.695601e-005	1.970239e-007
9.900000e+000	1.427085e+000	1.140907e+000	4.298531e-003	1.000000e+000	2.360307e-003	1.059241e-004	0.000000e+000	0.000000e+000	-8.233339e-005	2.383898e-003	1.525204e-005	1.787494e-007
1.000000e+001	1.537900e+000	1.238444e+000	4.689460e-003	1.000000e+000	2.333842e-003	9.658878e-005	0.000000e+000	0.000000e+000	-8.615329e-005	2.344277e-003	1.333722e-005	1.575545e-007
1.010000e+001	1.632434e+000	1.322641e+000	5.029518e-003	1.000000e+000	2.286642e-003	8.891438e-005	0.000000e+000	0.000000e+000	-8.912750e-005	2.286428e-003	1.136110e-005	1.352139e-007
1.020000e+001	1.711104e+000	1.393501e+000	5.317792e-003	1.000000e+000	2.227349e-003	8.301078e-005	0.000000e+000	0.000000e+000	-9.137445e-005	2.218985e-003	9.441868e-006	1.131720e-007
1.030000e+001	1.775033e+000	1.451716e+000	5.556282e-003	1.000000e+000	2.163004e-003	7.876799e-005	0.000000e+000	0.000000e+000	-9.301845e-005	2.148754e-003	7.663132e-006	9.248694e-008
1.040000e+001	1.825784e+000	1.498436e+000	5.748995e-003	1.000000e+000	2.098869e-003	7.594806e-005	0.000000e+000	0.000000e+000	-9.417813e-005	2.080639e-003	6.075944e-006	7.383753e-008
1.050000e+001	1.865126e+000	1.535061e+000	5.901126e-003	1.000000e+000	2.038529e-003	7.426557e-005	0.000000e+000	0.000000e+000	-9.495975e-005	2.017835e-003	4.704190e-006	5.757575e-008
1.060000e+001	1.894869e+000	1.563083e+000	6.018377e-003	1.000000e+000	1.984171e-003	7.344575e-005	0.000000e+000	0.000000e+000	-9.545461e-005	1.962163e-003	3.551522e-006	4.380166e-008
1.070000e+001	1.916742e+000	1.583968e+000	6.106466e-003	1.000000e+000	1.936927e-003	7.325450e-005	0.000000e+000	0.000000e+000	-9.573910e-005	1.914442e-003	2.608123e-006	3.244181e-008
1.080000e+001	1.932334e+000	1.599084e+000	6.170807e-003	1.000000e+000	1.897170e-003	7.350266e-005	0.000000e+000	0.000000e+000	-9.587580e-005	1.874797e-003	1.856076e-006	2.331520e-008
1.090000e+001	1.943046e+000	1.609663e+000	6.216313e-003	1.000000e+000	1.864732e-003	7.403302e-005	0.000000e+000	0.000000e+000	-9.591451e-005	1.842850e-003	1.272866e-006	1.617892e-008
1.100000e+001	1.950077e+000	1.616769e+000	6.247288e-003	1.000000e+000	1.839031e-003	7.470549e-005	0.000000e+000	0.000000e+000	-9.589271e-005	1.817844e-003	8.332819e-007	1.075417e-008
1.110000e+001	1.954404e+000	1.621292e+000	6.267363e-003	1.000000e+000	1.819181e-003	7.539905e-005	0.000000e+000	0.000000e+000	-9.583626e-005	1.798744e-003	5.108817e-007	6.743329e-009
1.120000e+001	1.956795e+000	1.623944e+000	6.279479e-003	1.000000e+000	1.804152e-003	7.603351e-005	0.000000e+000	0.000000e+000	-9.576147e-005	1.784424e-003	2.802060e-007	3.852221e-009
1.130000e+001	1.957837e+000	1.625272e+000	6.285923e-003	1.000000e+000	1.792985e-003	7.658790e-005	0.000000e+000	0.000000e+000	-9.567895e-005	1.773894e-003	1.195903e-007	1.821092e-009
1.140000e+001	1.957978e+000	1.625697e+000	6.288447e-003	1.000000e+000	1.784951e-003	7.708944e-005	0.000000e+000	0.000000e+000	-9.559730e-005	1.766443e-003	1.296260e-008	4.495152e-010
1.150000e+001	1.957575e+000	1.625546e+000	6.288413e-003	1.000000e+000	1.779564e-003	7.757601e-005	0.000000e+000	0.000000e+000	-9.552478e-005	1.761615e-003	-5.069987e-008	-4.022057e-010
1.160000e+001	1.956918e+000	1.625084e+000	6.286904e-003	1.000000e+000	1.776465e-003	7.806222e-005	0.000000e+000	0.000000e+000	-9.546865e-005	1.759058e-003	-7.967492e-008	-8.348773e-010
1.170000e+001	1.956233e+000	1.624521e+000	6.284791e-003	1.000000e+000	1.775299e-003	7.853366e-005	0.000000e+000	0.000000e+000	-9.543357e-005	1.758399e-003	-8.164355e-008	-9.366495e-010
1.180000e+001	1.955684e+000	1.624015e+000	6.282741e-003	1.000000e+000	1.775672e-003	7.896519e-005	0.000000e+000	0.000000e+000	-9.542111e-005	1.759216e-003	-6.432938e-008	-7.953328e-010
1.190000e+001	1.955373e+000	1.623672e+000	6.281220e-003	1.000000e+000	1.777190e-003	7.934259e-005	0.000000e+000	0.000000e+000	-9.543049e-005	1.761103e-003	-3.478415e-008	-4.938981e-010
1.200000e+001	1.955360e+000	1.623556e+000	6.280519e-003	1.000000e+000	1.779529e-003	7.967099e-005	0.000000e+000	0.000000e+000	-9.546008e-005	1.763740e-003	1.614452e-009	-9.919198e-011
1.210000e+001	1.955674e+000	1.623702e+000	6.280797e-003	1.000000e+000	1.782469e-003	7.996817e-005	0.000000e+000	0.000000e+000	-9.550857e-005	1.766928e-003	4.153637e-008	3.446528e-010
1.220000e+001	1.956331e+000	1.624126e+000	6.282138e-003	1.000000e+000	1.785880e-003	8.024954e-005	0.000000e+000	0.000000e+000	-9.557519e-005	1.770554e-003	8.318872e-008	8.131334e-010
1.230000e+001	1.957332e+000	1.624837e+000	6.284581e-003	1.000000e+000	1.789647e-003	8.051186e-005	0.000000e+000	0.000000e+000	-9.565890e-005	1.774500e-003	1.251260e-007	1.289756e-009
1.240000e+001	1.958663e+000	1.625828e+000	6.288118e-003	1.000000e+000	1.793575e-003	8.072321e-005	0.000000e+000	0.000000e+000	-9.575687e-005	1.778542e-003	1.648327e-007	1.750214e-009
1.250000e+001	1.960274e+000	1.627069e+000	6.292664e-003	1.000000e+000	1.797317e-003	8.082780e-005	0.000000e+000	0.000000e+000	-9.586286e-005	1.782282e-003	1.978183e-007	2.149903e-009
1.260000e+001	1.962062e+000	1.628496e+000	6.298007e-003	1.000000e+000	1.800376e-003	8.076781e-005	0.000000e+000	0.000000e+000	-9.596688e-005	1.785177e-003	2.179555e-007	2.423534e-009
1.270000e+001	1.963875e+000	1.629998e+000	6.303769e-003	1.000000e+000	1.802215e-003	8.051225e-005	0.000000e+000	0.000000e+000	-9.605641e-005	1.786670e-003	2.191633e-007	2.500319e-009
1.280000e+001	1.965528e+000	1.631433e+000	6.309428e-003	1.000000e+000	1.802413e-003	8.007822e-005	0.000000e+000	0.000000e+000	-9.611933e-005	1.786372e-003	1.977397e-007	2.329135e-009
1.290000e+001	1.966836e+000	1.632644e+000	6.314388e-003	1.000000e+000	1.800826e-003	7.953313e-005	0.000000e+000	0.000000e+000	-9.614706e-005	1.784212e-003	1.542497e-007	1.902163e-009
1.300000e+001	1.967655e+000	1.633498e+000	6.318099e-003	1.000000e+000	1.797647e-003	7.897467e-005	0.000000e+000	0.000000e+000	-9.613697e-005	1.780485e-003	9.397936e-008	1.265044e-009
1.310000e+001	1.967910e+000	1.633907e+000	6.320171e-003	1.000000e+000	1.793361e-003	7.849793e-005	0.000000e+000	0.000000e+000	-9.609269e-005	1.775767e-003	2.561858e-008	5.073094e-010
1.320000e+001	1.967610e+000	1.633851e+000	6.320447e-003	1.000000e+000	1.788602e-003	7.816771e-005	0.000000e+000	0.000000e+000	-9.602257e-005	1.770747e-003	-4.117281e-008	-2.625751e-010
1.330000e+001	1.966832e+000	1.633369e+000	6.319020e-003	1.000000e+000	1.784002e-003	7.801134e-005	0.000000e+000	0.000000e+000	-9.593739e-005	1.766076e-003	-9.800887e-008	-9.442392e-010
1.340000e+001	1.965705e+000	1.632551e+000	6.316189e-003	1.000000e+000	1.780105e-003	7.803101e-005	0.000000e+000	0.000000e+000	-9.584852e-005	1.762287e-003	-1.388002e-007	-1.461187e-009
1.350000e+001	1.964393e+000	1.631521e+000	6.312400e-003	1.000000e+000	1.777348e-003	7.821956e-005	0.000000e+000	0.000000e+000	-9.576720e-005	1.759800e-003	-1.595950e-007	-1.762183e-009
1.360000e+001	1.963078e+000	1.630425e+000	6.308195e-003	1.000000e+000	1.776067e-003	7.856328e-005	0.000000e+000	0.000000e+000	-9.570413e-005	1.758926e-003	-1.582016e-007	-1.816875e-009
1.370000e+001	1.961944e+000	1.629415e+000	6.304160e-003	1.000000e+000	1.776464e-003	7.903319e-005	0.000000e+000	0.000000e+000	-9.566858e-005	1.759829e-003	-1.343809e-007	-1.616026e-009
1.380000e+001	1.961162e+000	1.628639e+000	6.300873e-003	1.000000e+000	1.778555e-003	7.957900e-005	0.000000e+000	0.000000e+000	-9.566690e-005	1.762467e-003	-9.040402e-008	-1.177220e-009
1.390000e+001	1.960860e+000	1.628217e+000	6.298839e-003	1.000000e+000	1.782144e-003	8.013580e-005	0.000000e+000	0.000000e+000	-9.570134e-005	1.766579e-003	-3.119592e-008	-5.482970e-010
1.400000e+001	1.961113e+000	1.628233e+000	6.298418e-003	1.000000e+000	1.786855e-003	8.064039e-005	0.000000e+000	0.000000e+000	-9.576981e-005	1.771726e-003	3.639022e-008	1.981242e-010
1.410000e+001	1.961934e+000	1.628716e+000	6.299786e-003	1.000000e+000	1.792213e-003	8.104760e-005	0.000000e+000	0.000000e+000	-9.586682e-005	1.777394e-003	1.049710e-007	9.787517e-010
1.420000e+001	1.963280e+000	1.629651e+000	6.302931e-003	1.000000e+000	1.797750e-003	8.133950e-005	0.000000e+000	0.000000e+000	-9.598500e-005	1.783104e-003	1.681442e-007	1.716861e-009
1.430000e+001	1.965074e+000	1.630986e+000	6.307684e-003	1.000000e+000	1.803089e-003	8.152395e-005	0.000000e+000	0.000000e+000	-9.611690e-005	1.788496e-003	2.215588e-007	2.356149e-009
1.440000e+001	1.967217e+000	1.632646e+000	6.313775e-003	1.000000e+000	1.807985e-003	8.162404e-005	0.000000e+000	0.000000e+000	-9.625611e-005	1.793353e-003	2.631902e-007	2.866488e-009
1.450000e+001	1.969611e+000	1.634548e+000	6.320893e-003	1.000000e+000	1.812310e-003	8.166335e-005	0.000000e+000	0.000000e+000	-9.639756e-005	1.797576e-003	2.928059e-007	3.240238e-009
1.460000e+001	1.972161e+000	1.636613e+000	6.328724e-003	1.000000e+000	1.816000e-003	8.165552e-005	0.000000e+000	0.000000e+000	-9.653716e-005	1.801119e-003	3.110086e-007	3.482295e-009
1.470000e+001	1.974778e+000	1.638764e+000	6.336972e-003	1.000000e+000	1.819005e-003	8.160130e-005	0.000000e+000	0.000000e+000	-9.667107e-005	1.803935e-003	3.184042e-007	3.599995e-009
1.480000e+001	1.977372e+000	1.640929e+000	6.345351e-003	1.000000e+000	1.821207e-003	8.147137e-005	0.000000e+000	0.000000e+000	-9.679458e-005	1.805884e-003	3.146167e-007	3.593535e-009
1.490000e+001	1.979813e+000	1.643017e+000	6.353539e-003	1.000000e+000	1.822051e-003	8.109406e-005	0.000000e+000	0.000000e+000	-9.689631e-005	1.806249e-003	2.936157e-007	3.419045e-009
1.500000e+001	1.981778e+000	1.644836e+000	6.360941e-003	1.000000e+000	1.819383e-003	7.988483e-005	0.000000e+000	0.000000e+000	-9.693808e-005	1.802329e-003	2.284205e-007	2.852246e-009
1.510000e+001	1.982389e+000	1.645870e+000	6.365985e-003	1.000000e+000	1.807529e-003	7.660322e-005	0.000000e+000	0.000000e+000	-9.681656e-005	1.787315e-003	4.611757e-008	1.226506e-009
1.520000e+001	1.979717e+000	1.644899e+000	6.364806e-003	1.000000e+000	1.776013e-003	6.953000e-005	0.000000e+000	0.000000e+000	-9.632710e-005	1.749216e-003	-3.862444e-007	-2.782411e-009
1.530000e+001	1.970427e+000	1.639646e+000	6.349779e-003	1.000000e+000	1.710754e-003	5.719657e-005	0.000000e+000	0.000000e+000	-9.516590e-005	1.672784e-003	-1.238536e-006	-1.102266e-008
1.540000e+001	1.949937e+000	1.626719e+000	6.308928e-003	1.000000e+000	1.598168e-003	3.927928e-005	0.000000e+000	0.000000e+000	-9.298966e-005	1.544458e-003	-2.654694e-006	-2.526422e-008
1.550000e+001	1.913185e+000	1.602048e+000	6.227059e-003	1.000000e+000	1.430480e-003	1.707075e-005	0.000000e+000	0.000000e+000	-8.951391e-005	1.358037e-003	-4.679816e-006	-4.637323e-008
1.560000e+001	1.855805e+000	1.561728e+000	6.088651e-003	1.000000e+000	1.209592e-003	-6.768834e-006	0.000000e+000	0.000000e+000	-8.460596e-005	1.118217e-003	-7.216976e-006	-7.370483e-008
1.570000e+001	1.775263e+000	1.502988e+000	5.881560e-003	1.000000e+000	9.477487e-004	-2.901830e-005	0.000000e+000	0.000000e+000	-7.833339e-005	8.403970e-004	-1.003576e-005	-1.050342e-007
1.580000e+001	1.671565e+000	1.424941e+000	5.600216e-003	1.000000e+000	6.649208e-004	-4.683391e-005	0.000000e+000	0.000000e+000	-7.095383e-005	5.471331e-004	-1.282633e-005	-1.370420e-007
1.590000e+001	1.547353e+000	1.328869e+000	5.247266e-003	1.000000e+000	3.842365e-004	-5.842884e-005	0.000000e+000	0.000000e+000	-6.285774e-005	2.629499e-004	-1.527371e-005	-1.661154e-007
1.600000e+001	1.407427e+000	1.218028e+000	4.833296e-003	1.000000e+000	1.272184e-004	-6.331489e-005	0.000000e+000	0.000000e+000	-5.448987e-005	9.413646e-006	-1.712449e-005	-1.891456e-007
1.610000e+001	1.257907e+000	1.097064e+000	4.374963e-003	1.000000e+000	-8.978313e-005	-6.214603e-005	0.000000e+000	0.000000e+000	-4.627447e-005	-1.982036e-004	-1.822761e-005	-2.040801e-007
1.620000e+001	1.105299e+000	9.712665e-001	3.892227e-003	1.000000e+000	-2.573371e-004	-5.632637e-005	0.000000e+000	0.000000e+000	-3.856112e-005	-3.522246e-004	-1.854457e-005	-2.101326e-007
1.630000e+001	9.556681e-001	8.458428e-001	3.405474e-003	1.000000e+000	-3.729374e-004	-4.756293e-005	0.000000e+000	0.000000e+000	-3.159674e-005	-4.520971e-004	-1.813456e-005	-2.076862e-007
1.640000e+001	8.140519e-001	7.253437e-001	2.933117e-003	1.000000e+000	-4.397725e-004	-3.749304e-005	0.000000e+000	0.000000e+000	-2.552136e-005	-5.027869e-004	-1.712512e-005	-1.979981e-007
1.650000e+001	6.841524e-001	6.133126e-001	2.489994e-003	1.000000e+000	-4.648930e-004	-2.744678e-005	0.000000e+000	0.000000e+000	-2.038063e-005	-5.127204e-004	-1.567893e-005	-1.828277e-007
1.660000e+001	5.682748e-001	5.121494e-001	2.086617e-003	1.000000e+000	-4.573192e-004	-1.834650e-005	0.000000e+000	0.000000e+000	-1.614727e-005	-4.918130e-004	-1.396439e-005	-1.640869e-007
1.670000e+001	4.674490e-001	4.231501e-001	1.729153e-003	1.000000e+000	-4.264467e-004	-1.071223e-005	0.000000e+000	0.000000e+000	-1.274479e-005	-4.499038e-004	-1.213415e-005	-1.435700e-007
1.680000e+001	3.816604e-001	3.466614e-001	1.419911e-003	1.000000e+000	-3.809126e-004	-4.730740e-006	0.000000e+000	0.000000e+000	-1.006921e-005	-3.957126e-004	-1.031259e-005	-1.227837e-007
1.690000e+001	3.101228e-001	2.822940e-001	1.158118e-003	1.000000e+000	-3.279378e-004	-3.504717e-007	0.000000e+000	0.000000e+000	-8.006344e-006	-3.362947e-004	-8.590992e-006	-1.028691e-007
1.700000e+001	2.515460e-001	2.291474e-001	9.407856e-004	1.000000e+000	-2.730697e-004	2.624747e-006	0.000000e+000	0.000000e+000	-6.444093e-006	-2.768890e-004	-7.028510e-006	-8.459659e-008
1.710000e+001	2.043683e-001	1.860154e-001	7.635319e-004	1.000000e+000	-2.202119e-004	4.458099e-006	0.000000e+000	0.000000e+000	-5.280107e-006	-2.210339e-004	-5.656577e-006	-6.840618e-008
1.720000e+001	1.669382e-001	1.515553e-001	6.212737e-004	1.000000e+000	-1.718306e-004	5.423474e-006	0.000000e+000	0.000000e+000	-4.425678e-006	-1.708328e-004	-4.484943e-006	-5.447226e-008
1.730000e+001	1.376455e-001	1.244134e-001	5.087625e-004	1.000000e+000	-1.292458e-004	5.768900e-006	0.000000e+000	0.000000e+000	-3.806856e-006	-1.272837e-004	-3.507980e-006	-4.277495e-008
1.740000e+001	1.150019e-001	1.033105e-001	4.209552e-004	1.000000e+000	-9.294625e-005	5.695859e-006	0.000000e+000	0.000000e+000	-3.363634e-006	-9.061403e-005	-2.710472e-006	-3.316788e-008
1.750000e+001	9.768393e-002	8.708954e-002	3.532382e-004	1.000000e+000	-6.288180e-005	5.352386e-006	0.000000e+000	0.000000e+000	-3.048006e-006	-6.057742e-005	-2.072404e-006	-2.543602e-008
1.760000e+001	8.454417e-002	7.473631e-002	3.015335e-004	1.000000e+000	-3.869484e-005	4.839092e-006	0.000000e+000	0.000000e+000	-2.821720e-006	-3.667747e-005	-1.572395e-006	-1.933908e-008
1.770000e+001	7.460744e-002	6.538105e-002	2.623232e-004	1.000000e+000	-1.987187e-005	4.223315e-006	0.000000e+000	0.000000e+000	-2.654432e-006	-1.830299e-005	-1.189650e-006	-1.463825e-008
1.780000e+001	6.705865e-002	5.829113e-002	2.326288e-004	1.000000e+000	-5.828200e-006	3.551994e-006	0.000000e+000	0.000000e+000	-2.522416e-006	-4.798622e-006	-9.048218e-007	-1.110895e-008
1.790000e+001	6.122808e-002	5.285983e-002	2.099717e-004	1.000000e+000	4.042748e-006	2.858940e-006	0.000000e+000	0.000000e+000	-2.407545e-006	4.494144e-006	-7.003643e-007	-8.546117e-009
1.800000e+001	5.657578e-002	4.859360e-002	1.923245e-004	1.000000e+000	1.034422e-005	2.171145e-006	0.000000e+000	0.000000e+000	-2.296472e-006	1.021889e-005	-5.606070e-007	-6.766014e-009
1.810000e+001	5.267816e-002	4.510009e-002	1.780637e-004	1.000000e+000	1.367893e-005	1.516388e-006	0.000000e+000	0.000000e+000	-2.180211e-006	1.301511e-005	-4.714679e-007	-5.604055e-009
1.820000e+001	4.921817e-002	4.207877e-002	1.659303e-004	1.000000e+000	1.466377e-005	9.259027e-007	0.000000e+000	0.000000e+000	-2.054006e-006	1.353566e-005	-4.200349e-007	-4.910132e-009
1.830000e+001	4.597636e-002	3.931345e-002	1.549995e-004	1.000000e+000	1.392180e-005	4.275643e-007	0.000000e+000	0.000000e+000	-1.916918e-006	1.243244e-005	-3.945344e-007	-4.546731e-009
1.840000e+001	4.281790e-002	3.666296e-002	1.446479e-004	1.000000e+000	1.203911e-005	3.579594e-008	0.000000e+000	0.000000e+000	-1.770775e-006	1.030413e-005	-3.848404e-007	-4.393206e-009
1.850000e+001	3.967449e-002	3.404781e-002	1.345055e-004	1.000000e+000	9.513588e-006	-2.513858e-007	0.000000e+000	0.000000e+000	-1.618798e-006	7.643404e-006	-3.830572e-007	-4.352635e-009
1.860000e+001	3.652505e-002	3.143432e-002	1.243969e-004	1.000000e+000	6.733565e-006	-4.451607e-007	0.000000e+000	0.000000e+000	-1.464604e-006	4.823801e-006	-3.835893e-007	-4.354491e-009
1.870000e+001	3.338056e-002	2.882057e-002	1.142833e-004	1.000000e+000	3.996261e-006	-5.557030e-007	0.000000e+000	0.000000e+000	-1.311909e-006	2.128649e-006	-3.826063e-007	-4.350247e-009
1.880000e+001	3.027472e-002	2.622667e-002	1.042207e-004	1.000000e+000	1.538670e-006	-5.888254e-007	0.000000e+000	0.000000e+000	-1.164622e-006	-2.147773e-007	-3.773828e-007	-4.305812e-009
1.890000e+001	2.725699e-002	2.368838e-002	9.433203e-005	1.000000e+000	-4.547668e-007	-5.518864e-007	0.000000e+000	0.000000e+000	-1.026691e-006	-2.033344e-006	-3.660727e-007	-4.197372e-009
1.900000e+001	2.438358e-002	2.125033e-002	8.478242e-005	1.000000e+000	-1.875112e-006	-4.617464e-007	0.000000e+000	0.000000e+000	-9.014383e-007	-3.238297e-006	-3.479785e-007	-4.013112e-009
1.910000e+001	2.170543e-002	1.895702e-002	7.574659e-005	1.000000e+000	-2.716439e-006	-3.460287e-007	0.000000e+000	0.000000e+000	-7.907179e-007	-3.853186e-006	-3.238631e-007	-3.757028e-009
1.920000e+001	1.925686e-002	1.684300e-002	6.737092e-005	1.000000e+000	-3.076497e-006	-2.359006e-007	0.000000e+000	0.000000e+000	-6.944663e-007	-4.006864e-006	-2.958200e-007	-3.449046e-009
1.930000e+001	1.704924e-002	1.492572e-002	5.974222e-005	1.000000e+000	-3.121415e-006	-1.557095e-007	0.000000e+000	0.000000e+000	-6.109354e-007	-3.888060e-006	-2.666240e-007	-3.119138e-009
1.940000e+001	1.507197e-002	1.320387e-002	5.287508e-005	1.000000e+000	-3.030526e-006	-1.160771e-007	0.000000e+000	0.000000e+000	-5.374528e-007	-3.684056e-006	-2.388700e-007	-2.797906e-009
1.950000e+001	1.329928e-002	1.166107e-002	4.672078e-005	1.000000e+000	-2.946503e-006	-1.134430e-007	0.000000e+000	0.000000e+000	-4.713123e-007	-3.531258e-006	-2.143012e-007	-2.508134e-009
1.960000e+001	1.169942e-002	1.027281e-002	4.119141e-005	1.000000e+000	-2.948312e-006	-1.347813e-007	0.000000e+000	0.000000e+000	-4.104368e-007	-3.493530e-006	-1.935538e-007	-2.260519e-009
1.970000e+001	1.024296e-002	9.013698e-003	3.618812e-005	1.000000e+000	-3.050343e-006	-1.641550e-007	0.000000e+000	0.000000e+000	-3.536580e-007	-3.568156e-006	-1.763027e-007	-2.054161e-009
1.980000e+001	8.907787e-003	7.862776e-003	3.162423e-005	1.000000e+000	-3.220074e-006	-1.881319e-007	0.000000e+000	0.000000e+000	-3.006496e-007	-3.708856e-006	-1.616422e-007	-1.880293e-009
1.990000e+001	7.680751e-003	6.806035e-003	2.743791e-005	1.000000e+000	-3.402816e-006	-1.986286e-007	0.000000e+000	0.000000e+000	-2.516559e-007	-3.853100e-006	-1.485045e-007	-1.727033e-009
2.000000e+001	6.556427e-003	5.836346e-003	2.359452e-005	1.000000e+000	-3.543908e-006	-1.932413e-007	0.000000e+000	0.000000e+000	-2.071673e-007	-3.944316e-006	-1.359799e-007	-1.583392e-009
2.010000e+001	5.534445e-003	4.951721e-003	2.008142e-005	1.000000e+000	-3.603229e-006	-1.739353e-007	0.000000e+000	0.000000e+000	-1.676496e-007	-3.944814e-006	-1.234858e-007	-1.441671e-009
2.020000e+001	4.616511e-003	4.152920e-003	1.689918e-005	1.000000e+000	-3.561116e-006	-1.451181e-007	0.000000e+000	0.000000e+000	-1.333751e-007	-3.839609e-006	-1.107945e-007	-1.298195e-009
2.030000e+001	3.803928e-003	3.441206e-003	1.405262e-005	1.000000e+000	-3.417483e-006	-1.118578e-007	0.000000e+000	0.000000e+000	-1.043552e-007	-3.633696e-006	-9.796920e-008	-1.152836e-009
2.040000e+001	3.096012e-003	2.816724e-003	1.154377e-005	1.000000e+000	-3.186972e-006	-7.863614e-008	0.000000e+000	0.000000e+000	-8.035117e-008	-3.345959e-006	-8.525683e-008	-1.007902e-009
2.050000e+001	2.489404e-003	2.277619e-003	9.367710e-006	1.000000e+000	-2.892732e-006	-4.870793e-008	0.000000e+000	0.000000e+000	-6.093064e-008	-3.002370e-006	-7.298071e-008	-8.668925e-010
2.060000e+001	1.978111e-003	1.819821e-003	7.511034e-006	1.000000e+000	-2.560675e-006	-2.395693e-008	0.000000e+000	0.000000e+000	-4.554028e-008	-2.630172e-006	-6.145490e-008	-7.334500e-010
2.070000e+001	1.554018e-003	1.437313e-003	5.952446e-006	1.000000e+000	-2.215160e-006	-5.067529e-009	0.000000e+000	0.000000e+000	-3.357590e-008	-2.253803e-006	-5.092989e-008	-6.106441e-010
2.080000e+001	1.207614e-003	1.122669e-003	4.664575e-006	1.000000e+000	-1.876367e-006	8.157139e-009	0.000000e+000	0.000000e+000	-2.443873e-008	-1.892648e-006	-4.156768e-008	-5.005992e-010
2.090000e+001	9.287530e-004	8.676674e-004	3.616322e-006	1.000000e+000	-1.559163e-006	1.645452e-008	0.000000e+000	0.000000e+000	-1.757433e-008	-1.560282e-006	-3.343941e-008	-4.044034e-010
2.100000e+001	7.073128e-004	6.638822e-004	2.775187e-006	1.000000e+000	-1.273084e-006	2.081145e-008	0.000000e+000	0.000000e+000	-1.249499e-008	-1.264768e-006	-2.653733e-008	-3.222044e-010
2.110000e+001	5.337046e-004	5.031558e-004	2.109230e-006	1.000000e+000	-1.023003e-006	2.225177e-008	0.000000e+000	0.000000e+000	-8.788884e-009	-1.009540e-006	-2.079364e-008	-2.534066e-010
2.120000e+001	3.992107e-004	3.779396e-004	1.588537e-006	1.000000e+000	-8.101142e-007	2.170377e-008	0.000000e+000	0.000000e+000	-6.119692e-009	-7.945301e-007	-1.610085e-008	-1.969002e-010
2.130000e+001	2.961697e-004	2.815002e-004	1.186157e-006	1.000000e+000	-6.329964e-007	1.993403e-008	0.000000e+000	0.000000e+000	-4.220404e-009	-6.172827e-007	-1.233007e-008	-1.512774e-010
2.140000e+001	2.180376e-004	2.080129e-004	8.785769e-007	1.000000e+000	-4.885653e-007	1.752872e-008	0.000000e+000	0.000000e+000	-2.884108e-009	-4.739207e-007	-9.345758e-009	-1.150112e-010
2.150000e+001	1.593598e-004	1.525687e-004	6.458343e-007	1.000000e+000	-3.728574e-007	1.490456e-008	0.000000e+000	0.000000e+000	-1.953796e-009	-3.599066e-007	-7.016287e-009	-8.658881e-011
2.160000e+001	1.156845e-004	1.111224e-004	4.713747e-007	1.000000e+000	-2.816114e-007	1.233500e-008	0.000000e+000	0.000000e+000	-1.312528e-009	-2.705889e-007	-5.220762e-009	-6.460035e-011
2.170000e+001	8.344513e-005	8.040506e-005	3.417463e-007	1.000000e+000	-2.106665e-007	9.981666e-009	0.000000e+000	0.000000e+000	-8.746293e-010	-2.015595e-007	-3.852675e-009	-4.778959e-011
2.180000e+001	5.983091e-005	5.782097e-005	2.462129e-007	1.000000e+000	-1.562049e-007	7.924647e-009	0.000000e+000	0.000000e+000	-5.782597e-010	-1.488585e-007	-2.821242e-009	-3.507601e-011
2.190000e+001	4.265864e-005	4.133998e-005	1.763410e-007	1.000000e+000	-1.148772e-007	6.188662e-009	0.000000e+000	0.000000e+000	-3.793804e-010	-1.090679e-007	-2.051143e-009	-2.555636e-011
2.200000e+001	3.025470e-005	2.939612e-005	1.255990e-007	1.000000e+000	-8.384400e-008	4.763691e-009	0.000000e+000	0.000000e+000	-2.470129e-010	-7.932732e-008	-1.481287e-009	-1.849333e-011
2.210000e+001	2.135111e-005	2.079633e-005	8.899269e-008	1.000000e+000	-6.076377e-008	3.620269e-009	0.000000e+000	0.000000e+000	-1.596117e-010	-5.730311e-008	-1.063076e-009	-1.329708e-011
2.220000e+001	1.499748e-005	1.464173e-005	6.274696e-008	1.000000e+000	-4.374881e-008	2.720092e-009	0.000000e+000	0.000000e+000	-1.023487e-010	-4.113106e-008	-7.584884e-010	-9.503973e-012
2.230000e+001	1.048830e-005	1.026196e-005	4.403794e-008	1.000000e+000	-3.130630e-008	2.022882e-009	0.000000e+000	0.000000e+000	-6.511829e-011	-2.934853e-008	-5.382171e-010	-6.755074e-012
2.240000e+001	7.304542e-006	7.161695e-006	3.077334e-008	1.000000e+000	-2.227509e-008	1.490481e-009	0.000000e+000	0.000000e+000	-4.109685e-011	-2.082571e-008	-3.799631e-010	-4.776238e-012
2.250000e+001	5.067395e-006	4.978007e-006	2.141632e-008	1.000000e+000	-1.576497e-008	1.088971e-009	0.000000e+000	0.000000e+000	-2.571706e-011	-1.470171e-008	-2.669564e-010	-3.360592e-012
2.260000e+001	3.502493e-006	3.447063e-006	1.484703e-008	1.000000e+000	-1.110202e-008	7.895097e-010	0.000000e+000	0.000000e+000	-1.594736e-011	-1.032846e-008	-1.867167e-010	-2.353702e-012
2.270000e+001	2.412462e-006	2.378427e-006	1.025542e-008	1.000000e+000	-7.781864e-009	5.683651e-010	0.000000e+000	0.000000e+000	-9.791766e-012	-7.223291e-009	-1.300437e-010	-1.641403e-012
2.280000e+001	1.656221e-006	1.635552e-006	7.059523e-009	1.000000e+000	-5.430810e-009	4.065101e-010	0.000000e+000	0.000000e+000	-5.946438e-012	-5.030246e-009	-9.021293e-011	-1.140038e-012
2.290000e+001	1.133519e-006	1.121124e-006	4.843816e-009	1.000000e+000	-3.774517e-009	2.890061e-010	0.000000e+000	0.000000e+000	-3.566258e-012	-3.489077e-009	-6.234818e-011	-7.888037e-013
2.300000e+001	7.735096e-007	7.661837e-007	3.313352e-009	1.000000e+000	-2.613253e-009	2.043282e-010	0.000000e+000	0.000000e+000	-2.107659e-012	-2.411032e-009	-4.293871e-011	-5.438266e-013
2.310000e+001	5.263769e-007	5.221233e-007	2.259889e-009	1.000000e+000	-1.802703e-009	1.437176e-010	0.000000e+000	0.000000e+000	-1.223743e-012	-1.660209e-009	-2.947353e-011	-3.736661e-013
2.320000e+001	3.572615e-007	3.548462e-007	1.537141e-009	1.000000e+000	-1.239315e-009	1.006025e-010	0.000000e+000	0.000000e+000	-6.948801e-013	-1.139407e-009	-2.016764e-011	-2.559306e-013
2.330000e+001	2.418765e-007	2.405447e-007	1.042822e-009	1.000000e+000	-8.492571e-010	7.010788e-011	0.000000e+000	0.000000e+000	-3.831629e-013	-7.795324e-010	-1.375920e-011	-1.747646e-013
2.340000e+001	1.633711e-007	1.626663e-007	7.057252e-010	1.000000e+000	-5.801973e-010	4.865340e-011	0.000000e+000	0.000000e+000	-2.027505e-013	-5.317466e-010	-9.360905e-012	-1.190008e-013
2.350000e+001	1.100989e-007	1.097489e-007	4.764805e-010	1.000000e+000	-3.952435e-010	3.363297e-011	0.000000e+000	0.000000e+000	-1.007097e-013	-3.617113e-010	-6.351763e-012	-8.081241e-014
2.360000e+001	7.404004e-008	7.388456e-008	3.209893e-010	1.000000e+000	-2.685189e-010	2.316490e-011	0.000000e+000	0.000000e+000	-4.473341e-014	-2.453987e-010	-4.299165e-012	-5.473956e-014
2.370000e+001	4.969035e-008	4.963707e-008	2.157846e-010	1.000000e+000	-1.819573e-010	1.590036e-011	0.000000e+000	0.000000e+000	-1.532971e-014	-1.660723e-010	-2.902984e-012	-3.698946e-014
2.380000e+001	3.328455e-008	3.328144e-008	1.447705e-010	1.000000e+000	-1.230009e-010	1.087890e-011	0.000000e+000	0.000000e+000	-8.935183e-016	-1.121229e-010	-1.955823e-012	-2.493806e-014
2.390000e+001	2.225456e-008	2.227325e-008	9.694216e-011	1.000000e+000	-8.295573e-011	7.420748e-012	0.000000e+000	0.000000e+000	5.376672e-015	-7.552961e-011	-1.314888e-012	-1.677671e-014
2.400000e+001	1.485387e-008	1.487956e-008	6.479750e-011	1.000000e+000	-5.582593e-011	5.047446e-012	0.000000e+000	0.000000e+000	7.390858e-015	-5.077109e-011	-8.822047e-013	-1.126310e-014
2.410000e+001	9.897841e-009	9.923360e-009	4.323691e-011	1.000000e+000	-3.749085e-011	3.423953e-012	0.000000e+000	0.000000e+000	7.341918e-015	-3.405956e-011	-5.907658e-013	-7.546768e-015
2.420000e+001	6.584994e-009	6.607307e-009	2.880298e-011	1.000000e+000	-2.512811e-011	2.316763e-012	0.000000e+000	0.000000e+000	6.419356e-015	-2.280493e-011	-3.948825e-013	-5.047289e-015
2.430000e+001	4.374380e-009	4.392586e-009	1.915756e-011	1.000000e+000	-1.681056e-011	1.563845e-012	0.000000e+000	0.000000e+000	5.237929e-015	-1.524147e-011	-2.634910e-013	-3.369682e-015
2.440000e+001	2.901709e-009	2.915930e-009	1.272315e-011	1.000000e+000	-1.122618e-011	1.053224e-012	0.000000e+000	0.000000e+000	4.091509e-015	-1.016887e-011	-1.755276e-013	-2.245900e-015
2.450000e+001	1.922188e-009	1.932967e-009	8.437826e-012	1.000000e+000	-7.484230e-012	7.078071e-013	0.000000e+000	0.000000e+000	3.100975e-015	-6.773322e-012	-1.167457e-013	-1.494505e-015
2.460000e+001	1.271656e-009	1.279646e-009	5.588252e-012	1.000000e+000	-4.981528e-012	4.747069e-013	0.000000e+000	0.000000e+000	2.298603e-015	-4.504522e-012	-7.753270e-014	-9.929848e-016
2.470000e+001	8.402343e-010	8.460562e-010	3.696219e-012	1.000000e+000	-3.310637e-012	3.177592e-013	0.000000e+000	0.000000e+000	1.674963e-015	-2.991202e-012	-5.141706e-014	-6.588055e-016
2.480000e+001	5.545136e-010	5.586986e-010	2.441747e-012	1.000000e+000	-2.196975e-012	2.123124e-013	0.000000e+000	0.000000e+000	1.204035e-015	-1.983459e-012	-3.405154e-014	-4.364859e-016
2.490000e+001	3.655339e-010	3.685091e-010	1.611123e-012	1.000000e+000	-1.455905e-012	1.416110e-013	0.000000e+000	0.000000e+000	8.559506e-016	-1.313438e-012	-2.252166e-014	-2.888079e-016
2.500000e+001	2.406958e-010	2.427913e-010	1.061852e-012	1.000000e+000	-9.635239e-013	9.429760e-014	0.000000e+000	0.000000e+000	6.028864e-016	-8.686234e-013	-1.487729e-014	-1.908533e-016
2.510000e+001	1.583269e-010	1.597914e-010	6.990827e-013	1.000000e+000	-6.368542e-013	6.269329e-014	0.000000e+000	0.000000e+000	4.213178e-016	-5.737396e-013	-9.815911e-015	-1.259699e-016
2.520000e+001	1.040414e-010	1.050579e-010	4.597714e-013	1.000000e+000	-4.204266e-013	4.161897e-014	0.000000e+000	0.000000e+000	2.924477e-016	-3.785152e-013	-6.469101e-015	-8.304874e-017
2.530000e+001	6.830313e-011	6.900457e-011	3.020811e-013	1.000000e+000	-2.772276e-013	2.758939e-014	0.000000e+000	0.000000e+000	2.018043e-016	-2.494364e-013	-4.258780e-015	-5.469161e-017
2.540000e+001	4.479976e-011	4.528129e-011	1.982856e-013	1.000000e+000	-1.825999e-013	1.826428e-014	0.000000e+000	0.000000e+000	1.385365e-016	-1.641971e-013	-2.800752e-015	-3.597911e-017
2.550000e+001	2.935809e-011	2.968714e-011	1.300357e-013	1.000000e+000	-1.201445e-013	1.207536e-014	0.000000e+000	0.000000e+000	9.466788e-017	-1.079745e-013	-1.840059e-015	-2.364513e-017
2.560000e+001	1.922263e-011	1.944656e-011	8.520273e-014	1.000000e+000	-7.897065e-014	7.973703e-015	0.000000e+000	0.000000e+000	6.442543e-017	-7.093252e-014	-1.207744e-015	-1.552435e-017
2.570000e+001	1.257608e-011	1.272791e-011	5.578017e-014	1.000000e+000	-5.185672e-014	5.259048e-015	0.000000e+000	0.000000e+000	4.368238e-017	-4.655399e-014	-7.919923e-016	-1.018317e-017
2.580000e+001	8.221283e-012	8.323886e-012	3.648852e-014	1.000000e+000	-3.402041e-014	3.464688e-015	0.000000e+000	0.000000e+000	2.951899e-017	-3.052620e-014	-5.189037e-016	-6.673703e-018
2.590000e+001	5.370431e-012	5.439556e-012	2.385046e-014	1.000000e+000	-2.229904e-014	2.280093e-015	0.000000e+000	0.000000e+000	1.988721e-017	-1.999906e-014	-3.396940e-016	-4.369999e-018
2.600000e+001	3.505635e-012	3.552076e-012	1.557811e-014	1.000000e+000	-1.460363e-014	1.498970e-015	0.000000e+000	0.000000e+000	1.336092e-017	-1.309130e-014	-2.221974e-016	-2.859179e-018
2.610000e+001	2.286781e-012	2.317902e-012	1.016770e-014	1.000000e+000	-9.556055e-015	9.844752e-016	0.000000e+000	0.000000e+000	8.953410e-018	-8.562626e-015	-1.452293e-016	-1.869223e-018
2.620000e+001	1.490714e-012	1.511520e-012	6.631826e-015	1.000000e+000	-6.248189e-015	6.459607e-016	0.000000e+000	0.000000e+000	5.985729e-018	-5.596242e-015	-9.485219e-017	-1.221109e-018
2.630000e+001	9.711519e-013	9.850309e-013	4.322721e-015	1.000000e+000	-4.082264e-015	4.234619e-016	0.000000e+000	0.000000e+000	3.993001e-018	-3.654809e-015	-6.190571e-017	-7.971395e-019
2.640000e+001	6.322859e-013	6.415257e-013	2.815828e-015	1.000000e+000	-2.665216e-015	2.773614e-016	0.000000e+000	0.000000e+000	2.658300e-018	-2.385196e-015	-4.037538e-017	-5.200114e-019
2.650000e+001	4.114181e-013	4.175579e-013	1.833118e-015	1.000000e+000	-1.738844e-015	1.815167e-016	0.000000e+000	0.000000e+000	1.766413e-018	-1.555561e-015	-2.631580e-017	-3.390017e-019
2.660000e+001	2.675511e-013	2.716237e-013	1.192669e-015	1.000000e+000	-1.133698e-015	1.186973e-016	0.000000e+000	0.000000e+000	1.171708e-018	-1.013829e-015	-1.714122e-017	-2.208577e-019
2.670000e+001	1.738971e-013	1.765942e-013	7.755398e-016	1.000000e+000	-7.386766e-016	7.755916e-017	0.000000e+000	0.000000e+000	7.759522e-019	-6.603415e-016	-1.115841e-017	-1.437990e-019
2.680000e+001	1.129664e-013	1.147498e-013	5.040252e-016	1.000000e+000	-4.809965e-016	5.064148e-017	0.000000e+000	0.000000e+000	5.130791e-019	-4.298420e-016	-7.259536e-018	-9.357104e-020
2.690000e+001	7.334759e-014	7.452511e-014	3.273958e-016	1.000000e+000	-3.130188e-016	3.304255e-017	0.000000e+000	0.000000e+000	3.387726e-019	-2.796375e-016	-4.720309e-018	-6.085264e-020
2.700000e+001	4.760034e-014	4.837678e-014	2.125568e-016	1.000000e+000	-2.035869e-016	2.154501e-017	0.000000e+000	0.000000e+000	2.233800e-019	-1.818185e-016	-3.067584e-018	-3.955295e-020
2.710000e+001	3.087661e-014	3.138793e-014	1.379322e-016	1.000000e+000	-1.323394e-016	1.403903e-017	0.000000e+000	0.000000e+000	1.471047e-019	-1.181532e-016	-1.992487e-018	-2.569501e-020
2.720000e+001	2.001944e-014	2.035575e-014	8.946500e-017	1.000000e+000	-8.597999e-017	9.142311e-018	0.000000e+000	0.000000e+000	9.675791e-020	-7.674092e-017	-1.293529e-018	-1.668390e-020
2.730000e+001	1.297430e-014	1.319526e-014	5.800219e-017	1.000000e+000	-5.583200e-017	5.949955e-018	0.000000e+000	0.000000e+000	6.357010e-020	-4.981848e-017	-8.393555e-019	-1.082762e-020
2.740000e+001	8.404894e-015	8.549909e-015	3.758776e-017	1.000000e+000	-3.623720e-017	3.870081e-018	0.000000e+000	0.000000e+000	4.172080e-020	-3.232540e-017	-5.443934e-019	-7.023658e-021
2.750000e+001	5.442564e-015	5.537640e-015	2.434815e-017	1.000000e+000	-2.350821e-017	2.515850e-018	0.000000e+000	0.000000e+000	2.735333e-020	-2.096500e-017	-3.529263e-019	-4.554028e-021
2.760000e+001	3.522929e-015	3.585203e-015	1.576556e-017	1.000000e+000	-1.524352e-017	1.634620e-018	0.000000e+000	0.000000e+000	1.791630e-020	-1.359098e-017	-2.287002e-019	-2.951461e-021
2.770000e+001	2.279498e-015	2.320250e-015	1.020429e-017	1.000000e+000	-9.880045e-018	1.061511e-018	0.000000e+000	0.000000e+000	1.172434e-020	-8.806809e-018	-1.481382e-019	-1.912029e-021
2.780000e+001	1.474400e-015	1.501044e-015	6.602257e-018	1.000000e+000	-6.400993e-018	6.889960e-019	0.000000e+000	0.000000e+000	7.665675e-021	-5.704332e-018	-9.591616e-020	-1.238152e-021
2.790000e+001	9.533170e-016	9.707235e-016	4.270153e-018	1.000000e+000	-4.145312e-018	4.469931e-019	0.000000e+000	0.000000e+000	5.007862e-021	-3.693311e-018	-6.207934e-020	-8.014609e-022
2.800000e+001	6.161845e-016	6.275469e-016	2.760841e-018	1.000000e+000	-2.683456e-018	2.898575e-019	0.000000e+000	0.000000e+000	3.268974e-021	-2.390330e-018	-4.016417e-020	-5.185912e-022
2.810000e+001	3.981444e-016	4.055558e-016	1.784397e-018	1.000000e+000	-1.736463e-018	1.878777e-019	0.000000e+000	0.000000e+000	2.132279e-021	-1.546453e-018	-2.597601e-020	-3.354349e-022
2.820000e+001	2.571767e-016	2.620075e-016	1.152919e-018	1.000000e+000	-1.123248e-018	1.217249e-019	0.000000e+000	0.000000e+000	1.389841e-021	-1.000134e-018	-1.679397e-020	-2.168887e-022
2.830000e+001	1.660689e-016	1.692156e-016	7.446774e-019	1.000000e+000	-7.263248e-019	7.883229e-020	0.000000e+000	0.000000e+000	9.052914e-022	-6.465872e-019	-1.085393e-020	-1.401899e-022
2.840000e+001	1.072051e-016	1.092534e-016	4.808437e-019	1.000000e+000	-4.695005e-019	5.103351e-020	0.000000e+000	0.000000e+000	5.892881e-022	-4.178777e-019	-7.012589e-021	-9.058421e-023
2.850000e+001	6.918580e-017	7.051827e-017	3.103921e-019	1.000000e+000	-3.033866e-019	3.302475e-020	0.000000e+000	0.000000e+000	3.833497e-022	-2.699786e-019	-4.529309e-021	-5.851257e-023
2.860000e+001	4.463723e-017	4.550352e-017	2.003054e-019	1.000000e+000	-1.959823e-019	2.136299e-020	0.000000e+000	0.000000e+000	2.492314e-022	-1.743701e-019	-2.924506e-021	-3.778429e-023
2.870000e+001	2.879121e-017	2.935410e-017	1.292272e-019	1.000000e+000	-1.265616e-019	1.381429e-020	0.000000e+000	0.000000e+000	1.619427e-022	-1.125854e-019	-1.887750e-021	-2.439178e-023
2.880000e+001	1.856561e-017	1.893115e-017	8.334860e-020	1.000000e+000	-8.170649e-020	8.929863e-021	0.000000e+000	0.000000e+000	1.051675e-022	-7.267146e-020	-1.218181e-021	-1.574163e-023
2.890000e+001	1.196874e-017	1.220600e-017	5.374397e-020	1.000000e+000	-5.273325e-020	5.770526e-021	0.000000e+000	0.000000e+000	6.826109e-023	-4.689446e-020	-7.858849e-022	-1.015628e-023
2.900000e+001	7.714026e-018	7.867950e-018	3.464589e-020	1.000000e+000	-3.402438e-020	3.727739e-021	0.000000e+000	0.000000e+000	4.428389e-023	-3.025236e-020	-5.068619e-022	-6.550911e-024
2.910000e+001	4.970623e-018	5.070432e-018	2.232893e-020	1.000000e+000	-2.194712e-020	2.407353e-021	0.000000e+000	0.000000e+000	2.871494e-023	-1.951105e-020	-3.268193e-022	-4.224302e-024
2.920000e+001	3.202143e-018	3.266832e-018	1.438737e-020	1.000000e+000	-1.415306e-020	1.554185e-021	0.000000e+000	0.000000e+000	1.861094e-023	-1.258027e-020	-2.106768e-022	-2.723316e-024
2.930000e+001	2.062405e-018	2.104313e-018	9.268210e-021	1.000000e+000	-9.124575e-021	1.003088e-021	0.000000e+000	0.000000e+000	1.205687e-023	-8.109430e-021	-1.357751e-022	-1.755232e-024
2.940000e+001	1.328048e-018	1.355185e-018	5.969171e-021	1.000000e+000	-5.881221e-021	6.472205e-022	0.000000e+000	0.000000e+000	7.807542e-024	-5.226193e-021	-8.748253e-023	-1.131014e-024
2.950000e+001	8.549930e-019	8.725591e-019	3.843608e-021	1.000000e+000	-3.789820e-021	4.174907e-022	0.000000e+000	0.000000e+000	5.053765e-024	-3.367276e-021	-5.635386e-023	-7.286200e-025
2.960000e+001	5.503305e-019	5.616964e-019	2.474423e-021	1.000000e+000	-2.441570e-021	2.692319e-022	0.000000e+000	0.000000e+000	3.269966e-024	-2.169068e-021	-3.629361e-023	-4.692860e-025
2.970000e+001	3.541599e-019	3.615113e-019	1.592653e-021	1.000000e+000	-1.572615e-021	1.735782e-022	0.000000e+000	0.000000e+000	2.114977e-024	-1.396922e-021	-2.336919e-023	-3.021901e-025
2.980000e+001	2.278729e-019	2.326259e-019	1.024905e-021	1.000000e+000	-1.012701e-021	1.118810e-022	0.000000e+000	0.000000e+000	1.367440e-024	-8.994529e-022	-1.504414e-023	-1.945504e-025
2.990000e+001	1.465905e-019	1.496625e-019	6.594231e-022	1.000000e+000	-6.520021e-022	7.209631e-023	0.000000e+000	0.000000e+000	8.838062e-025	-5.790220e-022	-9.682866e-024	-1.252264e-025
3.000000e+001	9.428477e-020	9.626958e-020	4.241944e-022	1.000000e+000	-4.196895e-022	4.644822e-023	0.000000e+000	0.000000e+000	5.710284e-025	-3.726702e-022	-6.230975e-024	-8.058876e-026
3.010000e+001	6.063200e-020	6.191396e-020	2.728277e-022	1.000000e+000	-2.700980e-022	2.991765e-023	0.000000e+000	0.000000e+000	3.688209e-025	-2.398116e-022	-4.008909e-024	-5.185257e-026
3.020000e+001	3.898426e-020	3.981200e-020	1.754434e-022	1.000000e+000	-1.737927e-022	1.926599e-023	0.000000e+000	0.000000e+000	2.381418e-025	-1.542886e-022	-2.578796e-024	-3.335692e-026
3.030000e+001	2.506143e-020	2.559572e-020	1.128010e-022	1.000000e+000	-1.118050e-022	1.240406e-023	0.000000e+000	0.000000e+000	1.537173e-025	-9.924722e-023	-1.658558e-024	-2.145477e-026
3.040000e+001	1.610844e-020	1.645322e-020	7.251344e-023	1.000000e+000	-7.191387e-023	7.984491e-024	0.000000e+000	0.000000e+000	9.919323e-026	-6.383019e-023	-1.066522e-024	-1.379706e-026
3.050000e+001	1.035225e-020	1.057467e-020	4.660748e-023	1.000000e+000	-4.624751e-023	5.138600e-024	0.000000e+000	0.000000e+000	6.399080e-026	-4.104492e-023	-6.857040e-025	-8.871068e-027
3.060000e+001	6.651985e-021	6.795433e-021	2.995204e-023	1.000000e+000	-2.973655e-023	3.306427e-024	0.000000e+000	0.000000e+000	4.126992e-026	-2.638885e-023	-4.407916e-025	-5.702883e-027
3.070000e+001	4.273709e-021	4.366199e-021	1.924566e-023	1.000000e+000	-1.911708e-023	2.127122e-024	0.000000e+000	0.000000e+000	2.660936e-026	-1.696335e-023	-2.833099e-025	-3.665593e-027
3.080000e+001	2.745350e-021	2.804969e-021	1.236451e-023	1.000000e+000	-1.228806e-023	1.368193e-024	0.000000e+000	0.000000e+000	1.715236e-026	-1.090271e-023	-1.820640e-025	-2.355740e-027
3.090000e+001	1.763321e-021	1.801742e-021	7.942552e-024	1.000000e+000	-7.897288e-024	8.798865e-025	0.000000e+000	0.000000e+000	1.105365e-026	-7.006348e-024	-1.169829e-025	-1.513720e-027
3.100000e+001	1.132420e-021	1.157174e-021	5.101342e-024	1.000000e+000	-5.074667e-024	5.657599e-025	0.000000e+000	0.000000e+000	7.121702e-027	-4.501786e-024	-7.515504e-026	-9.725256e-028
3.110000e+001	7.271565e-022	7.431014e-022	3.276059e-024	1.000000e+000	-3.260423e-024	3.637192e-025	0.000000e+000	0.000000e+000	4.587343e-027	-2.892117e-024	-4.827626e-026	-6.247344e-028
3.120000e+001	4.668680e-022	4.771364e-022	2.103601e-024	1.000000e+000	-2.094494e-024	2.337927e-025	0.000000e+000	0.000000e+000	2.954210e-027	-1.857747e-024	-3.100633e-026	-4.012644e-028
3.130000e+001	2.997145e-022	3.063258e-022	1.350583e-024	1.000000e+000	-1.345317e-024	1.502549e-025	0.000000e+000	0.000000e+000	1.902075e-027	-1.193160e-024	-1.991179e-026	-2.576964e-028
3.140000e+001	1.923846e-022	1.966404e-022	8.670151e-025	1.000000e+000	-8.639973e-025	9.655192e-026	0.000000e+000	0.000000e+000	1.224399e-027	-7.662210e-025	-1.278541e-026	-1.654742e-028
3.150000e+001	1.234762e-022	1.262152e-022	5.565206e-025	1.000000e+000	-5.548097e-025	6.203402e-026	0.000000e+000	0.000000e+000	7.880071e-028	-4.919877e-025	-8.208532e-027	-1.062424e-028
3.160000e+001	7.924061e-023	8.100304e-023	3.571794e-025	1.000000e+000	-3.562224e-025	3.985084e-026	0.000000e+000	0.000000e+000	5.070516e-028	-3.158645e-025	-5.269436e-027	-6.820447e-029
3.170000e+001	5.084703e-023	5.198087e-023	2.292153e-025	1.000000e+000	-2.286891e-025	2.559679e-026	0.000000e+000	0.000000e+000	3.262059e-028	-2.027661e-025	-3.382299e-027	-4.378009e-029
3.180000e+001	3.262405e-023	3.335335e-023	1.470801e-025	1.000000e+000	-1.467973e-025	1.643900e-026	0.000000e+000	0.000000e+000	2.098222e-028	-1.301485e-025	-2.170755e-027	-2.809899e-029
3.190000e+001	2.092983e-023	2.139886e-023	9.436678e-026	1.000000e+000	-9.421955e-026	1.055624e-026	0.000000e+000	0.000000e+000	1.349379e-028	-8.352837e-026	-1.393034e-027	-1.803253e-029
3.200000e+001	1.342613e-023	1.372771e-023	6.053969e-026	1.000000e+000	-6.046657e-026	6.777796e-027	0.000000e+000	0.000000e+000	8.676438e-029	-5.360201e-026	-8.938526e-028	-1.157112e-029
