TIME          	MC CONC       	STS CONC      	HTS CONC      	SED CONC      	ADV dm/dt     	DISP dm/dt    	DECAY dm/dt   	SORPTION dm/dt	STORAGE dm/dt 	MC dm/dt      	STS dm/dt     	HTS dm/dt     
(hr)          	mg/L          	mg/L          	mg/L          	mg/L          	(mg/L)·(m²/s)  	(mg/L)·(m²/s)  	(mg/L)·(m²/s)  	(mg/L)·(m²/s)  	(mg/L)·(m²/s)  	(mg/L)·(m²/s)  	(mg/L)·(m²/s)  	(mg/L)·(m²/s)  
0.000000e+000	5.610172e-002	1.742336e-003	6.513180e-005	0.000000e+000	4.700994e-005	1.977753e-006	0.000000e+000	0.000000e+000	-1.563919e-005	3.334850e-005	1.553710e-005	0.000000e+000
1.000000e-001	4.488655e-002	3.516200e-002	3.563452e-004	1.000000e+000	3.761229e-005	1.582385e-006	0.000000e+000	0.000000e+000	-2.797754e-006	3.639692e-005	7.316981e-007	1.542687e-007
2.000000e-001	4.397120e-002	3.653654e-002	6.679911e-004	1.000000e+000	3.684528e-005	1.550116e-006	0.000000e+000	0.000000e+000	-2.138951e-006	3.625644e-005	-6.078617e-009	1.123614e-007
3.000000e-001	4.357544e-002	3.631652e-002	8.845640e-004	1.000000e+000	3.651366e-005	1.536164e-006	0.000000e+000	0.000000e+000	-2.088393e-006	3.596143e-005	-4.239149e-008	7.616459e-008
4.000000e-001	4.321057e-002	3.602008e-002	1.030324e-003	1.000000e+000	3.620792e-005	1.523301e-006	0.000000e+000	0.000000e+000	-2.068703e-006	3.566251e-005	-4.376768e-008	5.091009e-008
5.000000e-001	4.285151e-002	3.572269e-002	1.127132e-003	1.000000e+000	3.590705e-005	1.510644e-006	0.000000e+000	0.000000e+000	-2.050963e-006	3.536673e-005	-4.343278e-008	3.353216e-008
6.000000e-001	4.249654e-002	3.542792e-002	1.190281e-003	1.000000e+000	3.560965e-005	1.498155e-006	0.000000e+000	0.000000e+000	-2.033643e-006	3.507416e-005	-4.303424e-008	2.158968e-008
7.000000e-001	4.214528e-002	3.513584e-002	1.230305e-003	1.000000e+000	3.531604e-005	1.486074e-006	0.000000e+000	0.000000e+000	-2.016617e-006	3.478549e-005	-4.264006e-008	1.338698e-008
8.000000e-001	4.179791e-002	3.484657e-002	1.254451e-003	1.000000e+000	3.503026e-005	1.475777e-006	0.000000e+000	0.000000e+000	-1.999901e-006	3.450614e-005	-4.219521e-008	7.757768e-009
9.000000e-001	4.145618e-002	3.456103e-002	1.267710e-003	1.000000e+000	3.476832e-005	1.471527e-006	0.000000e+000	0.000000e+000	-1.983734e-006	3.425611e-005	-4.148708e-008	3.904015e-009
1.000000e+000	4.112587e-002	3.428258e-002	1.273541e-003	1.000000e+000	3.456994e-005	1.481677e-006	0.000000e+000	0.000000e+000	-1.968813e-006	3.408280e-005	-3.999565e-008	1.289160e-009
1.100000e+000	4.081987e-002	3.401942e-002	1.274388e-003	1.000000e+000	3.450492e-005	1.517084e-006	0.000000e+000	0.000000e+000	-1.956491e-006	3.406551e-005	-3.683309e-008	-4.313240e-010
1.200000e+000	4.056005e-002	3.378659e-002	1.272072e-003	1.000000e+000	3.466338e-005	1.586421e-006	0.000000e+000	0.000000e+000	-1.948724e-006	3.430108e-005	-3.091955e-008	-1.459696e-009
1.300000e+000	4.037588e-002	3.360609e-002	1.268062e-003	1.000000e+000	3.512953e-005	1.690991e-006	0.000000e+000	0.000000e+000	-1.947670e-006	3.487285e-005	-2.138049e-008	-1.900563e-009
1.400000e+000	4.029950e-002	3.350391e-002	1.263658e-003	1.000000e+000	3.595006e-005	1.822386e-006	0.000000e+000	0.000000e+000	-1.955093e-006	3.581735e-005	-7.973686e-009	-1.806419e-009
1.500000e+000	4.035855e-002	3.350481e-002	1.260053e-003	1.000000e+000	3.711257e-005	1.964370e-006	0.000000e+000	0.000000e+000	-1.971823e-006	3.710511e-005	8.681171e-009	-1.220533e-009
1.600000e+000	4.056948e-002	3.362652e-002	1.258319e-003	1.000000e+000	3.854331e-005	2.097789e-006	0.000000e+000	0.000000e+000	-1.997491e-006	3.864361e-005	2.717992e-008	-2.088056e-010
1.700000e+000	4.093350e-002	3.387542e-002	1.259334e-003	1.000000e+000	4.012365e-005	2.205994e-006	0.000000e+000	0.000000e+000	-2.030611e-006	4.029903e-005	4.566655e-008	1.125948e-009
1.800000e+000	4.143618e-002	3.424493e-002	1.263695e-003	1.000000e+000	4.171709e-005	2.278606e-006	0.000000e+000	0.000000e+000	-2.068922e-006	4.192678e-005	6.226918e-008	2.647923e-009
1.900000e+000	4.205025e-002	3.471678e-002	1.271661e-003	1.000000e+000	4.319673e-005	2.312754e-006	0.000000e+000	0.000000e+000	-2.109840e-006	4.339964e-005	7.548152e-008	4.205347e-009
2.000000e+000	4.274054e-002	3.526438e-002	1.283143e-003	1.000000e+000	4.446546e-005	2.312075e-006	0.000000e+000	0.000000e+000	-2.150891e-006	4.462665e-005	8.439152e-008	5.652640e-009
2.100000e+000	4.346928e-002	3.585714e-002	1.297740e-003	1.000000e+000	4.546577e-005	2.284442e-006	0.000000e+000	0.000000e+000	-2.190012e-006	4.556020e-005	8.873482e-008	6.870274e-009
2.200000e+000	4.420089e-002	3.646465e-002	1.314815e-003	1.000000e+000	4.617961e-005	2.239433e-006	0.000000e+000	0.000000e+000	-2.225715e-006	4.619333e-005	8.880783e-008	7.777552e-009
2.300000e+000	4.490536e-002	3.705999e-002	1.333597e-003	1.000000e+000	4.662148e-005	2.186246e-006	0.000000e+000	0.000000e+000	-2.257113e-006	4.655061e-005	8.530103e-008	8.336802e-009
2.400000e+000	4.556003e-002	3.762174e-002	1.353272e-003	1.000000e+000	4.682807e-005	2.132377e-006	0.000000e+000	0.000000e+000	-2.283847e-006	4.667660e-005	7.911156e-008	8.550024e-009
2.500000e+000	4.615002e-002	3.813483e-002	1.373070e-003	1.000000e+000	4.684776e-005	2.083066e-006	0.000000e+000	0.000000e+000	-2.305973e-006	4.662485e-005	7.117789e-008	8.450474e-009
2.600000e+000	4.666762e-002	3.859035e-002	1.392325e-003	1.000000e+000	4.673160e-005	2.041325e-006	0.000000e+000	0.000000e+000	-2.323832e-006	4.644910e-005	6.235898e-008	8.091992e-009
2.700000e+000	4.711105e-002	3.898479e-002	1.410508e-003	1.000000e+000	4.652701e-005	2.008316e-006	0.000000e+000	0.000000e+000	-2.337927e-006	4.619740e-005	5.336277e-008	7.538420e-009
2.800000e+000	4.748300e-002	3.931883e-002	1.427241e-003	1.000000e+000	4.627399e-005	1.983874e-006	0.000000e+000	0.000000e+000	-2.348829e-006	4.590904e-005	4.471785e-008	6.854686e-009
2.900000e+000	4.778914e-002	3.959619e-002	1.442294e-003	1.000000e+000	4.600364e-005	1.967018e-006	0.000000e+000	0.000000e+000	-2.357112e-006	4.561354e-005	3.677693e-008	6.100318e-009
3.000000e+000	4.803686e-002	3.982240e-002	1.455563e-003	1.000000e+000	4.573815e-005	1.956376e-006	0.000000e+000	0.000000e+000	-2.363300e-006	4.533123e-005	2.973968e-008	5.325482e-009
3.100000e+000	4.823427e-002	4.000397e-002	1.467047e-003	1.000000e+000	4.549192e-005	1.950497e-006	0.000000e+000	0.000000e+000	-2.367856e-006	4.507456e-005	2.368479e-008	4.569231e-009
3.200000e+000	4.838939e-002	4.014760e-002	1.476824e-003	1.000000e+000	4.527299e-005	1.948039e-006	0.000000e+000	0.000000e+000	-2.371164e-006	4.484986e-005	1.860339e-008	3.859445e-009
3.300000e+000	4.850976e-002	4.025972e-002	1.485024e-003	1.000000e+000	4.508466e-005	1.947869e-006	0.000000e+000	0.000000e+000	-2.373535e-006	4.465899e-005	1.442933e-008	3.213878e-009
3.400000e+000	4.860208e-002	4.034620e-002	1.491810e-003	1.000000e+000	4.492696e-005	1.949099e-006	0.000000e+000	0.000000e+000	-2.375216e-006	4.450084e-005	1.106400e-008	2.641831e-009
3.500000e+000	4.867215e-002	4.041218e-002	1.497355e-003	1.000000e+000	4.479785e-005	1.951075e-006	0.000000e+000	0.000000e+000	-2.376394e-006	4.437253e-005	8.394923e-009	2.146028e-009
3.600000e+000	4.872482e-002	4.046200e-002	1.501836e-003	1.000000e+000	4.469417e-005	1.953344e-006	0.000000e+000	0.000000e+000	-2.377212e-006	4.427030e-005	6.308718e-009	1.724446e-009
3.700000e+000	4.876406e-002	4.049929e-002	1.505419e-003	1.000000e+000	4.461228e-005	1.955614e-006	0.000000e+000	0.000000e+000	-2.377774e-006	4.419012e-005	4.699240e-009	1.371927e-009
3.800000e+000	4.879305e-002	4.052695e-002	1.508257e-003	1.000000e+000	4.454854e-005	1.957714e-006	0.000000e+000	0.000000e+000	-2.378157e-006	4.412810e-005	3.472035e-009	1.081491e-009
3.900000e+000	4.881432e-002	4.054732e-002	1.510485e-003	1.000000e+000	4.449958e-005	1.959559e-006	0.000000e+000	0.000000e+000	-2.378415e-006	4.408072e-005	2.546181e-009	8.453446e-010
4.000000e+000	4.882981e-002	4.056221e-002	1.512220e-003	1.000000e+000	4.446239e-005	1.961119e-006	0.000000e+000	0.000000e+000	-2.378589e-006	4.404493e-005	1.854366e-009	6.556063e-010
4.100000e+000	4.884101e-002	4.057301e-002	1.513561e-003	1.000000e+000	4.443445e-005	1.962401e-006	0.000000e+000	0.000000e+000	-2.378704e-006	4.401815e-005	1.341939e-009	5.047815e-010
4.200000e+000	4.884908e-002	4.058081e-002	1.514589e-003	1.000000e+000	4.441365e-005	1.963430e-006	0.000000e+000	0.000000e+000	-2.378780e-006	4.399830e-005	9.654067e-010	3.860508e-010
4.300000e+000	4.885485e-002	4.058641e-002	1.515374e-003	1.000000e+000	4.439829e-005	1.964240e-006	0.000000e+000	0.000000e+000	-2.378830e-006	4.398370e-005	6.907493e-010	2.934104e-010
4.400000e+000	4.885896e-002	4.059040e-002	1.515969e-003	1.000000e+000	4.438705e-005	1.964868e-006	0.000000e+000	0.000000e+000	-2.378862e-006	4.397305e-005	4.917442e-010	2.217112e-010
4.500000e+000	4.886187e-002	4.059324e-002	1.516417e-003	1.000000e+000	4.437887e-005	1.965347e-006	0.000000e+000	0.000000e+000	-2.378883e-006	4.396533e-005	3.484405e-010	1.666311e-010
4.600000e+000	4.886392e-002	4.059525e-002	1.516753e-003	1.000000e+000	4.437296e-005	1.965709e-006	0.000000e+000	0.000000e+000	-2.378896e-006	4.395977e-005	2.458319e-010	1.246067e-010
4.700000e+000	4.886536e-002	4.059666e-002	1.517003e-003	1.000000e+000	4.436871e-005	1.965979e-006	0.000000e+000	0.000000e+000	-2.378905e-006	4.395579e-005	1.727454e-010	9.274512e-011
4.800000e+000	4.886637e-002	4.059765e-002	1.517190e-003	1.000000e+000	4.436568e-005	1.966179e-006	0.000000e+000	0.000000e+000	-2.378910e-006	4.395295e-005	1.209377e-010	6.872918e-011
4.900000e+000	4.886707e-002	4.059834e-002	1.517327e-003	1.000000e+000	4.436353e-005	1.966326e-006	0.000000e+000	0.000000e+000	-2.378913e-006	4.395094e-005	8.437685e-011	5.072444e-011
5.000000e+000	4.886756e-002	4.059883e-002	1.517429e-003	1.000000e+000	4.436200e-005	1.966432e-006	0.000000e+000	0.000000e+000	-2.378916e-006	4.394952e-005	5.868164e-011	3.729368e-011
5.100000e+000	4.886790e-002	4.059916e-002	1.517503e-003	1.000000e+000	4.436093e-005	1.966509e-006	0.000000e+000	0.000000e+000	-2.378917e-006	4.394852e-005	4.069137e-011	2.732137e-011
5.200000e+000	4.886814e-002	4.059939e-002	1.517558e-003	1.000000e+000	4.436017e-005	1.966564e-006	0.000000e+000	0.000000e+000	-2.378918e-006	4.394782e-005	2.813379e-011	1.994882e-011
5.300000e+000	4.886830e-002	4.059955e-002	1.517597e-003	1.000000e+000	4.435962e-005	1.966593e-006	0.000000e+000	0.000000e+000	-2.378918e-006	4.394730e-005	1.914723e-011	1.451746e-011
5.400000e+000	4.886838e-002	4.059965e-002	1.517626e-003	1.000000e+000	4.435894e-005	1.966498e-006	0.000000e+000	0.000000e+000	-2.378914e-006	4.394653e-005	9.255887e-012	1.048124e-011
5.500000e+000	4.886825e-002	4.059963e-002	1.517647e-003	1.000000e+000	4.435650e-005	1.965791e-006	0.000000e+000	0.000000e+000	-2.378880e-006	4.394341e-005	-2.264826e-011	7.074393e-012
5.600000e+000	4.886724e-002	4.059915e-002	1.517658e-003	1.000000e+000	4.434706e-005	1.963194e-006	0.000000e+000	0.000000e+000	-2.378729e-006	4.393152e-005	-1.450519e-010	2.287724e-012
5.700000e+000	4.886355e-002	4.059712e-002	1.517652e-003	1.000000e+000	4.431925e-005	1.956516e-006	0.000000e+000	0.000000e+000	-2.378250e-006	4.389751e-005	-5.049137e-010	-8.965391e-012
5.800000e+000	4.885343e-002	4.059117e-002	1.517604e-003	1.000000e+000	4.425304e-005	1.942412e-006	0.000000e+000	0.000000e+000	-2.377054e-006	4.381840e-005	-1.351547e-009	-3.698353e-011
5.900000e+000	4.882981e-002	4.057664e-002	1.517454e-003	1.000000e+000	4.411299e-005	1.914702e-006	0.000000e+000	0.000000e+000	-2.374438e-006	4.365325e-005	-3.113807e-009	-1.002661e-010
6.000000e+000	4.877933e-002	4.054481e-002	1.517085e-003	1.000000e+000	4.383157e-005	1.861035e-006	0.000000e+000	0.000000e+000	-2.369071e-006	4.332353e-005	-6.610714e-009	-2.325207e-010
6.100000e+000	4.867694e-002	4.047920e-002	1.516273e-003	1.000000e+000	4.328612e-005	1.760736e-006	0.000000e+000	0.000000e+000	-2.358488e-006	4.268837e-005	-1.333922e-008	-4.965849e-010
6.200000e+000	4.847941e-002	4.035044e-002	1.514593e-003	1.000000e+000	4.228844e-005	1.588593e-006	0.000000e+000	0.000000e+000	-2.338704e-006	4.153833e-005	-2.555978e-008	-1.001229e-009
6.300000e+000	4.812218e-002	4.011228e-002	1.511312e-003	1.000000e+000	4.061270e-005	1.326614e-006	0.000000e+000	0.000000e+000	-2.304446e-006	3.963487e-005	-4.582956e-008	-1.906393e-009
6.400000e+000	4.752485e-002	3.970302e-002	1.505282e-003	1.000000e+000	3.807107e-005	9.794205e-007	0.000000e+000	0.000000e+000	-2.250339e-006	3.680015e-005	-7.590048e-008	-3.398836e-009
6.500000e+000	4.660816e-002	3.905565e-002	1.494947e-003	1.000000e+000	3.461523e-005	5.842427e-007	0.000000e+000	0.000000e+000	-2.172855e-006	3.302662e-005	-1.153684e-007	-5.631407e-009
6.600000e+000	4.531899e-002	3.811607e-002	1.478516e-003	1.000000e+000	3.041690e-005	2.075846e-007	0.000000e+000	0.000000e+000	-2.072279e-006	2.855221e-005	-1.607779e-007	-8.641162e-009
6.700000e+000	4.365473e-002	3.686392e-002	1.454314e-003	1.000000e+000	2.587770e-005	-7.373050e-008	0.000000e+000	0.000000e+000	-1.953716e-006	2.385025e-005	-2.058369e-007	-1.228112e-008
6.800000e+000	4.167551e-002	3.532730e-002	1.421244e-003	1.000000e+000	2.154186e-005	-2.017366e-007	0.000000e+000	0.000000e+000	-1.826382e-006	1.951374e-005	-2.429865e-007	-1.620547e-008
6.900000e+000	3.949596e-002	3.358313e-002	1.379189e-003	1.000000e+000	1.792973e-005	-1.639347e-007	0.000000e+000	0.000000e+000	-1.701121e-006	1.606467e-005	-2.659097e-007	-1.993243e-008
7.000000e+000	3.725638e-002	3.174014e-002	1.329189e-003	1.000000e+000	1.535956e-005	-1.898351e-009	0.000000e+000	0.000000e+000	-1.587022e-006	1.377064e-005	-2.719074e-007	-2.297471e-008
7.100000e+000	3.508420e-002	2.990973e-002	1.273272e-003	1.000000e+000	1.384464e-005	2.052782e-007	0.000000e+000	0.000000e+000	-1.488696e-006	1.256122e-005	-2.629057e-007	-2.498863e-008
7.200000e+000	3.306162e-002	2.817646e-002	1.213993e-003	1.000000e+000	1.311500e-005	3.739498e-007	0.000000e+000	0.000000e+000	-1.405460e-006	1.208349e-005	-2.445493e-007	-2.587639e-008
7.300000e+000	3.121178e-002	2.658004e-002	1.153826e-003	1.000000e+000	1.274376e-005	4.470571e-007	0.000000e+000	0.000000e+000	-1.332550e-006	1.185827e-005	-2.239214e-007	-2.579755e-008
7.400000e+000	2.950607e-002	2.511419e-002	1.094646e-003	1.000000e+000	1.230957e-005	4.092606e-007	0.000000e+000	0.000000e+000	-1.263543e-006	1.145529e-005	-2.070647e-007	-2.509174e-008
7.500000e+000	2.788582e-002	2.373994e-002	1.037449e-003	1.000000e+000	1.152394e-005	2.828552e-007	0.000000e+000	0.000000e+000	-1.192769e-006	1.061402e-005	-1.973508e-007	-2.415376e-008
7.600000e+000	2.628774e-002	2.240579e-002	9.823675e-004	1.000000e+000	1.028335e-005	1.108496e-007	0.000000e+000	0.000000e+000	-1.116838e-006	9.277364e-006	-1.951398e-007	-2.331509e-008
7.700000e+000	2.466388e-002	2.106624e-002	9.289142e-004	1.000000e+000	8.651862e-006	-6.072268e-008	0.000000e+000	0.000000e+000	-1.035040e-006	7.556099e-006	-1.984679e-007	-2.277110e-008
7.800000e+000	2.299333e-002	1.969433e-002	8.763291e-004	1.000000e+000	6.816190e-006	-1.909518e-007	0.000000e+000	0.000000e+000	-9.491230e-007	5.676115e-006	-2.040068e-007	-2.256171e-008
7.900000e+000	2.128839e-002	1.828852e-002	8.239274e-004	1.000000e+000	5.051436e-006	-2.433826e-007	0.000000e+000	0.000000e+000	-8.630641e-007	3.944989e-006	-2.076926e-007	-2.258587e-008
8.000000e+000	1.959767e-002	1.687642e-002	7.713984e-004	1.000000e+000	3.694921e-006	-1.865645e-007	0.000000e+000	0.000000e+000	-7.829010e-007	2.725455e-006	-2.051136e-007	-2.262738e-008
8.100000e+000	1.800535e-002	1.551555e-002	7.190365e-004	1.000000e+000	3.114621e-006	4.897855e-009	0.000000e+000	0.000000e+000	-7.163150e-007	2.403204e-006	-1.919693e-007	-2.238747e-008
8.200000e+000	1.663587e-002	1.429407e-002	6.678990e-004	1.000000e+000	3.798904e-006	3.999353e-007	0.000000e+000	0.000000e+000	-6.737360e-007	3.525103e-006	-1.630093e-007	-2.150571e-008
8.300000e+000	1.571943e-002	1.336022e-002	6.200516e-004	1.000000e+000	7.014038e-006	1.310356e-006	0.000000e+000	0.000000e+000	-6.787419e-007	7.645652e-006	-1.033636e-007	-1.942234e-008
8.400000e+000	1.582621e-002	1.305471e-002	5.796305e-004	1.000000e+000	1.641557e-005	3.601466e-006	0.000000e+000	0.000000e+000	-7.973599e-007	1.921967e-005	3.298129e-008	-1.475273e-008
8.500000e+000	1.830952e-002	1.420981e-002	5.561336e-004	1.000000e+000	3.992691e-005	8.783687e-006	0.000000e+000	0.000000e+000	-1.179488e-006	4.753111e-005	3.470255e-007	-4.016508e-009
8.600000e+000	2.577742e-002	1.854332e-002	5.709257e-004	1.000000e+000	9.005193e-005	1.856024e-005	0.000000e+000	0.000000e+000	-2.081251e-006	1.065309e-004	9.939848e-007	1.968593e-008
8.700000e+000	4.223895e-002	2.890472e-002	6.656771e-004	1.000000e+000	1.812558e-004	3.395536e-005	0.000000e+000	0.000000e+000	-3.836259e-006	2.113749e-004	2.140114e-006	6.679649e-008
8.800000e+000	7.265817e-002	4.911231e-002	9.086976e-004	1.000000e+000	3.250366e-004	5.456028e-005	0.000000e+000	0.000000e+000	-6.774142e-006	3.728228e-004	3.890864e-006	1.492991e-007
8.900000e+000	1.219572e-001	8.330741e-002	1.394343e-003	1.000000e+000	5.250064e-004	7.838419e-005	0.000000e+000	0.000000e+000	-1.111954e-005	5.922711e-004	6.227859e-006	2.769280e-007
9.000000e+000	1.938071e-001	1.350099e-001	2.232942e-003	1.000000e+000	7.743567e-004	1.023876e-004	0.000000e+000	0.000000e+000	-1.691593e-005	8.598284e-004	8.988195e-006	4.531053e-007
9.100000e+000	2.896411e-001	2.062108e-001	3.532738e-003	1.000000e+000	1.056720e-003	1.233885e-004	0.000000e+000	0.000000e+000	-2.400291e-005	1.156105e-003	1.189502e-005	6.723852e-007
9.200000e+000	4.082030e-001	2.968064e-001	5.378764e-003	1.000000e+000	1.349804e-003	1.389136e-004	0.000000e+000	0.000000e+000	-3.204882e-005	1.456669e-003	1.462328e-005	9.204525e-007
9.300000e+000	5.457127e-001	4.045241e-001	7.814709e-003	1.000000e+000	1.630217e-003	1.476956e-004	0.000000e+000	0.000000e+000	-4.061994e-005	1.737293e-003	1.687319e-005	1.176593e-006
9.400000e+000	6.965231e-001	5.253032e-001	1.083250e-002	1.000000e+000	1.877845e-003	1.497390e-004	0.000000e+000	0.000000e+000	-4.925997e-005	1.978325e-003	1.842725e-005	1.417665e-006
9.500000e+000	8.540327e-001	6.539698e-001	1.437159e-002	1.000000e+000	2.078722e-003	1.460543e-004	0.000000e+000	0.000000e+000	-5.755811e-005	2.167218e-003	1.917864e-005	1.622273e-006
9.600000e+000	1.011607e+000	7.850043e-001	1.832711e-002	1.000000e+000	2.226065e-003	1.382337e-004	0.000000e+000	0.000000e+000	-6.519368e-005	2.299105e-003	1.913067e-005	1.774081e-006
9.700000e+000	1.163333e+000	9.132287e-001	2.256406e-002	1.000000e+000	2.319764e-003	1.280253e-004	0.000000e+000	0.000000e+000	-7.195495e-005	2.375834e-003	1.837538e-005	1.863660e-006
9.800000e+000	1.304506e+000	1.034305e+000	2.693399e-002	1.000000e+000	2.364854e-003	1.170084e-004	0.000000e+000	0.000000e+000	-7.773662e-005	2.404126e-003	1.706173e-005	1.888801e-006
9.900000e+000	1.431851e+000	1.145013e+000	3.129096e-002	1.000000e+000	2.369616e-003	1.064069e-004	0.000000e+000	0.000000e+000	-8.252335e-005	2.393499e-003	1.536298e-005	1.853615e-006
1.000000e+001	1.543512e+000	1.243314e+000	3.550431e-002	1.000000e+000	2.343753e-003	9.703174e-005	0.000000e+000	0.000000e+000	-8.636688e-005	2.354417e-003	1.344984e-005	1.766882e-006
1.010000e+001	1.638885e+000	1.328275e+000	3.946738e-002	1.000000e+000	2.296942e-003	8.930914e-005	0.000000e+000	0.000000e+000	-8.936256e-005	2.296888e-003	1.147206e-005	1.640146e-006
1.020000e+001	1.718363e+000	1.399877e+000	4.310176e-002	1.000000e+000	2.237836e-003	8.335409e-005	0.000000e+000	0.000000e+000	-9.162846e-005	2.229561e-003	9.548257e-006	1.485928e-006
1.030000e+001	1.783052e+000	1.458795e+000	4.635783e-002	1.000000e+000	2.173500e-003	7.906086e-005	0.000000e+000	0.000000e+000	-9.328875e-005	2.159272e-003	7.762620e-006	1.316279e-006
1.040000e+001	1.834500e+000	1.506165e+000	4.921238e-002	1.000000e+000	2.109227e-003	7.619468e-005	0.000000e+000	0.000000e+000	-9.446206e-005	2.090959e-003	6.166861e-006	1.141771e-006
1.050000e+001	1.874469e+000	1.543378e+000	5.166445e-002	1.000000e+000	2.048637e-003	7.447219e-005	0.000000e+000	0.000000e+000	-9.525481e-005	2.027854e-003	4.785516e-006	9.709345e-007
1.060000e+001	1.904762e+000	1.571921e+000	5.373033e-002	1.000000e+000	1.993954e-003	7.361958e-005	0.000000e+000	0.000000e+000	-9.575853e-005	1.971815e-003	3.622828e-006	8.100908e-007
1.070000e+001	1.927112e+000	1.593257e+000	5.543852e-002	1.000000e+000	1.946340e-003	7.340288e-005	0.000000e+000	0.000000e+000	-9.604990e-005	1.923693e-003	2.669469e-006	6.634689e-007
1.080000e+001	1.943107e+000	1.608759e+000	5.682519e-002	1.000000e+000	1.906195e-003	7.363248e-005	0.000000e+000	0.000000e+000	-9.619180e-005	1.883636e-003	1.907906e-006	5.334974e-007
1.090000e+001	1.954156e+000	1.619660e+000	5.793039e-002	1.000000e+000	1.873373e-003	7.415035e-005	0.000000e+000	0.000000e+000	-9.623432e-005	1.851289e-003	1.315893e-006	4.211538e-007
1.100000e+001	1.961461e+000	1.627032e+000	5.879509e-002	1.000000e+000	1.847309e-003	7.481539e-005	0.000000e+000	0.000000e+000	-9.621523e-005	1.825909e-003	8.683905e-007	3.262939e-007
1.110000e+001	1.966010e+000	1.631771e+000	5.945888e-002	1.000000e+000	1.827125e-003	7.550556e-005	0.000000e+000	0.000000e+000	-9.616060e-005	1.806470e-003	5.390447e-007	2.479327e-007
1.120000e+001	1.968577e+000	1.634594e+000	5.995836e-002	1.000000e+000	1.811799e-003	7.613964e-005	0.000000e+000	0.000000e+000	-9.608700e-005	1.791852e-003	3.024134e-007	1.844986e-007
1.130000e+001	1.969755e+000	1.636056e+000	6.032602e-002	1.000000e+000	1.800374e-003	7.669575e-005	0.000000e+000	0.000000e+000	-9.600517e-005	1.781065e-003	1.367967e-007	1.341000e-007
1.140000e+001	1.970000e+000	1.636583e+000	6.058987e-002	1.000000e+000	1.792122e-003	7.720032e-005	0.000000e+000	0.000000e+000	-9.592387e-005	1.773398e-003	2.604998e-008	9.479114e-008
1.150000e+001	1.969675e+000	1.636510e+000	6.077354e-002	1.000000e+000	1.786552e-003	7.769062e-005	0.000000e+000	0.000000e+000	-9.585148e-005	1.768392e-003	-4.094369e-008	6.477712e-008
1.160000e+001	1.969075e+000	1.636106e+000	6.089676e-002	1.000000e+000	1.783305e-003	7.818085e-005	0.000000e+000	0.000000e+000	-9.579531e-005	1.765690e-003	-7.256311e-008	4.249942e-008
1.170000e+001	1.968431e+000	1.635584e+000	6.097590e-002	1.000000e+000	1.782021e-003	7.865635e-005	0.000000e+000	0.000000e+000	-9.576011e-005	1.764917e-003	-7.658751e-008	2.661408e-008
1.180000e+001	1.967909e+000	1.635106e+000	6.102441e-002	1.000000e+000	1.782302e-003	7.909184e-005	0.000000e+000	0.000000e+000	-9.574749e-005	1.765646e-003	-6.083125e-008	1.592888e-008
1.190000e+001	1.967618e+000	1.634783e+000	6.105309e-002	1.000000e+000	1.783751e-003	7.947301e-005	0.000000e+000	0.000000e+000	-9.575670e-005	1.767467e-003	-3.242858e-008	9.365337e-009
1.200000e+001	1.967618e+000	1.634680e+000	6.107036e-002	1.000000e+000	1.786039e-003	7.980490e-005	0.000000e+000	0.000000e+000	-9.578615e-005	1.770058e-003	3.167901e-009	5.965531e-009
1.210000e+001	1.967940e+000	1.634835e+000	6.108262e-002	1.000000e+000	1.788945e-003	8.010523e-005	0.000000e+000	0.000000e+000	-9.583455e-005	1.773216e-003	4.256071e-008	4.921329e-009
1.220000e+001	1.968602e+000	1.635265e+000	6.109455e-002	1.000000e+000	1.792335e-003	8.038938e-005	0.000000e+000	0.000000e+000	-9.590113e-005	1.776823e-003	8.389780e-008	5.591109e-009
1.230000e+001	1.969608e+000	1.635980e+000	6.110953e-002	1.000000e+000	1.796091e-003	8.065413e-005	0.000000e+000	0.000000e+000	-9.598487e-005	1.780760e-003	1.256837e-007	7.480535e-009
1.240000e+001	1.970943e+000	1.636974e+000	6.112993e-002	1.000000e+000	1.800017e-003	8.086759e-005	0.000000e+000	0.000000e+000	-9.608292e-005	1.784802e-003	1.653619e-007	1.018275e-008
1.250000e+001	1.972558e+000	1.638220e+000	6.115716e-002	1.000000e+000	1.803763e-003	8.097400e-005	0.000000e+000	0.000000e+000	-9.618906e-005	1.788548e-003	1.984080e-007	1.329559e-008
1.260000e+001	1.974351e+000	1.639651e+000	6.119165e-002	1.000000e+000	1.806831e-003	8.091550e-005	0.000000e+000	0.000000e+000	-9.629328e-005	1.791453e-003	2.186650e-007	1.635472e-008
1.270000e+001	1.976171e+000	1.641158e+000	6.123267e-002	1.000000e+000	1.808681e-003	8.066103e-005	0.000000e+000	0.000000e+000	-9.638307e-005	1.792959e-003	2.200221e-007	1.882447e-008
1.280000e+001	1.977831e+000	1.642599e+000	6.127821e-002	1.000000e+000	1.808893e-003	8.022760e-005	0.000000e+000	0.000000e+000	-9.644626e-005	1.792674e-003	1.987460e-007	2.016373e-008
1.290000e+001	1.979147e+000	1.643818e+000	6.132512e-002	1.000000e+000	1.807317e-003	7.968250e-005	0.000000e+000	0.000000e+000	-9.647429e-005	1.790525e-003	1.553696e-007	1.994624e-008
1.300000e+001	1.979974e+000	1.644679e+000	6.136950e-002	1.000000e+000	1.804147e-003	7.912339e-005	0.000000e+000	0.000000e+000	-9.646447e-005	1.786806e-003	9.514988e-008	1.798421e-008
1.310000e+001	1.980239e+000	1.645097e+000	6.140739e-002	1.000000e+000	1.799864e-003	7.864540e-005	0.000000e+000	0.000000e+000	-9.642040e-005	1.782090e-003	2.675619e-008	1.439642e-008
1.320000e+001	1.979946e+000	1.645047e+000	6.143543e-002	1.000000e+000	1.795103e-003	7.831352e-005	0.000000e+000	0.000000e+000	-9.635043e-005	1.777066e-003	-4.015860e-008	9.586631e-009
1.330000e+001	1.979175e+000	1.644572e+000	6.145143e-002	1.000000e+000	1.790495e-003	7.815532e-005	0.000000e+000	0.000000e+000	-9.626530e-005	1.772385e-003	-9.720040e-008	4.145205e-009
1.340000e+001	1.978053e+000	1.643759e+000	6.145470e-002	1.000000e+000	1.786584e-003	7.817326e-005	0.000000e+000	0.000000e+000	-9.617640e-005	1.768581e-003	-1.382583e-007	-1.274939e-009
1.350000e+001	1.976743e+000	1.642732e+000	6.144601e-002	1.000000e+000	1.783811e-003	7.836039e-005	0.000000e+000	0.000000e+000	-9.609497e-005	1.766076e-003	-1.593503e-007	-6.055419e-009
1.360000e+001	1.975427e+000	1.641636e+000	6.142748e-002	1.000000e+000	1.782512e-003	7.870320e-005	0.000000e+000	0.000000e+000	-9.603173e-005	1.765183e-003	-1.582511e-007	-9.666807e-009
1.370000e+001	1.974292e+000	1.640625e+000	6.140233e-002	1.000000e+000	1.782891e-003	7.917279e-005	0.000000e+000	0.000000e+000	-9.599598e-005	1.766068e-003	-1.346882e-007	-1.170273e-008
1.380000e+001	1.973506e+000	1.639846e+000	6.137453e-002	1.000000e+000	1.784968e-003	7.971892e-005	0.000000e+000	0.000000e+000	-9.599409e-005	1.768692e-003	-9.090412e-008	-1.191862e-008
1.390000e+001	1.973200e+000	1.639421e+000	6.134841e-002	1.000000e+000	1.788547e-003	8.027666e-005	0.000000e+000	0.000000e+000	-9.602834e-005	1.772795e-003	-3.180162e-008	-1.027214e-008
1.400000e+001	1.973448e+000	1.639431e+000	6.132813e-002	1.000000e+000	1.793253e-003	8.078270e-005	0.000000e+000	0.000000e+000	-9.609668e-005	1.777939e-003	3.577869e-008	-6.940528e-009
1.410000e+001	1.974265e+000	1.639911e+000	6.131720e-002	1.000000e+000	1.798614e-003	8.119173e-005	0.000000e+000	0.000000e+000	-9.619362e-005	1.783612e-003	1.044546e-007	-2.294257e-009
1.420000e+001	1.975608e+000	1.640844e+000	6.131811e-002	1.000000e+000	1.804159e-003	8.148559e-005	0.000000e+000	0.000000e+000	-9.631184e-005	1.789333e-003	1.678140e-007	3.172761e-009
1.430000e+001	1.977401e+000	1.642177e+000	6.133216e-002	1.000000e+000	1.809512e-003	8.167198e-005	0.000000e+000	0.000000e+000	-9.644386e-005	1.794741e-003	2.214857e-007	8.936264e-009
1.440000e+001	1.979545e+000	1.643837e+000	6.135948e-002	1.000000e+000	1.814427e-003	8.177378e-005	0.000000e+000	0.000000e+000	-9.658326e-005	1.799618e-003	2.634200e-007	1.452858e-008
1.450000e+001	1.981943e+000	1.645742e+000	6.139924e-002	1.000000e+000	1.818774e-003	8.181448e-005	0.000000e+000	0.000000e+000	-9.672500e-005	1.803863e-003	2.933574e-007	1.959273e-008
1.460000e+001	1.984499e+000	1.647811e+000	6.144990e-002	1.000000e+000	1.822487e-003	8.180766e-005	0.000000e+000	0.000000e+000	-9.686494e-005	1.807429e-003	3.118763e-007	2.389223e-008
1.470000e+001	1.987124e+000	1.649970e+000	6.150952e-002	1.000000e+000	1.825514e-003	8.175409e-005	0.000000e+000	0.000000e+000	-9.699924e-005	1.810269e-003	3.195630e-007	2.728627e-008
1.480000e+001	1.989729e+000	1.652144e+000	6.157588e-002	1.000000e+000	1.827738e-003	8.162447e-005	0.000000e+000	0.000000e+000	-9.712317e-005	1.812239e-003	3.160269e-007	2.968521e-008
1.490000e+001	1.992182e+000	1.654242e+000	6.164653e-002	1.000000e+000	1.828602e-003	8.124715e-005	0.000000e+000	0.000000e+000	-9.722534e-005	1.812623e-003	2.952272e-007	3.093635e-008
1.500000e+001	1.994159e+000	1.656072e+000	6.171824e-002	1.000000e+000	1.825949e-003	8.003753e-005	0.000000e+000	0.000000e+000	-9.726754e-005	1.808719e-003	2.301722e-007	3.040956e-008
1.510000e+001	1.994784e+000	1.657119e+000	6.178484e-002	1.000000e+000	1.814107e-003	7.675479e-005	0.000000e+000	0.000000e+000	-9.714642e-005	1.793715e-003	4.792018e-008	2.598247e-008
1.520000e+001	1.992125e+000	1.656160e+000	6.183210e-002	1.000000e+000	1.782593e-003	6.967857e-005	0.000000e+000	0.000000e+000	-9.665725e-005	1.755614e-003	-3.845626e-007	1.260177e-008
1.530000e+001	1.982846e+000	1.650916e+000	6.182967e-002	1.000000e+000	1.717312e-003	5.733789e-005	0.000000e+000	0.000000e+000	-9.549607e-005	1.679154e-003	-1.237344e-006	-1.856842e-008
1.540000e+001	1.962357e+000	1.637994e+000	6.172302e-002	1.000000e+000	1.604661e-003	3.940544e-005	0.000000e+000	0.000000e+000	-9.331927e-005	1.550747e-003	-2.654727e-006	-7.917610e-008
1.550000e+001	1.925592e+000	1.613316e+000	6.143015e-002	1.000000e+000	1.436826e-003	1.716976e-005	0.000000e+000	0.000000e+000	-8.984184e-005	1.364154e-003	-4.682336e-006	-1.805646e-007
1.560000e+001	1.868169e+000	1.572964e+000	6.084715e-002	1.000000e+000	1.215669e-003	-6.711987e-006	0.000000e+000	0.000000e+000	-8.493041e-005	1.124026e-003	-7.223844e-006	-3.295717e-007
1.570000e+001	1.787538e+000	1.514156e+000	5.986295e-002	1.000000e+000	9.533919e-004	-2.901896e-005	0.000000e+000	0.000000e+000	-7.865179e-005	8.457212e-004	-1.004934e-005	-5.250755e-007
1.580000e+001	1.683685e+000	1.435986e+000	5.837982e-002	1.000000e+000	6.699406e-004	-4.690422e-005	0.000000e+000	0.000000e+000	-7.126294e-005	5.517734e-004	-1.284920e-005	-7.567849e-007
1.590000e+001	1.559233e+000	1.339720e+000	5.633334e-002	1.000000e+000	3.884396e-004	-5.857453e-005	0.000000e+000	0.000000e+000	-6.315392e-005	2.667112e-004	-1.530827e-005	-1.006705e-006
1.600000e+001	1.418968e+000	1.228598e+000	5.370662e-002	1.000000e+000	1.304372e-004	-6.353344e-005	0.000000e+000	0.000000e+000	-5.476941e-005	1.213431e-005	-1.717249e-005	-1.252617e-006
1.610000e+001	1.269003e+000	1.107258e+000	5.053515e-002	1.000000e+000	-8.766524e-005	-6.242668e-005	0.000000e+000	0.000000e+000	-4.653403e-005	-1.966260e-004	-1.828983e-005	-1.472320e-006
1.620000e+001	1.115845e+000	9.809889e-001	4.690222e-002	1.000000e+000	-2.563682e-004	-5.665188e-005	0.000000e+000	0.000000e+000	-3.879803e-005	-3.518181e-004	-1.862064e-005	-1.647389e-006
1.630000e+001	9.655673e-001	8.550033e-001	4.292699e-002	1.000000e+000	-3.730909e-004	-4.791235e-005	0.000000e+000	0.000000e+000	-3.180926e-005	-4.528125e-004	-1.822297e-005	-1.765634e-006
1.640000e+001	8.232257e-001	7.338661e-001	3.874870e-002	1.000000e+000	-4.409527e-004	-3.784490e-005	0.000000e+000	0.000000e+000	-2.570876e-005	-5.045064e-004	-1.722342e-005	-1.821998e-006
1.650000e+001	6.925446e-001	6.211397e-001	3.451039e-002	1.000000e+000	-4.669491e-004	-2.778180e-005	0.000000e+000	0.000000e+000	-2.054319e-005	-5.152741e-004	-1.578403e-005	-1.818071e-006
1.660000e+001	5.758543e-001	5.192464e-001	3.034500e-002	1.000000e+000	-4.600647e-004	-1.864948e-005	0.000000e+000	0.000000e+000	-1.628609e-005	-4.950003e-004	-1.407291e-005	-1.760680e-006
1.670000e+001	4.742101e-001	4.295050e-001	2.636531e-002	1.000000e+000	-4.296796e-004	-1.097300e-005	0.000000e+000	0.000000e+000	-1.286166e-005	-4.535143e-004	-1.224278e-005	-1.660044e-006
1.680000e+001	3.876205e-001	3.522839e-001	2.265822e-002	1.000000e+000	-3.844343e-004	-4.944211e-006	0.000000e+000	0.000000e+000	-1.016634e-005	-3.995449e-004	-1.041834e-005	-1.527941e-006
1.690000e+001	3.153188e-001	2.872125e-001	1.928301e-002	1.000000e+000	-3.315677e-004	-5.160093e-007	0.000000e+000	0.000000e+000	-8.086174e-006	-3.401699e-004	-8.691369e-006	-1.376146e-006
1.700000e+001	2.560300e-001	2.334053e-001	1.627276e-002	1.000000e+000	-2.766547e-004	2.504308e-006	0.000000e+000	0.000000e+000	-6.509124e-006	-2.806595e-004	-7.121642e-006	-1.215313e-006
1.710000e+001	2.082026e-001	1.896668e-001	1.363777e-002	1.000000e+000	-2.236318e-004	4.377576e-006	0.000000e+000	0.000000e+000	-5.332747e-006	-2.245870e-004	-5.741216e-006	-1.054301e-006
1.720000e+001	1.701911e-001	1.546606e-001	1.137019e-002	1.000000e+000	-1.749986e-004	5.376406e-006	0.000000e+000	0.000000e+000	-4.468146e-006	-1.740903e-004	-4.560426e-006	-8.998865e-007
1.730000e+001	1.403870e-001	1.270358e-001	9.448834e-003	1.000000e+000	-1.321063e-004	5.748431e-006	0.000000e+000	0.000000e+000	-3.841124e-006	-1.301990e-004	-3.574148e-006	-7.567895e-007
1.740000e+001	1.173009e-001	1.055129e-001	7.843740e-003	1.000000e+000	-9.547099e-005	5.695400e-006	0.000000e+000	0.000000e+000	-3.391406e-006	-9.316700e-005	-2.767567e-006	-6.278894e-007
1.750000e+001	9.960547e-002	8.893216e-002	6.520088e-003	1.000000e+000	-6.506429e-005	5.366042e-006	0.000000e+000	0.000000e+000	-3.070711e-006	-6.276896e-005	-2.120962e-006	-5.145589e-007
1.760000e+001	8.614816e-002	7.627493e-002	5.441259e-003	1.000000e+000	-4.054528e-005	4.861878e-006	0.000000e+000	0.000000e+000	-2.840530e-006	-3.852393e-005	-1.613148e-006	-4.170332e-007
1.770000e+001	7.594753e-002	6.666603e-002	4.571070e-003	1.000000e+000	-2.141212e-005	4.251213e-006	0.000000e+000	0.000000e+000	-2.670287e-006	-1.983119e-005	-1.223441e-006	-3.347539e-007
1.780000e+001	6.818187e-002	5.936694e-002	3.875276e-003	1.000000e+000	-7.087528e-006	3.581905e-006	0.000000e+000	0.000000e+000	-2.536054e-006	-6.041677e-006	-9.325358e-007	-2.666523e-007
1.790000e+001	6.217480e-002	5.376489e-002	3.322492e-003	1.000000e+000	3.031042e-006	2.888574e-006	0.000000e+000	0.000000e+000	-2.419530e-006	3.500086e-006	-7.228789e-007	-2.113634e-007
1.800000e+001	5.738004e-002	4.936049e-002	2.884694e-003	1.000000e+000	9.545440e-006	2.198886e-006	0.000000e+000	0.000000e+000	-2.307224e-006	9.437102e-006	-5.787571e-007	-1.673805e-007
1.810000e+001	5.336810e-002	4.575590e-002	2.537417e-003	1.000000e+000	1.305889e-005	1.541169e-006	0.000000e+000	0.000000e+000	-2.190030e-006	1.241003e-005	-4.860225e-007	-1.331589e-007
1.820000e+001	4.981661e-002	4.264562e-002	2.259767e-003	1.000000e+000	1.419009e-005	9.470926e-007	0.000000e+000	0.000000e+000	-2.063095e-006	1.307409e-005	-4.316841e-007	-1.071733e-007
1.830000e+001	4.650145e-002	3.980903e-002	2.034340e-003	1.000000e+000	1.356485e-005	4.448777e-007	0.000000e+000	0.000000e+000	-1.925408e-006	1.208432e-005	-4.038824e-007	-8.794928e-008
1.840000e+001	4.328378e-002	3.710116e-002	1.847069e-003	1.000000e+000	1.177256e-005	4.922544e-008	0.000000e+000	0.000000e+000	-1.778739e-006	1.004305e-005	-3.924034e-007	-7.409432e-008
1.850000e+001	4.009195e-002	3.443928e-002	1.686986e-003	1.000000e+000	9.314747e-006	-2.416272e-007	0.000000e+000	0.000000e+000	-1.626272e-006	7.446848e-006	-3.892648e-007	-6.434016e-008
1.860000e+001	3.690212e-002	3.178708e-002	1.545880e-003	1.000000e+000	6.583516e-006	-4.386981e-007	0.000000e+000	0.000000e+000	-1.471597e-006	4.673221e-006	-3.887885e-007	-5.758359e-008
1.870000e+001	3.372315e-002	2.914053e-002	1.417894e-003	1.000000e+000	3.879782e-006	-5.520594e-007	0.000000e+000	0.000000e+000	-1.318420e-006	2.009303e-006	-3.870683e-007	-5.290548e-008
1.880000e+001	3.058709e-002	2.651812e-002	1.299096e-003	1.000000e+000	1.443981e-006	-5.874761e-007	0.000000e+000	0.000000e+000	-1.170643e-006	-3.141377e-007	-3.813124e-007	-4.956143e-008
1.890000e+001	2.754224e-002	2.395442e-002	1.187101e-003	1.000000e+000	-5.363590e-007	-5.522985e-007	0.000000e+000	0.000000e+000	-1.032217e-006	-2.120874e-006	-3.696176e-007	-4.695967e-008
1.900000e+001	2.464395e-002	2.149321e-002	1.080739e-003	1.000000e+000	-1.949615e-006	-4.634051e-007	0.000000e+000	0.000000e+000	-9.064689e-007	-3.319489e-006	-3.512393e-007	-4.464784e-008
1.910000e+001	2.194266e-002	1.917846e-002	9.797246e-004	1.000000e+000	-2.787589e-006	-3.484572e-007	0.000000e+000	0.000000e+000	-7.952623e-007	-3.931308e-006	-3.269020e-007	-4.231550e-008
1.920000e+001	1.947240e-002	1.704437e-002	8.843228e-004	1.000000e+000	-3.146203e-006	-2.386835e-007	0.000000e+000	0.000000e+000	-6.985431e-007	-4.083429e-006	-2.986702e-007	-3.979948e-008
1.930000e+001	1.724441e-002	1.510826e-002	7.950153e-004	1.000000e+000	-3.190236e-006	-1.585170e-007	0.000000e+000	0.000000e+000	-6.145718e-007	-3.963325e-006	-2.692986e-007	-3.707309e-008
1.940000e+001	1.524809e-002	1.336876e-002	7.122184e-004	1.000000e+000	-3.098169e-006	-1.186846e-007	0.000000e+000	0.000000e+000	-5.406827e-007	-3.757537e-006	-2.413703e-007	-3.421157e-008
1.950000e+001	1.345766e-002	1.180952e-002	6.361039e-004	1.000000e+000	-3.012280e-006	-1.157345e-007	0.000000e+000	0.000000e+000	-4.741725e-007	-3.602187e-006	-2.166249e-007	-3.134111e-008
1.960000e+001	1.184142e-002	1.040602e-002	5.665418e-004	1.000000e+000	-3.011511e-006	-1.367346e-007	0.000000e+000	0.000000e+000	-4.129638e-007	-3.561209e-006	-1.956998e-007	-2.858818e-008
1.970000e+001	1.036988e-002	9.132874e-003	5.031445e-004	1.000000e+000	-3.110452e-006	-1.658128e-007	0.000000e+000	0.000000e+000	-3.558855e-007	-3.632150e-006	-1.782743e-007	-2.604334e-008
1.980000e+001	9.020897e-003	7.969083e-003	4.453731e-004	1.000000e+000	-3.276872e-006	-1.895667e-007	0.000000e+000	0.000000e+000	-3.026070e-007	-3.769046e-006	-1.634472e-007	-2.374611e-008
1.990000e+001	7.781238e-003	6.900570e-003	3.926532e-004	1.000000e+000	-3.456342e-006	-1.999134e-007	0.000000e+000	0.000000e+000	-2.533682e-007	-3.909623e-006	-1.501544e-007	-2.168880e-008
2.000000e+001	6.645379e-003	5.920124e-003	3.444695e-004	1.000000e+000	-3.594368e-006	-1.944292e-007	0.000000e+000	0.000000e+000	-2.086558e-007	-3.997453e-006	-1.374877e-007	-1.983179e-008
2.010000e+001	5.612853e-003	5.025667e-003	3.004170e-004	1.000000e+000	-3.650885e-006	-1.750521e-007	0.000000e+000	0.000000e+000	-1.689334e-007	-3.994870e-006	-1.248641e-007	-1.812241e-008
2.020000e+001	4.685280e-003	4.217878e-003	2.602124e-004	1.000000e+000	-3.606188e-006	-1.461644e-007	0.000000e+000	0.000000e+000	-1.344716e-007	-3.886824e-006	-1.120543e-007	-1.651095e-008
2.030000e+001	3.863896e-003	3.497954e-003	2.236738e-004	1.000000e+000	-3.460101e-006	-1.128171e-007	0.000000e+000	0.000000e+000	-1.052816e-007	-3.678199e-006	-9.911894e-008	-1.496090e-008
2.040000e+001	3.147966e-003	2.865990e-003	1.906845e-004	1.000000e+000	-3.227153e-006	-7.948460e-008	0.000000e+000	0.000000e+000	-8.112457e-008	-3.387762e-006	-8.630289e-008	-1.345290e-008
2.050000e+001	2.534094e-003	2.320092e-003	1.611532e-004	1.000000e+000	-2.930403e-006	-4.942348e-008	0.000000e+000	0.000000e+000	-6.156826e-008	-3.041395e-006	-7.392769e-008	-1.198367e-008
2.060000e+001	2.016259e-003	1.856164e-003	1.349817e-004	1.000000e+000	-2.595708e-006	-2.452504e-008	0.000000e+000	0.000000e+000	-4.605921e-008	-2.666292e-006	-6.230641e-008	-1.056202e-008
2.070000e+001	1.586321e-003	1.468167e-003	1.120419e-004	1.000000e+000	-2.247413e-006	-5.484009e-009	0.000000e+000	0.000000e+000	-3.399275e-008	-2.286890e-006	-5.168928e-008	-9.203705e-009
2.080000e+001	1.234743e-003	1.148649e-003	9.216604e-005	1.000000e+000	-1.905721e-006	7.886129e-009	0.000000e+000	0.000000e+000	-2.476925e-008	-1.922604e-006	-4.223861e-008	-7.926554e-009
2.090000e+001	9.513474e-004	8.893625e-004	7.514623e-005	1.000000e+000	-1.585551e-006	1.631433e-008	0.000000e+000	0.000000e+000	-1.783303e-008	-1.587070e-006	-3.402624e-008	-6.746735e-009
2.100000e+001	7.259740e-004	6.818484e-004	6.074141e-005	1.000000e+000	-1.296507e-006	2.078172e-008	0.000000e+000	0.000000e+000	-1.269493e-008	-1.288420e-006	-2.704523e-008	-5.676351e-009
2.110000e+001	5.489907e-004	5.179114e-004	4.868832e-005	1.000000e+000	-1.043528e-006	2.230934e-008	0.000000e+000	0.000000e+000	-8.941503e-009	-1.030160e-006	-2.122857e-008	-4.722342e-009
2.120000e+001	4.116312e-004	3.899601e-004	3.871372e-005	1.000000e+000	-8.278745e-007	2.182531e-008	0.000000e+000	0.000000e+000	-6.234774e-009	-8.122840e-007	-1.646934e-008	-3.886405e-009
2.130000e+001	3.061827e-004	2.912152e-004	3.054599e-005	1.000000e+000	-6.481773e-007	2.009793e-008	0.000000e+000	0.000000e+000	-4.306149e-009	-6.323855e-007	-1.263903e-008	-3.165609e-009
2.140000e+001	2.260485e-004	2.158044e-004	2.392474e-005	1.000000e+000	-5.013893e-007	1.771635e-008	0.000000e+000	0.000000e+000	-2.947243e-009	-4.866202e-007	-9.602190e-009	-2.553373e-009
2.150000e+001	1.657221e-004	1.587713e-004	1.860804e-005	1.000000e+000	-3.835689e-007	1.510086e-008	0.000000e+000	0.000000e+000	-1.999743e-009	-3.704678e-007	-7.227052e-009	-2.040576e-009
2.160000e+001	1.207019e-004	1.160249e-004	1.437707e-005	1.000000e+000	-2.904633e-007	1.252858e-008	0.000000e+000	0.000000e+000	-1.345577e-009	-2.792803e-007	-5.392377e-009	-1.616607e-009
2.170000e+001	8.737541e-005	8.425368e-005	1.103847e-005	1.000000e+000	-2.179079e-007	1.016452e-008	0.000000e+000	0.000000e+000	-8.981213e-010	-2.086415e-007	-3.991170e-009	-1.270266e-009
2.180000e+001	6.288984e-005	6.082256e-005	8.424910e-006	1.000000e+000	-1.620723e-007	8.091710e-009	0.000000e+000	0.000000e+000	-5.947585e-010	-1.545754e-007	-2.932064e-009	-9.904692e-010
2.190000e+001	4.502485e-005	4.366641e-005	6.394144e-006	1.000000e+000	-1.195887e-007	6.337240e-009	0.000000e+000	0.000000e+000	-3.908236e-010	-1.136423e-007	-2.139112e-009	-7.667431e-010
2.200000e+001	3.207441e-005	3.118860e-005	4.827226e-006	1.000000e+000	-8.759540e-008	4.892892e-009	0.000000e+000	0.000000e+000	-2.548455e-010	-8.295735e-008	-1.550587e-009	-5.895457e-010
2.210000e+001	2.274280e-005	2.216964e-005	3.626119e-006	1.000000e+000	-6.372696e-008	3.730486e-009	0.000000e+000	0.000000e+000	-1.648971e-010	-6.016137e-008	-1.117277e-009	-4.504312e-010
2.220000e+001	1.605623e-005	1.568827e-005	2.711066e-006	1.000000e+000	-4.607189e-008	2.812562e-009	0.000000e+000	0.000000e+000	-1.058594e-010	-4.336519e-008	-8.005939e-010	-3.421027e-010
2.230000e+001	1.128975e-005	1.105545e-005	2.017947e-006	1.000000e+000	-3.311476e-008	2.099335e-009	0.000000e+000	0.000000e+000	-6.740857e-011	-3.108283e-008	-5.707176e-010	-2.583833e-010
2.240000e+001	7.908345e-006	7.760415e-006	1.495764e-006	1.000000e+000	-2.367364e-008	1.552875e-009	0.000000e+000	0.000000e+000	-4.255948e-011	-2.216332e-008	-4.048986e-010	-1.941352e-010
2.250000e+001	5.520257e-006	5.427706e-006	1.104347e-006	1.000000e+000	-1.683979e-008	1.139300e-009	0.000000e+000	0.000000e+000	-2.662684e-011	-1.572711e-008	-2.859792e-010	-1.451506e-010
2.260000e+001	3.840702e-006	3.783371e-006	8.123378e-007	1.000000e+000	-1.192322e-008	8.296816e-010	0.000000e+000	0.000000e+000	-1.649408e-011	-1.111003e-008	-2.011512e-010	-1.080291e-010
2.270000e+001	2.664027e-006	2.628905e-006	5.954572e-007	1.000000e+000	-8.405846e-009	6.001251e-010	0.000000e+000	0.000000e+000	-1.010472e-011	-7.815826e-009	-1.409412e-010	-8.005614e-011
2.280000e+001	1.842625e-006	1.821379e-006	4.350465e-007	1.000000e+000	-5.902483e-009	4.314017e-010	0.000000e+000	0.000000e+000	-6.112441e-012	-5.477194e-009	-9.840097e-011	-5.908760e-011
2.290000e+001	1.271140e-006	1.258479e-006	3.168659e-007	1.000000e+000	-4.129322e-009	3.083594e-010	0.000000e+000	0.000000e+000	-3.642653e-012	-3.824605e-009	-6.847278e-011	-4.344645e-011
2.300000e+001	8.747655e-007	8.673563e-007	2.301168e-007	1.000000e+000	-2.878922e-009	2.192655e-010	0.000000e+000	0.000000e+000	-2.131635e-012	-2.661789e-009	-4.750045e-011	-3.183243e-011
2.310000e+001	6.006349e-007	5.963982e-007	1.666587e-007	1.000000e+000	-2.000770e-009	1.551686e-010	0.000000e+000	0.000000e+000	-1.218892e-012	-1.846820e-009	-3.285762e-011	-2.324541e-011
2.320000e+001	4.115522e-007	4.092034e-007	1.203883e-007	1.000000e+000	-1.386380e-009	1.093262e-010	0.000000e+000	0.000000e+000	-6.757642e-013	-1.277729e-009	-2.266861e-011	-1.692175e-011
2.330000e+001	2.814531e-007	2.802071e-007	8.675262e-008	1.000000e+000	-9.580327e-010	7.671533e-011	0.000000e+000	0.000000e+000	-3.584528e-013	-8.816758e-010	-1.560093e-011	-1.228222e-011
2.340000e+001	1.921415e-007	1.915251e-007	6.237125e-008	1.000000e+000	-6.603608e-010	5.363107e-011	0.000000e+000	0.000000e+000	-1.773491e-013	-6.069071e-010	-1.071258e-011	-8.890142e-012
2.350000e+001	1.309589e-007	1.306907e-007	4.474535e-008	1.000000e+000	-4.541187e-010	3.736408e-011	0.000000e+000	0.000000e+000	-7.716976e-014	-4.168318e-010	-7.340619e-012	-6.418207e-012
2.360000e+001	8.912690e-008	8.904282e-008	3.203521e-008	1.000000e+000	-3.116192e-010	2.594856e-011	0.000000e+000	0.000000e+000	-2.418812e-014	-2.856949e-010	-5.020413e-012	-4.622317e-012
2.370000e+001	6.057608e-008	6.058272e-008	2.289153e-008	1.000000e+000	-2.134132e-010	1.796811e-011	0.000000e+000	0.000000e+000	1.908536e-015	-1.954431e-010	-3.427547e-012	-3.321316e-012
2.380000e+001	4.112143e-008	4.116721e-008	1.632819e-008	1.000000e+000	-1.458920e-010	1.240859e-011	0.000000e+000	0.000000e+000	1.316905e-014	-1.334702e-010	-2.336309e-012	-2.381359e-012
2.390000e+001	2.788454e-008	2.794227e-008	1.162688e-008	1.000000e+000	-9.956861e-011	8.548071e-012	0.000000e+000	0.000000e+000	1.660817e-014	-9.100393e-011	-1.590166e-012	-1.703960e-012
2.400000e+001	1.889028e-008	1.894663e-008	8.265949e-009	1.000000e+000	-6.785136e-011	5.875263e-012	0.000000e+000	0.000000e+000	1.621344e-014	-6.195988e-011	-1.080885e-012	-1.216933e-012
2.410000e+001	1.278621e-008	1.283550e-008	5.867694e-009	1.000000e+000	-4.617436e-011	4.029793e-012	0.000000e+000	0.000000e+000	1.417978e-014	-4.213039e-011	-7.338346e-013	-8.675520e-013
2.420000e+001	8.648108e-009	8.688637e-009	4.159351e-009	1.000000e+000	-3.138395e-011	2.758749e-012	0.000000e+000	0.000000e+000	1.166036e-014	-2.861354e-011	-4.976831e-013	-6.174367e-013
2.430000e+001	5.845494e-009	5.877532e-009	2.944441e-009	1.000000e+000	-2.130758e-011	1.885335e-012	0.000000e+000	0.000000e+000	9.217460e-015	-1.941303e-011	-3.372060e-013	-4.387335e-013
2.440000e+001	3.948984e-009	3.973624e-009	2.081773e-009	1.000000e+000	-1.445219e-011	1.286416e-012	0.000000e+000	0.000000e+000	7.088993e-015	-1.315868e-011	-2.282838e-013	-3.112874e-013
2.450000e+001	2.666582e-009	2.685154e-009	1.470107e-009	1.000000e+000	-9.793920e-012	8.765075e-013	0.000000e+000	0.000000e+000	5.343052e-015	-8.912069e-012	-1.544328e-013	-2.205530e-013
2.460000e+001	1.799988e-009	1.813771e-009	1.037003e-009	1.000000e+000	-6.632103e-012	5.964491e-013	0.000000e+000	0.000000e+000	3.965409e-015	-6.031689e-012	-1.044080e-013	-1.560599e-013
2.470000e+001	1.214694e-009	1.224800e-009	7.307256e-010	1.000000e+000	-4.488115e-012	4.054090e-013	0.000000e+000	0.000000e+000	2.907406e-015	-4.079799e-012	-7.055075e-014	-1.102885e-013
2.480000e+001	8.195642e-010	8.269014e-010	5.143979e-010	1.000000e+000	-3.035560e-012	2.752780e-013	0.000000e+000	0.000000e+000	2.110918e-015	-2.758171e-012	-4.765233e-014	-7.785066e-014
2.490000e+001	5.529072e-010	5.581918e-010	3.617760e-010	1.000000e+000	-2.052192e-012	1.867501e-013	0.000000e+000	0.000000e+000	1.520386e-015	-1.863921e-012	-3.217518e-014	-5.489302e-014
2.500000e+001	3.729986e-010	3.767796e-010	2.542142e-010	1.000000e+000	-1.386888e-012	1.265936e-013	0.000000e+000	0.000000e+000	1.087790e-015	-1.259206e-012	-2.171950e-014	-3.866545e-014
2.510000e+001	2.516395e-010	2.543297e-010	1.784850e-010	1.000000e+000	-9.370169e-013	8.575758e-014	0.000000e+000	0.000000e+000	7.739464e-016	-8.504854e-013	-1.465908e-014	-2.720865e-014
2.520000e+001	1.697838e-010	1.716888e-010	1.252180e-010	1.000000e+000	-6.329546e-013	5.806156e-014	0.000000e+000	0.000000e+000	5.480571e-016	-5.743450e-013	-9.892940e-015	-1.912907e-014
2.530000e+001	1.145742e-010	1.159177e-010	8.778386e-011	1.000000e+000	-4.275150e-013	3.929197e-014	0.000000e+000	0.000000e+000	3.865413e-016	-3.878365e-013	-6.676342e-015	-1.343716e-014
2.540000e+001	7.733501e-011	7.827937e-011	6.149849e-011	1.000000e+000	-2.887463e-013	2.658027e-014	0.000000e+000	0.000000e+000	2.716909e-016	-2.618943e-013	-4.505849e-015	-9.431259e-015
2.550000e+001	5.221416e-011	5.287597e-011	4.305601e-011	1.000000e+000	-1.950288e-013	1.797605e-014	0.000000e+000	0.000000e+000	1.904041e-016	-1.768623e-013	-3.041364e-015	-6.614573e-015
2.560000e+001	3.526512e-011	3.572775e-011	3.012585e-011	1.000000e+000	-1.317429e-013	1.215475e-014	0.000000e+000	0.000000e+000	1.331007e-016	-1.194551e-013	-2.053245e-015	-4.635787e-015
2.570000e+001	2.382691e-011	2.414961e-011	2.106671e-011	1.000000e+000	-8.900806e-014	8.217695e-015	0.000000e+000	0.000000e+000	9.284145e-017	-8.069752e-014	-1.386498e-015	-3.246783e-015
2.580000e+001	1.610550e-011	1.633017e-011	1.472383e-011	1.000000e+000	-6.014927e-014	5.555704e-015	0.000000e+000	0.000000e+000	6.463902e-017	-5.452892e-014	-9.365409e-016	-2.272525e-015
2.590000e+001	1.089134e-011	1.104752e-011	1.028551e-011	1.000000e+000	-4.065874e-014	3.756164e-015	0.000000e+000	0.000000e+000	4.493190e-017	-3.685764e-014	-6.328274e-016	-1.589667e-015
2.600000e+001	7.368932e-012	7.477346e-012	7.181652e-012	1.000000e+000	-2.749297e-014	2.539779e-015	0.000000e+000	0.000000e+000	3.119056e-017	-2.492200e-014	-4.277742e-016	-1.111376e-015
2.610000e+001	4.988354e-012	5.063524e-012	5.012211e-012	1.000000e+000	-1.859746e-014	1.717593e-015	0.000000e+000	0.000000e+000	2.162662e-017	-1.685824e-014	-2.892896e-016	-7.765838e-016
2.620000e+001	3.378711e-012	3.430781e-012	3.496649e-012	1.000000e+000	-1.258543e-014	1.161832e-015	0.000000e+000	0.000000e+000	1.498059e-017	-1.140862e-014	-1.957294e-016	-5.423771e-016
2.630000e+001	2.289793e-012	2.325832e-012	2.438393e-012	1.000000e+000	-8.520820e-015	7.861197e-016	0.000000e+000	0.000000e+000	1.036844e-017	-7.724332e-015	-1.324948e-016	-3.786284e-016
2.640000e+001	1.552747e-012	1.577674e-012	1.699787e-012	1.000000e+000	-5.771755e-015	5.320809e-016	0.000000e+000	0.000000e+000	7.171365e-018	-5.232503e-015	-8.973753e-017	-2.642020e-016
2.650000e+001	1.053591e-012	1.070822e-012	1.184497e-012	1.000000e+000	-3.911655e-015	3.602718e-016	0.000000e+000	0.000000e+000	4.957337e-018	-3.546426e-015	-6.081250e-017	-1.842813e-016
2.660000e+001	7.153442e-013	7.272501e-013	8.251474e-013	1.000000e+000	-2.652470e-015	2.440418e-016	0.000000e+000	0.000000e+000	3.425314e-018	-2.405003e-015	-4.123485e-017	-1.284871e-016
2.670000e+001	4.859973e-013	4.942208e-013	5.746397e-013	1.000000e+000	-1.799646e-015	1.653848e-016	0.000000e+000	0.000000e+000	2.365917e-018	-1.631895e-015	-2.797672e-017	-8.955320e-017
2.680000e+001	3.303929e-013	3.360716e-013	4.000684e-013	1.000000e+000	-1.221738e-015	1.121343e-016	0.000000e+000	0.000000e+000	1.633738e-018	-1.107970e-015	-1.899311e-017	-6.239581e-017
2.690000e+001	2.247538e-013	2.286743e-013	2.784550e-013	1.000000e+000	-8.299083e-016	7.606865e-017	0.000000e+000	0.000000e+000	1.127928e-018	-7.527117e-016	-1.290229e-017	-4.346017e-017
2.700000e+001	1.529899e-013	1.556963e-013	1.937604e-013	1.000000e+000	-5.640889e-016	5.163064e-017	0.000000e+000	0.000000e+000	7.786192e-019	-5.116796e-016	-8.770266e-018	-3.026198e-017
2.710000e+001	1.042069e-013	1.060750e-013	1.347942e-013	1.000000e+000	-3.836488e-016	3.506333e-017	0.000000e+000	0.000000e+000	5.374498e-019	-3.480481e-016	-5.965345e-018	-2.106596e-017
2.720000e+001	7.102419e-014	7.231364e-014	9.375173e-014	1.000000e+000	-2.610905e-016	2.382593e-017	0.000000e+000	0.000000e+000	3.709722e-019	-2.368936e-016	-4.060092e-018	-1.466056e-017
2.730000e+001	4.843828e-014	4.932833e-014	6.519220e-014	1.000000e+000	-1.777951e-016	1.619957e-017	0.000000e+000	0.000000e+000	2.560672e-019	-1.613395e-016	-2.765115e-018	-1.020028e-017
2.740000e+001	3.305519e-014	3.366959e-014	4.532372e-014	1.000000e+000	-1.211489e-016	1.102094e-017	0.000000e+000	0.000000e+000	1.767631e-019	-1.099512e-016	-1.884369e-018	-7.095325e-018
2.750000e+001	2.257119e-014	2.299534e-014	3.150462e-014	1.000000e+000	-8.260168e-017	7.502355e-018	0.000000e+000	0.000000e+000	1.220303e-019	-7.497729e-017	-1.284965e-018	-4.934436e-018
2.760000e+001	1.542152e-014	1.571438e-014	2.189509e-014	1.000000e+000	-5.635403e-017	5.110254e-018	0.000000e+000	0.000000e+000	8.425459e-020	-5.115953e-017	-8.767707e-019	-3.430941e-018
2.770000e+001	1.054270e-014	1.074493e-014	1.521413e-014	1.000000e+000	-3.847021e-017	3.482999e-018	0.000000e+000	0.000000e+000	5.818064e-020	-3.492903e-017	-5.986119e-019	-2.385092e-018
2.780000e+001	7.211440e-015	7.351106e-015	1.057013e-014	1.000000e+000	-2.627744e-017	2.375360e-018	0.000000e+000	0.000000e+000	4.018187e-020	-2.386190e-017	-4.089443e-019	-1.657746e-018
2.790000e+001	4.935489e-015	5.031964e-015	7.342598e-015	1.000000e+000	-1.795955e-017	1.620947e-018	0.000000e+000	0.000000e+000	2.775584e-020	-1.631085e-017	-2.795354e-019	-1.152011e-018
2.800000e+001	3.379628e-015	3.446281e-015	5.099874e-015	1.000000e+000	-1.228164e-017	1.106798e-018	0.000000e+000	0.000000e+000	1.917592e-020	-1.115566e-017	-1.911862e-019	-8.004338e-019
2.810000e+001	2.315424e-015	2.361482e-015	3.541709e-015	1.000000e+000	-8.403474e-018	7.561791e-019	0.000000e+000	0.000000e+000	1.325069e-020	-7.634044e-018	-1.308329e-019	-5.560689e-019
2.820000e+001	1.587110e-015	1.618942e-015	2.459310e-015	1.000000e+000	-5.753031e-018	5.169315e-019	0.000000e+000	0.000000e+000	9.158075e-021	-5.226941e-018	-8.957988e-020	-3.862514e-019
2.830000e+001	1.088404e-015	1.110409e-015	1.707512e-015	1.000000e+000	-3.940602e-018	3.535803e-019	0.000000e+000	0.000000e+000	6.330736e-021	-3.580691e-018	-6.136624e-020	-2.682584e-019
2.840000e+001	7.467442e-016	7.619584e-016	1.185406e-015	1.000000e+000	-2.700530e-018	2.419825e-019	0.000000e+000	0.000000e+000	4.377128e-021	-2.454171e-018	-4.205972e-020	-1.862867e-019
2.850000e+001	5.125588e-016	5.230801e-016	8.228603e-016	1.000000e+000	-1.851605e-018	1.656969e-019	0.000000e+000	0.000000e+000	3.026977e-021	-1.682881e-018	-2.884117e-020	-1.293478e-019
2.860000e+001	3.519633e-016	3.592407e-016	5.711409e-016	1.000000e+000	-1.270143e-018	1.135201e-019	0.000000e+000	0.000000e+000	2.093692e-021	-1.154530e-018	-1.978613e-020	-8.980231e-020
2.870000e+001	2.417825e-016	2.468170e-016	3.963884e-016	1.000000e+000	-8.716738e-019	7.781286e-020	0.000000e+000	0.000000e+000	1.448436e-021	-7.924125e-019	-1.358008e-020	-6.234050e-020
2.880000e+001	1.661567e-016	1.696403e-016	2.750814e-016	1.000000e+000	-5.984725e-019	5.336335e-020	0.000000e+000	0.000000e+000	1.002228e-021	-5.441069e-019	-9.324566e-021	-4.327228e-020
2.890000e+001	1.142270e-016	1.166378e-016	1.908825e-016	1.000000e+000	-4.110695e-019	3.661340e-020	0.000000e+000	0.000000e+000	6.936052e-022	-3.737625e-019	-6.405188e-021	-3.003369e-020
2.900000e+001	7.855413e-017	8.022290e-017	1.324457e-016	1.000000e+000	-2.824613e-019	2.513244e-020	0.000000e+000	0.000000e+000	4.801029e-022	-2.568488e-019	-4.401532e-021	-2.084343e-020
2.910000e+001	5.403954e-017	5.519483e-017	9.189207e-017	1.000000e+000	-1.941635e-019	1.725912e-020	0.000000e+000	0.000000e+000	3.323760e-022	-1.765720e-019	-3.025775e-021	-1.446416e-020
2.920000e+001	3.718681e-017	3.798675e-017	6.375119e-017	1.000000e+000	-1.335159e-019	1.185726e-020	0.000000e+000	0.000000e+000	2.301418e-022	-1.214285e-019	-2.080761e-021	-1.003652e-020
2.930000e+001	2.559728e-017	2.615125e-017	4.422524e-017	1.000000e+000	-9.184338e-020	8.149367e-021	0.000000e+000	0.000000e+000	1.593782e-022	-8.353463e-020	-1.431373e-021	-6.963704e-021
2.940000e+001	1.762459e-017	1.800829e-017	3.067788e-017	1.000000e+000	-6.319813e-020	5.603108e-021	0.000000e+000	0.000000e+000	1.103892e-022	-5.748464e-020	-9.849660e-022	-4.831332e-021
2.950000e+001	1.213831e-017	1.240410e-017	2.127918e-017	1.000000e+000	-4.350057e-020	3.853825e-021	0.000000e+000	0.000000e+000	7.646897e-023	-3.957028e-020	-6.779847e-022	-3.351694e-021
2.960000e+001	8.361892e-018	8.546038e-018	1.475911e-017	1.000000e+000	-2.995111e-020	2.651584e-021	0.000000e+000	0.000000e+000	5.297876e-023	-2.724654e-020	-4.668118e-022	-2.325060e-021
2.970000e+001	5.761718e-018	5.889313e-018	1.023629e-017	1.000000e+000	-2.062771e-020	1.824994e-021	0.000000e+000	0.000000e+000	3.670903e-023	-1.876600e-020	-3.214994e-022	-1.612791e-021
2.980000e+001	3.970952e-018	4.059373e-018	7.099097e-018	1.000000e+000	-1.421028e-020	1.256472e-021	0.000000e+000	0.000000e+000	2.543873e-023	-1.292837e-020	-2.214769e-022	-1.118657e-021
2.990000e+001	2.737326e-018	2.798607e-018	4.923146e-018	1.000000e+000	-9.791774e-021	8.653111e-022	0.000000e+000	0.000000e+000	1.763056e-023	-8.908832e-021	-1.526090e-022	-7.758756e-022
3.000000e+001	1.887307e-018	1.929783e-018	3.413991e-018	1.000000e+000	-6.748714e-021	5.960917e-022	0.000000e+000	0.000000e+000	1.222030e-023	-6.140402e-021	-1.051791e-022	-5.381023e-022
3.010000e+001	1.301479e-018	1.330923e-018	2.367353e-018	1.000000e+000	-4.652385e-021	4.107413e-022	0.000000e+000	0.000000e+000	8.471094e-024	-4.233172e-021	-7.250537e-023	-3.731782e-022
3.020000e+001	8.976474e-019	9.180599e-019	1.641518e-018	1.000000e+000	-3.207890e-021	2.830948e-022	0.000000e+000	0.000000e+000	5.872679e-024	-2.918923e-021	-4.999160e-023	-2.587899e-022
3.030000e+001	6.192179e-019	6.333702e-019	1.138179e-018	1.000000e+000	-2.212316e-021	1.951628e-022	0.000000e+000	0.000000e+000	4.071639e-024	-2.013082e-021	-3.447504e-023	-1.794563e-022
3.040000e+001	4.272144e-019	4.370273e-019	7.891493e-019	1.000000e+000	-1.525997e-021	1.345731e-022	0.000000e+000	0.000000e+000	2.823160e-024	-1.388601e-021	-2.377871e-023	-1.244376e-022
3.050000e+001	2.947874e-019	3.015918e-019	5.471315e-019	1.000000e+000	-1.052771e-021	9.281312e-023	0.000000e+000	0.000000e+000	1.957639e-024	-9.580000e-022	-1.640373e-023	-8.628334e-023
3.060000e+001	2.034362e-019	2.081549e-019	3.793229e-019	1.000000e+000	-7.264120e-022	6.402436e-023	0.000000e+000	0.000000e+000	1.357557e-024	-6.610301e-022	-1.131784e-023	-5.982534e-023
3.070000e+001	1.404108e-019	1.436832e-019	2.629732e-019	1.000000e+000	-5.012990e-022	4.417337e-023	0.000000e+000	0.000000e+000	9.414755e-025	-4.561842e-022	-7.809920e-024	-4.147888e-023
3.080000e+001	9.692194e-020	9.919151e-020	1.823056e-019	1.000000e+000	-3.459960e-022	3.048248e-023	0.000000e+000	0.000000e+000	6.529554e-025	-3.148606e-022	-5.389987e-024	-2.875765e-023
3.090000e+001	6.690976e-020	6.848388e-020	1.263790e-019	1.000000e+000	-2.388371e-022	2.103825e-023	0.000000e+000	0.000000e+000	4.528759e-025	-2.173460e-022	-3.720343e-024	-1.993722e-023
3.100000e+001	4.619549e-020	4.728732e-020	8.760653e-020	1.000000e+000	-1.648865e-022	1.452226e-023	0.000000e+000	0.000000e+000	3.141188e-025	-1.500501e-022	-2.568200e-024	-1.382170e-023
3.110000e+001	3.189698e-020	3.265431e-020	6.072751e-020	1.000000e+000	-1.138460e-022	1.002582e-023	0.000000e+000	0.000000e+000	2.178843e-025	-1.036023e-022	-1.773054e-024	-9.581742e-024
3.120000e+001	2.202604e-020	2.255137e-020	4.209420e-020	1.000000e+000	-7.861327e-023	6.922492e-024	0.000000e+000	0.000000e+000	1.511378e-025	-7.153964e-023	-1.224218e-024	-6.642232e-024
3.130000e+001	1.521100e-020	1.557541e-020	2.917744e-020	1.000000e+000	-5.428961e-023	4.780332e-024	0.000000e+000	0.000000e+000	1.048416e-025	-4.940444e-023	-8.453500e-025	-4.604376e-024
3.140000e+001	1.050536e-020	1.075815e-020	2.022370e-020	1.000000e+000	-3.749534e-023	3.301439e-024	0.000000e+000	0.000000e+000	7.272876e-026	-3.412117e-023	-5.837843e-025	-3.191648e-024
3.150000e+001	7.255943e-021	7.431310e-021	1.401725e-020	1.000000e+000	-2.589850e-023	2.280314e-024	0.000000e+000	0.000000e+000	5.045322e-026	-2.356773e-023	-4.031843e-025	-2.212316e-024
3.160000e+001	5.011921e-021	5.133579e-021	9.715260e-021	1.000000e+000	-1.788983e-023	1.575175e-024	0.000000e+000	0.000000e+000	3.500098e-026	-1.627966e-023	-2.784759e-025	-1.533443e-024
3.170000e+001	3.462103e-021	3.546503e-021	6.733417e-021	1.000000e+000	-1.235861e-023	1.088186e-024	0.000000e+000	0.000000e+000	2.428170e-026	-1.124614e-023	-1.923544e-025	-1.062862e-024
3.180000e+001	2.391660e-021	2.450212e-021	4.666662e-021	1.000000e+000	-8.538125e-024	7.518207e-025	0.000000e+000	0.000000e+000	1.684550e-026	-7.769459e-024	-1.328755e-025	-7.366739e-025
3.190000e+001	1.652269e-021	1.692890e-021	3.234203e-021	1.000000e+000	-5.899058e-024	5.194694e-025	0.000000e+000	0.000000e+000	1.168674e-026	-5.367902e-024	-9.179386e-026	-5.105790e-025
3.200000e+001	1.141516e-021	1.169698e-021	2.241396e-021	1.000000e+000	-4.075943e-024	3.589531e-025	0.000000e+000	0.000000e+000	8.107872e-027	-3.708882e-024	-6.341716e-026	-3.538671e-025
