TIME          	MC CONC       	STS CONC      	HTS CONC      	SED CONC      	ADV dm/dt     	DISP dm/dt    	DECAY dm/dt   	SORPTION dm/dt	STORAGE dm/dt 	MC dm/dt      	STS dm/dt     	HTS dm/dt     
(hr)          	mg/L          	mg/L          	mg/L          	mg/L          	(mg/L)·(m²/s)  	(mg/L)·(m²/s)  	(mg/L)·(m²/s)  	(mg/L)·(m²/s)  	(mg/L)·(m²/s)  	(mg/L)·(m²/s)  	(mg/L)·(m²/s)  	(mg/L)·(m²/s)  
0.000000e+000	4.816645e-001	4.816645e-001	4.816645e-001	0.000000e+000	6.818740e-006	1.067806e-007	0.000000e+000	0.000000e+000	0.000000e+000	6.925521e-006	0.000000e+000	0.000000e+000
1.000000e-001	4.816645e-001	4.816645e-001	4.816645e-001	1.000000e+000	6.818740e-006	1.067806e-007	0.000000e+000	0.000000e+000	1.756761e-019	6.925521e-006	-1.726689e-019	-3.007194e-021
2.000000e-001	4.816645e-001	4.816645e-001	4.816645e-001	1.000000e+000	6.818740e-006	1.067806e-007	0.000000e+000	0.000000e+000	1.756761e-019	6.925521e-006	-1.659863e-019	-9.689849e-021
3.000000e-001	4.816645e-001	4.816645e-001	4.816645e-001	1.000000e+000	6.818740e-006	1.067806e-007	0.000000e+000	0.000000e+000	1.756761e-019	6.925521e-006	-1.593036e-019	-1.637250e-020
4.000000e-001	4.816645e-001	4.816645e-001	4.816645e-001	1.000000e+000	6.818740e-006	1.067806e-007	0.000000e+000	0.000000e+000	-3.341041e-017	6.925521e-006	3.322095e-017	1.894533e-019
5.000000e-001	4.816645e-001	4.816645e-001	4.816645e-001	1.000000e+000	6.818741e-006	1.067809e-007	0.000000e+000	0.000000e+000	-5.658864e-015	6.925522e-006	5.608862e-015	5.000229e-017
6.000000e-001	4.816645e-001	4.816645e-001	4.816645e-001	1.000000e+000	6.818758e-006	1.067890e-007	0.000000e+000	0.000000e+000	-2.249563e-013	6.925547e-006	2.222987e-013	2.657549e-015
7.000000e-001	4.816645e-001	4.816645e-001	4.816645e-001	1.000000e+000	6.819004e-006	1.068854e-007	0.000000e+000	0.000000e+000	-3.520872e-012	6.925886e-006	3.467144e-012	5.372873e-014
8.000000e-001	4.816647e-001	4.816646e-001	4.816645e-001	1.000000e+000	6.820823e-006	1.074996e-007	0.000000e+000	0.000000e+000	-2.924547e-011	6.928294e-006	2.868440e-011	5.610674e-013
9.000000e-001	4.816656e-001	4.816651e-001	4.816645e-001	1.000000e+000	6.829378e-006	1.099946e-007	0.000000e+000	0.000000e+000	-1.550090e-010	6.939218e-006	1.513506e-010	3.658417e-012
1.000000e+000	4.816694e-001	4.816673e-001	4.816645e-001	1.000000e+000	6.858195e-006	1.172571e-007	0.000000e+000	0.000000e+000	-5.904509e-010	6.974861e-006	5.736025e-010	1.684840e-011
1.100000e+000	4.816806e-001	4.816745e-001	4.816646e-001	1.000000e+000	6.933486e-006	1.336364e-007	0.000000e+000	0.000000e+000	-1.750611e-009	7.065371e-006	1.691052e-009	5.955958e-011
1.200000e+000	4.817081e-001	4.816933e-001	4.816648e-001	1.000000e+000	7.094759e-006	1.638140e-007	0.000000e+000	0.000000e+000	-4.270326e-009	7.254302e-006	4.099036e-009	1.712896e-010
1.300000e+000	4.817659e-001	4.817349e-001	4.816655e-001	1.000000e+000	7.389309e-006	2.109176e-007	0.000000e+000	0.000000e+000	-8.918203e-009	7.591308e-006	8.500277e-009	4.179260e-010
1.400000e+000	4.818723e-001	4.818152e-001	4.816670e-001	1.000000e+000	7.861289e-006	2.747603e-007	0.000000e+000	0.000000e+000	-1.642058e-008	8.119628e-006	1.552823e-008	8.923510e-010
1.500000e+000	4.820482e-001	4.819535e-001	4.816699e-001	1.000000e+000	8.538917e-006	3.510690e-007	0.000000e+000	0.000000e+000	-2.725458e-008	8.862732e-006	2.554747e-008	1.707114e-009
1.600000e+000	4.823145e-001	4.821703e-001	4.816752e-001	1.000000e+000	9.424332e-006	4.320570e-007	0.000000e+000	0.000000e+000	-4.148485e-008	9.814904e-006	3.850497e-008	2.979880e-009
1.700000e+000	4.826881e-001	4.824841e-001	4.816842e-001	1.000000e+000	1.048943e-005	5.080795e-007	0.000000e+000	0.000000e+000	-5.869794e-008	1.093881e-005	5.388294e-008	4.814995e-009
1.800000e+000	4.831798e-001	4.829085e-001	4.816981e-001	1.000000e+000	1.167866e-005	5.697328e-007	0.000000e+000	0.000000e+000	-7.804860e-008	1.217034e-005	7.076292e-008	7.285681e-009
1.900000e+000	4.837918e-001	4.834498e-001	4.817185e-001	1.000000e+000	1.291753e-005	6.097176e-007	0.000000e+000	0.000000e+000	-9.839518e-008	1.342885e-005	8.797421e-008	1.042097e-008
2.000000e+000	4.845179e-001	4.841061e-001	4.817470e-001	1.000000e+000	1.412411e-005	6.240050e-007	0.000000e+000	0.000000e+000	-1.184803e-007	1.462963e-005	1.042805e-007	1.419977e-008
2.100000e+000	4.853438e-001	4.848672e-001	4.817849e-001	1.000000e+000	1.522067e-005	6.121532e-007	0.000000e+000	0.000000e+000	-1.371104e-007	1.569571e-005	1.185577e-007	1.855269e-008
2.200000e+000	4.862490e-001	4.857162e-001	4.818336e-001	1.000000e+000	1.614312e-005	5.768855e-007	0.000000e+000	0.000000e+000	-1.532989e-007	1.656670e-005	1.299288e-007	2.337013e-008
2.300000e+000	4.872093e-001	4.866311e-001	4.818938e-001	1.000000e+000	1.684695e-005	5.231929e-007	0.000000e+000	0.000000e+000	-1.663539e-007	1.720378e-005	1.378392e-007	2.851473e-008
2.400000e+000	4.881988e-001	4.875874e-001	4.819661e-001	1.000000e+000	1.730944e-005	4.572569e-007	0.000000e+000	0.000000e+000	-1.759088e-007	1.759079e-005	1.420734e-007	3.383538e-008
2.500000e+000	4.891925e-001	4.885602e-001	4.820510e-001	1.000000e+000	1.752864e-005	3.854364e-007	0.000000e+000	0.000000e+000	-1.819039e-007	1.773218e-005	1.427231e-007	3.918074e-008
2.600000e+000	4.901676e-001	4.895262e-001	4.821481e-001	1.000000e+000	1.751999e-005	3.134779e-007	0.000000e+000	0.000000e+000	-1.845352e-007	1.764893e-005	1.401246e-007	4.441057e-008
2.700000e+000	4.911050e-001	4.904648e-001	4.822571e-001	1.000000e+000	1.731171e-005	2.460099e-007	0.000000e+000	0.000000e+000	-1.841855e-007	1.737354e-005	1.347816e-007	4.940392e-008
2.800000e+000	4.919896e-001	4.913592e-001	4.823773e-001	1.000000e+000	1.693990e-005	1.863177e-007	0.000000e+000	0.000000e+000	-1.813522e-007	1.694487e-005	1.272880e-007	5.406419e-008
2.900000e+000	4.928108e-001	4.921970e-001	4.825079e-001	1.000000e+000	1.644396e-005	1.363443e-007	0.000000e+000	0.000000e+000	-1.765812e-007	1.640372e-005	1.182603e-007	5.832097e-008
3.000000e+000	4.935621e-001	4.929697e-001	4.826479e-001	1.000000e+000	1.586285e-005	9.684757e-008	0.000000e+000	0.000000e+000	-1.704144e-007	1.578928e-005	1.082849e-007	6.212948e-008
3.100000e+000	4.942405e-001	4.936727e-001	4.827961e-001	1.000000e+000	1.523236e-005	6.764375e-008	0.000000e+000	0.000000e+000	-1.633505e-007	1.513665e-005	9.788226e-008	6.546822e-008
3.200000e+000	4.948461e-001	4.943045e-001	4.829516e-001	1.000000e+000	1.458336e-005	4.787864e-008	0.000000e+000	0.000000e+000	-1.558213e-007	1.447541e-005	8.748579e-008	6.833548e-008
3.300000e+000	4.953815e-001	4.948665e-001	4.831132e-001	1.000000e+000	1.394092e-005	3.628529e-008	0.000000e+000	0.000000e+000	-1.481798e-007	1.382902e-005	7.743455e-008	7.074529e-008
3.400000e+000	4.958508e-001	4.953618e-001	4.832799e-001	1.000000e+000	1.332419e-005	3.140281e-008	0.000000e+000	0.000000e+000	-1.406987e-007	1.321489e-005	6.797524e-008	7.272342e-008
3.500000e+000	4.962594e-001	4.957951e-001	4.834507e-001	1.000000e+000	1.274671e-005	3.174539e-008	0.000000e+000	0.000000e+000	-1.335744e-007	1.264488e-005	5.927081e-008	7.430357e-008
3.600000e+000	4.966132e-001	4.961720e-001	4.836248e-001	1.000000e+000	1.221708e-005	3.592041e-008	0.000000e+000	0.000000e+000	-1.269370e-007	1.212606e-005	5.141286e-008	7.552413e-008
3.700000e+000	4.969183e-001	4.964982e-001	4.838013e-001	1.000000e+000	1.173978e-005	4.270094e-008	0.000000e+000	0.000000e+000	-1.208609e-007	1.166162e-005	4.443542e-008	7.642544e-008
3.800000e+000	4.971809e-001	4.967799e-001	4.839796e-001	1.000000e+000	1.131604e-005	5.106111e-008	0.000000e+000	0.000000e+000	-1.153764e-007	1.125173e-005	3.832865e-008	7.704776e-008
3.900000e+000	4.974068e-001	4.970228e-001	4.841590e-001	1.000000e+000	1.094466e-005	6.018387e-008	0.000000e+000	0.000000e+000	-1.104811e-007	1.089436e-005	3.305138e-008	7.742969e-008
4.000000e+000	4.976013e-001	4.972323e-001	4.843391e-001	1.000000e+000	1.062271e-005	6.944995e-008	0.000000e+000	0.000000e+000	-1.061489e-007	1.058601e-005	2.854179e-008	7.760715e-008
4.100000e+000	4.977693e-001	4.974136e-001	4.845194e-001	1.000000e+000	1.034622e-005	7.841553e-008	0.000000e+000	0.000000e+000	-1.023391e-007	1.032229e-005	2.472626e-008	7.761280e-008
4.200000e+000	4.979150e-001	4.975709e-001	4.846995e-001	1.000000e+000	1.011060e-005	8.678451e-008	0.000000e+000	0.000000e+000	-9.900178e-008	1.009838e-005	2.152607e-008	7.747571e-008
4.300000e+000	4.980423e-001	4.977083e-001	4.848791e-001	1.000000e+000	9.911060e-006	9.437955e-008	0.000000e+000	0.000000e+000	-9.608380e-008	9.909356e-006	1.886248e-008	7.722132e-008
4.400000e+000	4.981543e-001	4.978292e-001	4.850581e-001	1.000000e+000	9.742888e-006	1.011146e-007	0.000000e+000	0.000000e+000	-9.353175e-008	9.750471e-006	1.666017e-008	7.687158e-008
4.500000e+000	4.982537e-001	4.979364e-001	4.852362e-001	1.000000e+000	9.601606e-006	1.069705e-007	0.000000e+000	0.000000e+000	-9.129459e-008	9.617282e-006	1.484942e-008	7.644516e-008
4.600000e+000	4.983429e-001	4.980324e-001	4.854132e-001	1.000000e+000	9.483107e-006	1.119747e-007	0.000000e+000	0.000000e+000	-8.932521e-008	9.505756e-006	1.336742e-008	7.595778e-008
4.700000e+000	4.984237e-001	4.981193e-001	4.855890e-001	1.000000e+000	9.383709e-006	1.161845e-007	0.000000e+000	0.000000e+000	-8.758123e-008	9.412312e-006	1.215870e-008	7.542253e-008
4.800000e+000	4.984977e-001	4.981987e-001	4.857635e-001	1.000000e+000	9.300179e-006	1.196745e-007	0.000000e+000	0.000000e+000	-8.602535e-008	9.333828e-006	1.117515e-008	7.485020e-008
4.900000e+000	4.985662e-001	4.982721e-001	4.859366e-001	1.000000e+000	9.229721e-006	1.225271e-007	0.000000e+000	0.000000e+000	-8.462526e-008	9.267623e-006	1.037565e-008	7.424961e-008
5.000000e+000	4.986303e-001	4.983406e-001	4.861084e-001	1.000000e+000	9.169954e-006	1.248258e-007	0.000000e+000	0.000000e+000	-8.335347e-008	9.211427e-006	9.725529e-009	7.362794e-008
5.100000e+000	4.986907e-001	4.984050e-001	4.862786e-001	1.000000e+000	9.118876e-006	1.266509e-007	0.000000e+000	0.000000e+000	-8.218681e-008	9.163340e-006	9.195851e-009	7.299096e-008
5.200000e+000	4.987481e-001	4.984662e-001	4.864474e-001	1.000000e+000	9.074817e-006	1.280759e-007	0.000000e+000	0.000000e+000	-8.110599e-008	9.121787e-006	8.762717e-009	7.234327e-008
5.300000e+000	4.988031e-001	4.985247e-001	4.866147e-001	1.000000e+000	9.036379e-006	1.291568e-007	0.000000e+000	0.000000e+000	-8.009484e-008	9.085441e-006	8.406282e-009	7.168855e-008
5.400000e+000	4.988560e-001	4.985809e-001	4.867804e-001	1.000000e+000	9.002125e-006	1.298307e-007	0.000000e+000	0.000000e+000	-7.913611e-008	9.052819e-006	8.106472e-009	7.102964e-008
5.500000e+000	4.989070e-001	4.986352e-001	4.869446e-001	1.000000e+000	8.969130e-006	1.295085e-007	0.000000e+000	0.000000e+000	-7.819028e-008	9.020448e-006	7.822096e-009	7.036819e-008
5.600000e+000	4.989555e-001	4.986874e-001	4.871073e-001	1.000000e+000	8.929202e-006	1.263048e-007	0.000000e+000	0.000000e+000	-7.713627e-008	8.978371e-006	7.433438e-009	6.970284e-008
5.700000e+000	4.989988e-001	4.987357e-001	4.872684e-001	1.000000e+000	8.862884e-006	1.162976e-007	0.000000e+000	0.000000e+000	-7.567442e-008	8.903507e-006	6.650214e-009	6.902420e-008
5.800000e+000	4.990303e-001	4.987759e-001	4.874279e-001	1.000000e+000	8.731632e-006	9.270154e-008	0.000000e+000	0.000000e+000	-7.320291e-008	8.751130e-006	4.897049e-009	6.830586e-008
5.900000e+000	4.990364e-001	4.987980e-001	4.875856e-001	1.000000e+000	8.463737e-006	4.338101e-008	0.000000e+000	0.000000e+000	-6.860293e-008	8.438515e-006	1.113581e-009	6.748935e-008
6.000000e+000	4.989898e-001	4.987820e-001	4.877412e-001	1.000000e+000	7.924131e-006	-5.475398e-008	0.000000e+000	0.000000e+000	-5.976847e-008	7.809608e-006	-6.688486e-009	6.645696e-008
6.100000e+000	4.988381e-001	4.986894e-001	4.878940e-001	1.000000e+000	6.863708e-006	-2.424658e-007	0.000000e+000	0.000000e+000	-4.278861e-008	6.578454e-006	-2.219134e-008	6.497996e-008
6.200000e+000	4.984864e-001	4.984480e-001	4.880424e-001	1.000000e+000	4.865546e-006	-5.791498e-007	0.000000e+000	0.000000e+000	-1.104117e-008	4.275355e-006	-5.159243e-008	6.263360e-008
6.300000e+000	4.977774e-001	4.979341e-001	4.881837e-001	1.000000e+000	1.331102e-006	-1.130165e-006	0.000000e+000	0.000000e+000	4.510369e-008	2.460403e-007	-1.037936e-007	5.868988e-008
6.400000e+000	4.964802e-001	4.969570e-001	4.883129e-001	1.000000e+000	-4.445929e-006	-1.939044e-006	0.000000e+000	0.000000e+000	1.371678e-007	-6.247805e-006	-1.891983e-007	5.203051e-008
6.500000e+000	4.942992e-001	4.952576e-001	4.884221e-001	1.000000e+000	-1.310109e-005	-2.993573e-006	0.000000e+000	0.000000e+000	2.757270e-007	-1.581894e-005	-3.168711e-007	4.114406e-008
6.600000e+000	4.909091e-001	4.925303e-001	4.884994e-001	1.000000e+000	-2.495363e-005	-4.202326e-006	0.000000e+000	0.000000e+000	4.664431e-007	-2.868951e-005	-4.907061e-007	2.426302e-008
6.700000e+000	4.860155e-001	4.884709e-001	4.885288e-001	1.000000e+000	-3.978304e-005	-5.398128e-006	0.000000e+000	0.000000e+000	7.064106e-007	-4.447476e-005	-7.060619e-007	-3.486781e-010
6.800000e+000	4.794244e-001	4.828398e-001	4.884907e-001	1.000000e+000	-5.673690e-005	-6.375874e-006	0.000000e+000	0.000000e+000	9.826002e-007	-6.213017e-005	-9.485860e-007	-3.401417e-008
6.900000e+000	4.710964e-001	4.755235e-001	4.883633e-001	1.000000e+000	-7.444577e-005	-6.955748e-006	0.000000e+000	0.000000e+000	1.273656e-006	-8.012786e-005	-1.196370e-006	-7.728578e-008
7.000000e+000	4.611646e-001	4.665692e-001	4.881246e-001	1.000000e+000	-9.133484e-005	-7.046106e-006	0.000000e+000	0.000000e+000	1.554898e-006	-9.682605e-005	-1.425152e-006	-1.297461e-007
7.100000e+000	4.499066e-001	4.561796e-001	4.877545e-001	1.000000e+000	-1.060227e-004	-6.675936e-006	0.000000e+000	0.000000e+000	1.804751e-006	-1.108939e-004	-1.614695e-006	-1.900560e-007
7.200000e+000	4.376798e-001	4.446663e-001	4.872372e-001	1.000000e+000	-1.176524e-004	-5.981668e-006	0.000000e+000	0.000000e+000	2.010023e-006	-1.216241e-004	-1.753780e-006	-2.562425e-007
7.300000e+000	4.248448e-001	4.323808e-001	4.865614e-001	1.000000e+000	-1.260369e-004	-5.156795e-006	0.000000e+000	0.000000e+000	2.168127e-006	-1.290256e-004	-1.842003e-006	-3.261236e-007
7.400000e+000	4.116992e-001	4.196444e-001	4.857210e-001	1.000000e+000	-1.315900e-004	-4.388642e-006	0.000000e+000	0.000000e+000	2.285815e-006	-1.336928e-004	-1.888087e-006	-3.977282e-007
7.500000e+000	3.984419e-001	4.066986e-001	4.847137e-001	1.000000e+000	-1.351015e-004	-3.807978e-006	0.000000e+000	0.000000e+000	2.375457e-006	-1.365341e-004	-1.905869e-006	-4.695883e-007
7.600000e+000	3.851689e-001	3.936867e-001	4.835401e-001	1.000000e+000	-1.374592e-004	-3.466761e-006	0.000000e+000	0.000000e+000	2.450575e-006	-1.384754e-004	-1.909730e-006	-5.408459e-007
7.700000e+000	3.718958e-001	3.806624e-001	4.822021e-001	1.000000e+000	-1.394101e-004	-3.342817e-006	0.000000e+000	0.000000e+000	2.522165e-006	-1.402308e-004	-1.910978e-006	-6.111878e-007
7.800000e+000	3.585950e-001	3.676196e-001	4.807017e-001	1.000000e+000	-1.414005e-004	-3.357477e-006	0.000000e+000	0.000000e+000	2.596351e-006	-1.421616e-004	-1.915687e-006	-6.806643e-007
7.900000e+000	3.452401e-001	3.545314e-001	4.790408e-001	1.000000e+000	-1.434837e-004	-3.393818e-006	0.000000e+000	0.000000e+000	2.673129e-006	-1.442044e-004	-1.923682e-006	-7.494470e-007
8.000000e+000	3.318502e-001	3.413946e-001	4.772209e-001	1.000000e+000	-1.452885e-004	-3.315199e-006	0.000000e+000	0.000000e+000	2.745937e-006	-1.458577e-004	-1.928371e-006	-8.175659e-007
8.100000e+000	3.185310e-001	3.282706e-001	4.752439e-001	1.000000e+000	-1.460443e-004	-2.982689e-006	0.000000e+000	0.000000e+000	2.802094e-006	-1.462249e-004	-1.917433e-006	-8.846614e-007
8.200000e+000	3.055148e-001	3.153243e-001	4.731131e-001	1.000000e+000	-1.445218e-004	-2.214188e-006	0.000000e+000	0.000000e+000	2.822184e-006	-1.439138e-004	-1.872422e-006	-9.497621e-007
8.300000e+000	2.932678e-001	3.028919e-001	4.708351e-001	1.000000e+000	-1.382647e-004	-5.292894e-007	0.000000e+000	0.000000e+000	2.768850e-006	-1.360251e-004	-1.757966e-006	-1.010884e-006
8.400000e+000	2.828441e-001	2.917035e-001	4.684236e-001	1.000000e+000	-1.211595e-004	3.400360e-006	0.000000e+000	0.000000e+000	2.548862e-006	-1.152102e-004	-1.485148e-006	-1.063714e-006
8.500000e+000	2.766931e-001	2.834561e-001	4.659079e-001	1.000000e+000	-7.930420e-005	1.228765e-005	0.000000e+000	0.000000e+000	1.945735e-006	-6.507081e-005	-8.475212e-007	-1.098214e-006
8.600000e+000	2.799078e-001	2.818345e-001	4.633529e-001	1.000000e+000	1.282947e-005	3.014361e-005	0.000000e+000	0.000000e+000	5.543235e-007	4.352740e-005	5.382718e-007	-1.092595e-006
8.700000e+000	3.015179e-001	2.937711e-001	4.608948e-001	1.000000e+000	1.927248e-004	6.121142e-005	0.000000e+000	0.000000e+000	-2.228769e-006	2.517074e-004	3.234720e-006	-1.005951e-006
8.800000e+000	3.551747e-001	3.304186e-001	4.587930e-001	1.000000e+000	5.045258e-004	1.082272e-004	0.000000e+000	0.000000e+000	-7.122315e-006	6.056307e-004	7.895026e-006	-7.727113e-007
8.900000e+000	4.586657e-001	4.072374e-001	4.574887e-001	1.000000e+000	9.888206e-004	1.708147e-004	0.000000e+000	0.000000e+000	-1.479591e-005	1.144839e-003	1.509838e-005	-3.024724e-007
9.000000e+000	6.321061e-001	5.428528e-001	4.576554e-001	1.000000e+000	1.670783e-003	2.447946e-004	0.000000e+000	0.000000e+000	-2.567818e-005	1.889899e-003	2.516536e-005	5.128202e-007
9.100000e+000	8.951404e-001	7.567811e-001	4.602253e-001	1.000000e+000	2.550798e-003	3.227252e-004	0.000000e+000	0.000000e+000	-3.980597e-005	2.833718e-003	3.802094e-005	1.785029e-006
9.200000e+000	1.263828e+000	1.066526e+000	4.663783e-001	1.000000e+000	3.600634e-003	3.954392e-004	0.000000e+000	0.000000e+000	-5.676379e-005	3.939310e-003	5.315138e-005	3.612410e-006
9.300000e+000	1.747953e+000	1.484737e+000	4.774896e-001	1.000000e+000	4.766083e-003	4.539973e-004	0.000000e+000	0.000000e+000	-7.572716e-005	5.144353e-003	6.966434e-005	6.062824e-006
9.400000e+000	2.349324e+000	2.017070e+000	4.950447e-001	1.000000e+000	5.974936e-003	4.914362e-004	0.000000e+000	0.000000e+000	-9.558949e-005	6.370783e-003	8.642812e-005	9.161373e-006
9.500000e+000	3.061328e+000	2.661145e+000	5.205313e-001	1.000000e+000	7.147856e-003	5.038824e-004	0.000000e+000	0.000000e+000	-1.151325e-004	7.536606e-003	1.022477e-004	1.288478e-005
9.600000e+000	3.869684e+000	3.406712e+000	5.553277e-001	1.000000e+000	8.209449e-003	4.908781e-004	0.000000e+000	0.000000e+000	-1.331972e-004	8.567130e-003	1.160341e-004	1.716305e-005
9.700000e+000	4.754119e+000	4.236838e+000	6.006028e-001	1.000000e+000	9.097360e-003	4.550107e-004	0.000000e+000	0.000000e+000	-1.488217e-004	9.403549e-003	1.269345e-004	2.188722e-005
9.800000e+000	5.690562e+000	5.129811e+000	6.572380e-001	1.000000e+000	9.768107e-003	4.010814e-004	0.000000e+000	0.000000e+000	-1.613281e-004	1.000786e-002	1.344068e-004	2.692131e-005
9.900000e+000	6.653474e+000	6.061350e+000	7.257810e-001	1.000000e+000	1.019936e-002	3.350869e-004	0.000000e+000	0.000000e+000	-1.703540e-004	1.036409e-002	1.382382e-004	3.211586e-005
1.000000e+001	7.617960e+000	7.006774e+000	8.064294e-001	1.000000e+000	1.038911e-002	2.632508e-004	0.000000e+000	0.000000e+000	-1.758380e-004	1.047652e-002	1.385169e-004	3.732112e-005
1.010000e+001	8.561475e+000	7.942872e+000	8.990437e-001	1.000000e+000	1.035256e-002	1.912530e-004	0.000000e+000	0.000000e+000	-1.779720e-004	1.036584e-002	1.355738e-004	4.239821e-005
1.020000e+001	9.465003e+000	8.849306e+000	1.003183e+000	1.000000e+000	1.011773e-002	1.237185e-004	0.000000e+000	0.000000e+000	-1.771358e-004	1.006431e-002	1.299084e-004	4.722739e-005
1.030000e+001	1.031370e+001	9.709503e+000	1.118156e+000	1.000000e+000	9.720649e-003	6.396817e-005	0.000000e+000	0.000000e+000	-1.738264e-004	9.610791e-003	1.221134e-004	5.171304e-005
1.040000e+001	1.109705e+001	1.051105e+001	1.243078e+000	1.000000e+000	9.200818e-003	1.399555e-005	0.000000e+000	0.000000e+000	-1.685925e-004	9.046221e-003	1.128067e-004	5.578579e-005
1.050000e+001	1.180870e+001	1.124568e+001	1.376935e+000	1.000000e+000	8.597463e-003	-2.538932e-005	0.000000e+000	0.000000e+000	-1.619807e-004	8.410093e-003	1.025787e-004	5.940198e-005
1.060000e+001	1.244597e+001	1.190896e+001	1.518639e+000	1.000000e+000	7.946771e-003	-5.431779e-005	0.000000e+000	0.000000e+000	-1.544971e-004	7.737956e-003	9.195569e-005	6.254142e-005
1.070000e+001	1.300924e+001	1.249974e+001	1.667080e+000	1.000000e+000	7.280147e-003	-7.358935e-005	0.000000e+000	0.000000e+000	-1.465827e-004	7.059975e-003	8.137878e-005	6.520394e-005
1.080000e+001	1.350133e+001	1.301958e+001	1.821165e+000	1.000000e+000	6.623341e-003	-8.441970e-005	0.000000e+000	0.000000e+000	-1.386020e-004	6.400319e-003	7.119650e-005	6.740547e-005
1.090000e+001	1.392687e+001	1.347209e+001	1.979853e+000	1.000000e+000	5.996214e-003	-8.824153e-005	0.000000e+000	0.000000e+000	-1.308397e-004	5.777133e-003	6.166564e-005	6.917406e-005
1.100000e+001	1.429163e+001	1.386235e+001	2.142182e+000	1.000000e+000	5.412926e-003	-8.656196e-005	0.000000e+000	0.000000e+000	-1.235035e-004	5.202860e-003	5.295745e-005	7.054603e-005
1.110000e+001	1.460206e+001	1.419633e+001	2.307276e+000	1.000000e+000	4.882407e-003	-8.085469e-005	0.000000e+000	0.000000e+000	-1.167297e-004	4.684823e-003	4.516709e-005	7.156259e-005
1.120000e+001	1.486483e+001	1.448043e+001	2.474359e+000	1.000000e+000	4.409082e-003	-7.246133e-005	0.000000e+000	0.000000e+000	-1.105929e-004	4.226028e-003	3.832595e-005	7.226692e-005
1.130000e+001	1.508645e+001	1.472108e+001	2.642758e+000	1.000000e+000	3.993809e-003	-6.250429e-005	0.000000e+000	0.000000e+000	-1.051187e-004	3.826186e-003	3.241687e-005	7.270183e-005
1.140000e+001	1.527311e+001	1.492448e+001	2.811894e+000	1.000000e+000	3.634913e-003	-5.184035e-005	0.000000e+000	0.000000e+000	-1.002983e-004	3.482775e-003	2.739023e-005	7.290810e-005
1.150000e+001	1.543047e+001	1.509644e+001	2.981280e+000	1.000000e+000	3.329111e-003	-4.107544e-005	0.000000e+000	0.000000e+000	-9.610140e-005	3.191934e-003	2.317786e-005	7.292354e-005
1.160000e+001	1.556369e+001	1.524222e+001	3.150514e+000	1.000000e+000	3.072168e-003	-3.062462e-005	0.000000e+000	0.000000e+000	-9.248476e-005	2.949059e-003	1.970235e-005	7.278241e-005
1.170000e+001	1.567733e+001	1.536659e+001	3.319269e+000	1.000000e+000	2.859313e-003	-2.077733e-005	0.000000e+000	0.000000e+000	-8.939742e-005	2.749138e-003	1.688215e-005	7.251527e-005
1.180000e+001	1.577538e+001	1.547374e+001	3.487283e+000	1.000000e+000	2.685489e-003	-1.173777e-005	0.000000e+000	0.000000e+000	-8.678330e-005	2.586968e-003	1.463443e-005	7.214887e-005
1.190000e+001	1.586127e+001	1.556727e+001	3.654353e+000	1.000000e+000	2.545570e-003	-3.637166e-006	0.000000e+000	0.000000e+000	-8.458379e-005	2.457349e-003	1.287755e-005	7.170624e-005
1.200000e+001	1.593787e+001	1.565028e+001	3.820326e+000	1.000000e+000	2.434577e-003	3.466329e-006	0.000000e+000	0.000000e+000	-8.274074e-005	2.355303e-003	1.153388e-005	7.120686e-005
1.210000e+001	1.600757e+001	1.572533e+001	3.985089e+000	1.000000e+000	2.347871e-003	9.582307e-006	0.000000e+000	0.000000e+000	-8.119936e-005	2.276254e-003	1.053250e-005	7.066686e-005
1.220000e+001	1.607230e+001	1.579454e+001	4.148564e+000	1.000000e+000	2.281279e-003	1.476865e-005	0.000000e+000	0.000000e+000	-7.991024e-005	2.216138e-003	9.810781e-006	7.009946e-005
1.230000e+001	1.613363e+001	1.585963e+001	4.310699e+000	1.000000e+000	2.231113e-003	1.909761e-005	0.000000e+000	0.000000e+000	-7.882957e-005	2.171381e-003	9.314273e-006	6.951530e-005
1.240000e+001	1.619278e+001	1.592196e+001	4.471467e+000	1.000000e+000	2.194053e-003	2.261637e-005	0.000000e+000	0.000000e+000	-7.791741e-005	2.138752e-003	8.994633e-006	6.892278e-005
1.250000e+001	1.625069e+001	1.598258e+001	4.630855e+000	1.000000e+000	2.166957e-003	2.532038e-005	0.000000e+000	0.000000e+000	-7.713465e-005	2.115143e-003	8.806351e-006	6.832830e-005
1.260000e+001	1.630793e+001	1.604224e+001	4.788865e+000	1.000000e+000	2.146690e-003	2.715704e-005	0.000000e+000	0.000000e+000	-7.644027e-005	2.097407e-003	8.703968e-006	6.773630e-005
1.270000e+001	1.636480e+001	1.610136e+001	4.945505e+000	1.000000e+000	2.130081e-003	2.806310e-005	0.000000e+000	0.000000e+000	-7.579082e-005	2.082354e-003	8.641493e-006	6.714932e-005
1.280000e+001	1.642125e+001	1.616007e+001	5.100789e+000	1.000000e+000	2.114068e-003	2.802122e-005	0.000000e+000	0.000000e+000	-7.514285e-005	2.066946e-003	8.574847e-006	6.656800e-005
1.290000e+001	1.647700e+001	1.621819e+001	5.254728e+000	1.000000e+000	2.095994e-003	2.711031e-005	0.000000e+000	0.000000e+000	-7.445799e-005	2.048646e-003	8.466692e-006	6.599130e-005
1.300000e+001	1.653157e+001	1.627537e+001	5.407331e+000	1.000000e+000	2.073953e-003	2.552367e-005	0.000000e+000	0.000000e+000	-7.370864e-005	2.025768e-003	8.291750e-006	6.541689e-005
1.310000e+001	1.658441e+001	1.633109e+001	5.558599e+000	1.000000e+000	2.047029e-003	2.354407e-005	0.000000e+000	0.000000e+000	-7.288203e-005	1.997691e-003	8.040265e-006	6.484177e-005
1.320000e+001	1.663504e+001	1.638485e+001	5.708528e+000	1.000000e+000	2.015340e-003	2.148814e-005	0.000000e+000	0.000000e+000	-7.198104e-005	1.964847e-003	7.718149e-006	6.426289e-005
1.330000e+001	1.668308e+001	1.643622e+001	5.857106e+000	1.000000e+000	1.979889e-003	1.964851e-005	0.000000e+000	0.000000e+000	-7.102184e-005	1.928516e-003	7.344060e-006	6.367779e-005
1.340000e+001	1.672835e+001	1.648494e+001	6.004316e+000	1.000000e+000	1.942317e-003	1.825815e-005	0.000000e+000	0.000000e+000	-7.002999e-005	1.890545e-003	6.945043e-006	6.308494e-005
1.350000e+001	1.677090e+001	1.653094e+001	6.150139e+000	1.000000e+000	1.904636e-003	1.747960e-005	0.000000e+000	0.000000e+000	-6.903645e-005	1.853080e-003	6.552353e-006	6.248409e-005
1.360000e+001	1.681099e+001	1.657437e+001	6.294559e+000	1.000000e+000	1.868997e-003	1.740301e-005	0.000000e+000	0.000000e+000	-6.807420e-005	1.818326e-003	6.197940e-006	6.187626e-005
1.370000e+001	1.684910e+001	1.661561e+001	6.437561e+000	1.000000e+000	1.837445e-003	1.803970e-005	0.000000e+000	0.000000e+000	-6.717476e-005	1.788310e-003	5.911056e-006	6.126370e-005
1.380000e+001	1.688586e+001	1.665518e+001	6.579138e+000	1.000000e+000	1.811667e-003	1.931453e-005	0.000000e+000	0.000000e+000	-6.636441e-005	1.764617e-003	5.714666e-006	6.064974e-005
1.390000e+001	1.692200e+001	1.669377e+001	6.719291e+000	1.000000e+000	1.792762e-003	2.106983e-005	0.000000e+000	0.000000e+000	-6.566059e-005	1.748171e-003	5.622191e-006	6.003840e-005
1.400000e+001	1.695826e+001	1.673209e+001	6.858031e+000	1.000000e+000	1.781090e-003	2.308852e-005	0.000000e+000	0.000000e+000	-6.506954e-005	1.739109e-003	5.635589e-006	5.943395e-005
1.410000e+001	1.699533e+001	1.677084e+001	6.995380e+000	1.000000e+000	1.776259e-003	2.513273e-005	0.000000e+000	0.000000e+000	-6.458598e-005	1.736805e-003	5.745520e-006	5.884046e-005
1.420000e+001	1.703375e+001	1.681062e+001	7.131366e+000	1.000000e+000	1.777238e-003	2.698689e-005	0.000000e+000	0.000000e+000	-6.419497e-005	1.740030e-003	5.933609e-006	5.826136e-005
1.430000e+001	1.707390e+001	1.685188e+001	7.266026e+000	1.000000e+000	1.782584e-003	2.849156e-005	0.000000e+000	0.000000e+000	-6.387529e-005	1.747200e-003	6.176128e-006	5.769916e-005
1.440000e+001	1.711598e+001	1.689491e+001	7.399402e+000	1.000000e+000	1.790682e-003	2.955787e-005	0.000000e+000	0.000000e+000	-6.360330e-005	1.756637e-003	6.447964e-006	5.715534e-005
1.450000e+001	1.716003e+001	1.693982e+001	7.531537e+000	1.000000e+000	1.799959e-003	3.015992e-005	0.000000e+000	0.000000e+000	-6.335603e-005	1.766763e-003	6.725703e-006	5.663033e-005
1.460000e+001	1.720596e+001	1.698659e+001	7.662473e+000	1.000000e+000	1.809000e-003	3.031352e-005	0.000000e+000	0.000000e+000	-6.311295e-005	1.776201e-003	6.989239e-006	5.612371e-005
1.470000e+001	1.725353e+001	1.703506e+001	7.792254e+000	1.000000e+000	1.816593e-003	3.005231e-005	0.000000e+000	0.000000e+000	-6.285630e-005	1.783789e-003	7.222024e-006	5.563428e-005
1.480000e+001	1.730245e+001	1.708497e+001	7.920915e+000	1.000000e+000	1.821654e-003	2.938764e-005	0.000000e+000	0.000000e+000	-6.257012e-005	1.788472e-003	7.409858e-006	5.516026e-005
1.490000e+001	1.735227e+001	1.713596e+001	8.048492e+000	1.000000e+000	1.822750e-003	2.815141e-005	0.000000e+000	0.000000e+000	-6.223317e-005	1.788668e-003	7.533902e-006	5.469927e-005
1.500000e+001	1.740223e+001	1.718745e+001	8.175010e+000	1.000000e+000	1.816383e-003	2.557036e-005	0.000000e+000	0.000000e+000	-6.179292e-005	1.780160e-003	7.545232e-006	5.424769e-005
1.510000e+001	1.745070e+001	1.723830e+001	8.300483e+000	1.000000e+000	1.793411e-003	1.965993e-005	0.000000e+000	0.000000e+000	-6.110850e-005	1.751962e-003	7.310008e-006	5.379849e-005
1.520000e+001	1.749405e+001	1.728593e+001	8.424903e+000	1.000000e+000	1.734591e-003	6.947846e-006	0.000000e+000	0.000000e+000	-5.987668e-005	1.681662e-003	6.540365e-006	5.333631e-005
1.530000e+001	1.752536e+001	1.732519e+001	8.548206e+000	1.000000e+000	1.608142e-003	-1.691433e-005	0.000000e+000	0.000000e+000	-5.758849e-005	1.533639e-003	4.758063e-006	5.283043e-005
1.540000e+001	1.753328e+001	1.734709e+001	8.670234e+000	1.000000e+000	1.372287e-003	-5.562752e-005	0.000000e+000	0.000000e+000	-5.356675e-005	1.263093e-003	1.339004e-006	5.222775e-005
1.550000e+001	1.750197e+001	1.733827e+001	8.790677e+000	1.000000e+000	9.834982e-004	-1.104478e-004	0.000000e+000	0.000000e+000	-4.709782e-005	8.259526e-004	-4.351835e-006	5.144966e-005
1.560000e+001	1.741227e+001	1.728150e+001	8.909013e+000	1.000000e+000	4.081386e-004	-1.789942e-004	0.000000e+000	0.000000e+000	-3.762005e-005	1.915244e-004	-1.277565e-005	5.039570e-005
1.570000e+001	1.724408e+001	1.715753e+001	9.024473e+000	1.000000e+000	-3.665486e-004	-2.552343e-004	0.000000e+000	0.000000e+000	-2.490113e-005	-6.466841e-004	-2.405335e-005	4.895448e-005
1.580000e+001	1.697946e+001	1.694768e+001	9.136031e+000	1.000000e+000	-1.325898e-003	-3.306456e-004	0.000000e+000	0.000000e+000	-9.142744e-006	-1.665687e-003	-3.787712e-005	4.701986e-005
1.590000e+001	1.660550e+001	1.663684e+001	9.242439e+000	1.000000e+000	-2.427664e-003	-3.960751e-004	0.000000e+000	0.000000e+000	9.018281e-006	-2.814721e-003	-5.352667e-005	4.450839e-005
1.600000e+001	1.611651e+001	1.621593e+001	9.342295e+000	1.000000e+000	-3.607912e-003	-4.436454e-004	0.000000e+000	0.000000e+000	2.860468e-005	-4.022953e-003	-6.997848e-005	4.137380e-005
1.610000e+001	1.551499e+001	1.568341e+001	9.434143e+000	1.000000e+000	-4.790918e-003	-4.681659e-004	0.000000e+000	0.000000e+000	4.845514e-005	-5.210628e-003	-8.607074e-005	3.761560e-005
1.620000e+001	1.481137e+001	1.504563e+001	9.516578e+000	1.000000e+000	-5.900344e-003	-4.677783e-004	0.000000e+000	0.000000e+000	6.739805e-005	-6.300724e-003	-1.006785e-004	3.328049e-005
1.630000e+001	1.402269e+001	1.431606e+001	9.588356e+000	1.000000e+000	-6.869204e-003	-4.438407e-004	0.000000e+000	0.000000e+000	8.440388e-005	-7.228641e-003	-1.128609e-004	2.845701e-005
1.640000e+001	1.317063e+001	1.351367e+001	9.648479e+000	1.000000e+000	-7.646975e-003	-4.002477e-004	0.000000e+000	0.000000e+000	9.869158e-005	-7.948532e-003	-1.219569e-004	2.326535e-005
1.650000e+001	1.227926e+001	1.266084e+001	9.696250e+000	1.000000e+000	-8.203185e-003	-3.424617e-004	0.000000e+000	0.000000e+000	1.097803e-004	-8.435866e-003	-1.276248e-004	1.784445e-005
1.660000e+001	1.137285e+001	1.178123e+001	9.731304e+000	1.000000e+000	-8.527680e-003	-2.765113e-004	0.000000e+000	0.000000e+000	1.174909e-004	-8.686701e-003	-1.298298e-004	1.233892e-005
1.670000e+001	1.047408e+001	1.089782e+001	9.753608e+000	1.000000e+000	-8.628307e-003	-2.081443e-004	0.000000e+000	0.000000e+000	1.219095e-004	-8.714542e-003	-1.287967e-004	6.887211e-006
1.680000e+001	9.602675e+000	1.003134e+001	9.763434e+000	1.000000e+000	-8.526975e-003	-1.422314e-004	0.000000e+000	0.000000e+000	1.233280e-004	-8.545878e-003	-1.249406e-004	1.612602e-006
1.690000e+001	8.774632e+000	9.199297e+000	9.761316e+000	1.000000e+000	-8.255049e-003	-8.244228e-005	0.000000e+000	0.000000e+000	1.221761e-004	-8.215315e-003	-1.187932e-004	-3.382905e-006
1.700000e+001	8.001858e+000	8.415330e+000	9.747997e+000	1.000000e+000	-7.848839e-003	-3.115898e-005	0.000000e+000	0.000000e+000	1.189559e-004	-7.761042e-003	-1.109343e-004	-8.021590e-006
1.710000e+001	7.292254e+000	7.689146e+000	9.724373e+000	1.000000e+000	-7.345698e-003	1.043235e-005	0.000000e+000	0.000000e+000	1.141859e-004	-7.221080e-003	-1.019355e-004	-1.225043e-005
1.720000e+001	6.650064e+000	7.026701e+000	9.691433e+000	1.000000e+000	-6.781014e-003	4.214041e-005	0.000000e+000	0.000000e+000	1.083585e-004	-6.630515e-003	-9.231898e-005	-1.603956e-005
1.730000e+001	6.076402e+000	6.430631e+000	9.650215e+000	1.000000e+000	-6.186161e-003	6.451660e-005	0.000000e+000	0.000000e+000	1.019119e-004	-6.019732e-003	-8.253253e-005	-1.937932e-005
1.740000e+001	5.569868e+000	5.900816e+000	9.601757e+000	1.000000e+000	-5.587364e-003	7.859752e-005	0.000000e+000	0.000000e+000	9.521376e-005	-5.413552e-003	-7.293705e-005	-2.227670e-005
1.750000e+001	5.127162e+000	5.434973e+000	9.547064e+000	1.000000e+000	-5.005318e-003	8.567448e-005	0.000000e+000	0.000000e+000	8.855724e-005	-4.831086e-003	-6.380574e-005	-2.475150e-005
1.760000e+001	4.743653e+000	5.029239e+000	9.487087e+000	1.000000e+000	-4.455369e-003	8.711221e-005	0.000000e+000	0.000000e+000	8.216316e-005	-4.286093e-003	-5.533048e-005	-2.683268e-005
1.770000e+001	4.413877e+000	4.678693e+000	9.422700e+000	1.000000e+000	-3.948038e-003	8.422504e-005	0.000000e+000	0.000000e+000	7.618754e-005	-3.787625e-003	-4.763241e-005	-2.855513e-005
1.780000e+001	4.131942e+000	4.377792e+000	9.354693e+000	1.000000e+000	-3.489711e-003	7.820323e-005	0.000000e+000	0.000000e+000	7.073099e-005	-3.340777e-003	-4.077403e-005	-2.995696e-005
1.790000e+001	3.891854e+000	4.120734e+000	9.283763e+000	1.000000e+000	-3.083391e-003	7.007549e-005	0.000000e+000	0.000000e+000	6.584862e-005	-2.947467e-003	-3.477132e-005	-3.107731e-005
1.800000e+001	3.687762e+000	3.901733e+000	9.210522e+000	1.000000e+000	-2.729411e-003	6.069945e-005	0.000000e+000	0.000000e+000	6.155949e-005	-2.607152e-003	-2.960483e-005	-3.195466e-005
1.810000e+001	3.514136e+000	3.715231e+000	9.135489e+000	1.000000e+000	-2.426076e-003	5.077357e-005	0.000000e+000	0.000000e+000	5.785480e-005	-2.317448e-003	-2.522918e-005	-3.262562e-005
1.820000e+001	3.365899e+000	3.556044e+000	9.059104e+000	1.000000e+000	-2.170179e-003	4.085827e-005	0.000000e+000	0.000000e+000	5.470452e-005	-2.074616e-003	-2.158049e-005	-3.312402e-005
1.830000e+001	3.238507e+000	3.419470e+000	8.981732e+000	1.000000e+000	-1.957444e-003	3.139161e-005	0.000000e+000	0.000000e+000	5.206290e-005	-1.873990e-003	-1.858252e-005	-3.348037e-005
1.840000e+001	3.128000e+000	3.301354e+000	8.903672e+000	1.000000e+000	-1.782929e-003	2.269494e-005	0.000000e+000	0.000000e+000	4.987370e-005	-1.710361e-003	-1.615223e-005	-3.372147e-005
1.850000e+001	3.031011e+000	3.198113e+000	8.825162e+000	1.000000e+000	-1.641393e-003	1.497672e-005	0.000000e+000	0.000000e+000	4.807527e-005	-1.578341e-003	-1.420494e-005	-3.387033e-005
1.860000e+001	2.944746e+000	3.106737e+000	8.746395e+000	1.000000e+000	-1.527616e-003	8.344973e-006	0.000000e+000	0.000000e+000	4.660501e-005	-1.472666e-003	-1.265878e-005	-3.394623e-005
1.870000e+001	2.866942e+000	3.024754e+000	8.667521e+000	1.000000e+000	-1.436626e-003	2.829886e-006	0.000000e+000	0.000000e+000	4.540259e-005	-1.388393e-003	-1.143765e-005	-3.396494e-005
1.880000e+001	2.795818e+000	2.950187e+000	8.588657e+000	1.000000e+000	-1.363837e-003	-1.592635e-006	0.000000e+000	0.000000e+000	4.441186e-005	-1.321017e-003	-1.047278e-005	-3.393908e-005
1.890000e+001	2.730015e+000	2.881499e+000	8.509895e+000	1.000000e+000	-1.305136e-003	-4.986920e-006	0.000000e+000	0.000000e+000	4.358204e-005	-1.266541e-003	-9.703600e-006	-3.387844e-005
1.900000e+001	2.668533e+000	2.817538e+000	8.431307e+000	1.000000e+000	-1.256961e-003	-7.454147e-006	0.000000e+000	0.000000e+000	4.286886e-005	-1.221546e-003	-9.078460e-006	-3.379040e-005
1.910000e+001	2.610665e+000	2.757470e+000	8.352950e+000	1.000000e+000	-1.216369e-003	-9.131100e-006	0.000000e+000	0.000000e+000	4.223584e-005	-1.183264e-003	-8.555531e-006	-3.368031e-005
1.920000e+001	2.555924e+000	2.700712e+000	8.274871e+000	1.000000e+000	-1.181089e-003	-1.018175e-005	0.000000e+000	0.000000e+000	4.165529e-005	-1.149616e-003	-8.103313e-006	-3.355198e-005
1.930000e+001	2.503973e+000	2.646859e+000	8.197108e+000	1.000000e+000	-1.149508e-003	-1.077932e-005	0.000000e+000	0.000000e+000	4.110832e-005	-1.119179e-003	-7.700260e-006	-3.340806e-005
1.940000e+001	2.454564e+000	2.595626e+000	8.119696e+000	1.000000e+000	-1.120589e-003	-1.108398e-005	0.000000e+000	0.000000e+000	4.058379e-005	-1.091089e-003	-7.333309e-006	-3.325048e-005
1.950000e+001	2.407494e+000	2.546793e+000	8.042664e+000	1.000000e+000	-1.093741e-003	-1.122418e-005	0.000000e+000	0.000000e+000	4.007636e-005	-1.064889e-003	-6.995618e-006	-3.308074e-005
1.960000e+001	2.362584e+000	2.500172e+000	7.966039e+000	1.000000e+000	-1.068658e-003	-1.128719e-005	0.000000e+000	0.000000e+000	3.958422e-005	-1.040361e-003	-6.684076e-006	-3.290014e-005
1.970000e+001	2.319661e+000	2.455591e+000	7.889845e+000	1.000000e+000	-1.045179e-003	-1.132016e-005	0.000000e+000	0.000000e+000	3.910702e-005	-1.017392e-003	-6.397163e-006	-3.270986e-005
1.980000e+001	2.278563e+000	2.412885e+000	7.814103e+000	1.000000e+000	-1.023188e-003	-1.133894e-005	0.000000e+000	0.000000e+000	3.864450e-005	-9.958824e-004	-6.133493e-006	-3.251101e-005
1.990000e+001	2.239141e+000	2.371904e+000	7.738832e+000	1.000000e+000	-1.002551e-003	-1.134024e-005	0.000000e+000	0.000000e+000	3.819572e-005	-9.756960e-004	-5.891112e-006	-3.230461e-005
2.000000e+001	2.201265e+000	2.332509e+000	7.664048e+000	1.000000e+000	-9.831051e-004	-1.131336e-005	0.000000e+000	0.000000e+000	3.775899e-005	-9.566595e-004	-5.667399e-006	-3.209160e-005
2.010000e+001	2.164825e+000	2.294585e+000	7.589765e+000	1.000000e+000	-9.646608e-004	-1.124871e-005	0.000000e+000	0.000000e+000	3.733210e-005	-9.385774e-004	-5.459348e-006	-3.187275e-005
2.020000e+001	2.129732e+000	2.258035e+000	7.515998e+000	1.000000e+000	-9.470293e-004	-1.114243e-005	0.000000e+000	0.000000e+000	3.691271e-005	-9.212590e-004	-5.263980e-006	-3.164873e-005
2.030000e+001	2.095917e+000	2.222781e+000	7.442756e+000	1.000000e+000	-9.300428e-004	-1.099756e-005	0.000000e+000	0.000000e+000	3.649879e-005	-9.045415e-004	-5.078721e-006	-3.142007e-005
2.040000e+001	2.063322e+000	2.188761e+000	7.370050e+000	1.000000e+000	-9.135712e-004	-1.082283e-005	0.000000e+000	0.000000e+000	3.608885e-005	-8.883052e-004	-4.901641e-006	-3.118721e-005
2.050000e+001	2.031899e+000	2.155924e+000	7.297889e+000	1.000000e+000	-8.975302e-004	-1.063023e-005	0.000000e+000	0.000000e+000	3.568206e-005	-8.724784e-004	-4.731544e-006	-3.095051e-005
2.060000e+001	2.001604e+000	2.124225e+000	7.226282e+000	1.000000e+000	-8.818797e-004	-1.043253e-005	0.000000e+000	0.000000e+000	3.527821e-005	-8.570340e-004	-4.567909e-006	-3.071030e-005
2.070000e+001	1.972391e+000	2.093620e+000	7.155237e+000	1.000000e+000	-8.666167e-004	-1.024115e-005	0.000000e+000	0.000000e+000	3.487764e-005	-8.419802e-004	-4.410754e-006	-3.046689e-005
2.080000e+001	1.944213e+000	2.064063e+000	7.084761e+000	1.000000e+000	-8.517646e-004	-1.006485e-005	0.000000e+000	0.000000e+000	3.448103e-005	-8.273484e-004	-4.260449e-006	-3.022058e-005
2.090000e+001	1.917017e+000	2.035506e+000	7.014860e+000	1.000000e+000	-8.373614e-004	-9.909179e-006	0.000000e+000	0.000000e+000	3.408926e-005	-8.131813e-004	-4.117537e-006	-2.997172e-005
2.100000e+001	1.890750e+000	2.007897e+000	6.945539e+000	1.000000e+000	-8.234491e-004	-9.776519e-006	0.000000e+000	0.000000e+000	3.370323e-005	-7.995224e-004	-3.982575e-006	-2.972066e-005
2.110000e+001	1.865351e+000	1.981179e+000	6.876804e+000	1.000000e+000	-8.100658e-004	-9.666581e-006	0.000000e+000	0.000000e+000	3.332376e-005	-7.864086e-004	-3.856016e-006	-2.946774e-005
2.120000e+001	1.840761e+000	1.955295e+000	6.808658e+000	1.000000e+000	-7.972395e-004	-9.577075e-006	0.000000e+000	0.000000e+000	3.295150e-005	-7.738650e-004	-3.738141e-006	-2.921336e-005
2.130000e+001	1.816918e+000	1.930185e+000	6.741104e+000	1.000000e+000	-7.849856e-004	-9.504452e-006	0.000000e+000	0.000000e+000	3.258691e-005	-7.619031e-004	-3.629027e-006	-2.895789e-005
2.140000e+001	1.793761e+000	1.905789e+000	6.674144e+000	1.000000e+000	-7.733059e-004	-9.444566e-006	0.000000e+000	0.000000e+000	3.223023e-005	-7.505203e-004	-3.528544e-006	-2.870169e-005
2.150000e+001	1.771234e+000	1.882049e+000	6.607780e+000	1.000000e+000	-7.621895e-004	-9.393209e-006	0.000000e+000	0.000000e+000	3.188150e-005	-7.397012e-004	-3.436379e-006	-2.844512e-005
2.160000e+001	1.749281e+000	1.858911e+000	6.542012e+000	1.000000e+000	-7.516144e-004	-9.346496e-006	0.000000e+000	0.000000e+000	3.154059e-005	-7.294203e-004	-3.352071e-006	-2.818852e-005
2.170000e+001	1.727851e+000	1.836323e+000	6.476840e+000	1.000000e+000	-7.415502e-004	-9.301102e-006	0.000000e+000	0.000000e+000	3.120725e-005	-7.196440e-004	-3.275052e-006	-2.793220e-005
2.180000e+001	1.706898e+000	1.814236e+000	6.412262e+000	1.000000e+000	-7.319607e-004	-9.254372e-006	0.000000e+000	0.000000e+000	3.088112e-005	-7.103339e-004	-3.204684e-006	-2.767644e-005
2.190000e+001	1.686381e+000	1.792609e+000	6.348278e+000	1.000000e+000	-7.228060e-004	-9.204347e-006	0.000000e+000	0.000000e+000	3.056178e-005	-7.014485e-004	-3.140299e-006	-2.742148e-005
2.200000e+001	1.666262e+000	1.771402e+000	6.284884e+000	1.000000e+000	-7.140451e-004	-9.149713e-006	0.000000e+000	0.000000e+000	3.024878e-005	-6.929460e-004	-3.081227e-006	-2.716755e-005
2.210000e+001	1.646509e+000	1.750581e+000	6.222079e+000	1.000000e+000	-7.056373e-004	-9.089718e-006	0.000000e+000	0.000000e+000	2.994166e-005	-6.847854e-004	-3.026821e-006	-2.691484e-005
2.220000e+001	1.627094e+000	1.730118e+000	6.159859e+000	1.000000e+000	-6.975436e-004	-9.024069e-006	0.000000e+000	0.000000e+000	2.963997e-005	-6.769277e-004	-2.976473e-006	-2.666350e-005
2.230000e+001	1.607992e+000	1.709985e+000	6.098222e+000	1.000000e+000	-6.897277e-004	-8.952826e-006	0.000000e+000	0.000000e+000	2.934330e-005	-6.693373e-004	-2.929626e-006	-2.641367e-005
2.240000e+001	1.589184e+000	1.690161e+000	6.037162e+000	1.000000e+000	-6.821565e-004	-8.876306e-006	0.000000e+000	0.000000e+000	2.905125e-005	-6.619816e-004	-2.885780e-006	-2.616547e-005
2.250000e+001	1.570650e+000	1.670628e+000	5.976677e+000	1.000000e+000	-6.748003e-004	-8.794992e-006	0.000000e+000	0.000000e+000	2.876347e-005	-6.548318e-004	-2.844493e-006	-2.591897e-005
2.260000e+001	1.552377e+000	1.651368e+000	5.916763e+000	1.000000e+000	-6.676329e-004	-8.709467e-006	0.000000e+000	0.000000e+000	2.847965e-005	-6.478627e-004	-2.805380e-006	-2.567427e-005
2.270000e+001	1.534351e+000	1.632368e+000	5.857415e+000	1.000000e+000	-6.606317e-004	-8.620356e-006	0.000000e+000	0.000000e+000	2.819951e-005	-6.410526e-004	-2.768111e-006	-2.543140e-005
2.280000e+001	1.516562e+000	1.613617e+000	5.798629e+000	1.000000e+000	-6.537773e-004	-8.528284e-006	0.000000e+000	0.000000e+000	2.792282e-005	-6.343828e-004	-2.732404e-006	-2.519042e-005
2.290000e+001	1.499000e+000	1.595105e+000	5.740400e+000	1.000000e+000	-6.470532e-004	-8.433850e-006	0.000000e+000	0.000000e+000	2.764938e-005	-6.278376e-004	-2.698025e-006	-2.495136e-005
2.300000e+001	1.481658e+000	1.576824e+000	5.682724e+000	1.000000e+000	-6.404454e-004	-8.337610e-006	0.000000e+000	0.000000e+000	2.737901e-005	-6.214040e-004	-2.664778e-006	-2.471424e-005
2.310000e+001	1.464530e+000	1.558765e+000	5.625597e+000	1.000000e+000	-6.339423e-004	-8.240060e-006	0.000000e+000	0.000000e+000	2.711157e-005	-6.150708e-004	-2.632500e-006	-2.447907e-005
2.320000e+001	1.447608e+000	1.540924e+000	5.569013e+000	1.000000e+000	-6.275345e-004	-8.141640e-006	0.000000e+000	0.000000e+000	2.684693e-005	-6.088292e-004	-2.601057e-006	-2.424588e-005
2.330000e+001	1.430889e+000	1.523295e+000	5.512969e+000	1.000000e+000	-6.212138e-004	-8.042728e-006	0.000000e+000	0.000000e+000	2.658499e-005	-6.026716e-004	-2.570342e-006	-2.401465e-005
2.340000e+001	1.414369e+000	1.505872e+000	5.457460e+000	1.000000e+000	-6.149739e-004	-7.943646e-006	0.000000e+000	0.000000e+000	2.632566e-005	-5.965919e-004	-2.540267e-006	-2.378540e-005
2.350000e+001	1.398042e+000	1.488653e+000	5.402481e+000	1.000000e+000	-6.088095e-004	-7.844662e-006	0.000000e+000	0.000000e+000	2.606887e-005	-5.905853e-004	-2.510760e-006	-2.355811e-005
2.360000e+001	1.381906e+000	1.471634e+000	5.348027e+000	1.000000e+000	-6.027161e-004	-7.745999e-006	0.000000e+000	0.000000e+000	2.581455e-005	-5.846475e-004	-2.481765e-006	-2.333279e-005
2.370000e+001	1.365958e+000	1.454810e+000	5.294095e+000	1.000000e+000	-5.966902e-004	-7.647836e-006	0.000000e+000	0.000000e+000	2.556266e-005	-5.787753e-004	-2.453235e-006	-2.310942e-005
2.380000e+001	1.350195e+000	1.438179e+000	5.240679e+000	1.000000e+000	-5.907289e-004	-7.550320e-006	0.000000e+000	0.000000e+000	2.531314e-005	-5.729661e-004	-2.425132e-006	-2.288800e-005
2.390000e+001	1.334614e+000	1.421739e+000	5.187775e+000	1.000000e+000	-5.848298e-004	-7.453566e-006	0.000000e+000	0.000000e+000	2.506595e-005	-5.672174e-004	-2.397429e-006	-2.266852e-005
2.400000e+001	1.319212e+000	1.405486e+000	5.135378e+000	1.000000e+000	-5.789910e-004	-7.357663e-006	0.000000e+000	0.000000e+000	2.482106e-005	-5.615276e-004	-2.370100e-006	-2.245096e-005
2.410000e+001	1.303988e+000	1.389419e+000	5.083485e+000	1.000000e+000	-5.732108e-004	-7.262682e-006	0.000000e+000	0.000000e+000	2.457845e-005	-5.558951e-004	-2.343127e-006	-2.223532e-005
2.420000e+001	1.288939e+000	1.373534e+000	5.032090e+000	1.000000e+000	-5.674879e-004	-7.168673e-006	0.000000e+000	0.000000e+000	2.433807e-005	-5.503185e-004	-2.316493e-006	-2.202158e-005
2.430000e+001	1.274062e+000	1.357829e+000	4.981190e+000	1.000000e+000	-5.618210e-004	-7.075677e-006	0.000000e+000	0.000000e+000	2.409992e-005	-5.447968e-004	-2.290186e-006	-2.180973e-005
2.440000e+001	1.259356e+000	1.342303e+000	4.930779e+000	1.000000e+000	-5.562093e-004	-6.983719e-006	0.000000e+000	0.000000e+000	2.386395e-005	-5.393290e-004	-2.264196e-006	-2.159975e-005
2.450000e+001	1.244819e+000	1.326953e+000	4.880854e+000	1.000000e+000	-5.506517e-004	-6.892819e-006	0.000000e+000	0.000000e+000	2.363015e-005	-5.339143e-004	-2.238513e-006	-2.139164e-005
2.460000e+001	1.230448e+000	1.311777e+000	4.831410e+000	1.000000e+000	-5.451475e-004	-6.802988e-006	0.000000e+000	0.000000e+000	2.339850e-005	-5.285520e-004	-2.213130e-006	-2.118537e-005
2.470000e+001	1.216242e+000	1.296774e+000	4.782443e+000	1.000000e+000	-5.396961e-004	-6.714231e-006	0.000000e+000	0.000000e+000	2.316898e-005	-5.232414e-004	-2.188041e-006	-2.098094e-005
2.480000e+001	1.202199e+000	1.281940e+000	4.733949e+000	1.000000e+000	-5.342968e-004	-6.626550e-006	0.000000e+000	0.000000e+000	2.294157e-005	-5.179818e-004	-2.163240e-006	-2.077833e-005
2.490000e+001	1.188316e+000	1.267274e+000	4.685923e+000	1.000000e+000	-5.289491e-004	-6.539943e-006	0.000000e+000	0.000000e+000	2.271625e-005	-5.127728e-004	-2.138722e-006	-2.057753e-005
2.500000e+001	1.174593e+000	1.252775e+000	4.638361e+000	1.000000e+000	-5.236523e-004	-6.454405e-006	0.000000e+000	0.000000e+000	2.249300e-005	-5.076137e-004	-2.114482e-006	-2.037852e-005
2.510000e+001	1.161026e+000	1.238440e+000	4.591260e+000	1.000000e+000	-5.184059e-004	-6.369931e-006	0.000000e+000	0.000000e+000	2.227181e-005	-5.025041e-004	-2.090517e-006	-2.018129e-005
2.520000e+001	1.147616e+000	1.224267e+000	4.544614e+000	1.000000e+000	-5.132096e-004	-6.286512e-006	0.000000e+000	0.000000e+000	2.205266e-005	-4.974434e-004	-2.066823e-006	-1.998583e-005
2.530000e+001	1.134358e+000	1.210255e+000	4.498421e+000	1.000000e+000	-5.080626e-004	-6.204139e-006	0.000000e+000	0.000000e+000	2.183552e-005	-4.924313e-004	-2.043395e-006	-1.979213e-005
2.540000e+001	1.121253e+000	1.196402e+000	4.452676e+000	1.000000e+000	-5.029648e-004	-6.122802e-006	0.000000e+000	0.000000e+000	2.162039e-005	-4.874672e-004	-2.020231e-006	-1.960016e-005
2.550000e+001	1.108298e+000	1.182706e+000	4.407374e+000	1.000000e+000	-4.979154e-004	-6.042490e-006	0.000000e+000	0.000000e+000	2.140725e-005	-4.825507e-004	-1.997328e-006	-1.940992e-005
2.560000e+001	1.095491e+000	1.169165e+000	4.362512e+000	1.000000e+000	-4.929142e-004	-5.963194e-006	0.000000e+000	0.000000e+000	2.119607e-005	-4.776814e-004	-1.974682e-006	-1.922139e-005
2.570000e+001	1.082831e+000	1.155778e+000	4.318086e+000	1.000000e+000	-4.879607e-004	-5.884901e-006	0.000000e+000	0.000000e+000	2.098685e-005	-4.728588e-004	-1.952290e-006	-1.903456e-005
2.580000e+001	1.070316e+000	1.142543e+000	4.274092e+000	1.000000e+000	-4.830545e-004	-5.807600e-006	0.000000e+000	0.000000e+000	2.077957e-005	-4.680825e-004	-1.930149e-006	-1.884942e-005
2.590000e+001	1.057944e+000	1.129457e+000	4.230526e+000	1.000000e+000	-4.781951e-004	-5.731279e-006	0.000000e+000	0.000000e+000	2.057421e-005	-4.633522e-004	-1.908257e-006	-1.866595e-005
2.600000e+001	1.045715e+000	1.116520e+000	4.187384e+000	1.000000e+000	-4.733822e-004	-5.655928e-006	0.000000e+000	0.000000e+000	2.037076e-005	-4.586673e-004	-1.886611e-006	-1.848415e-005
2.610000e+001	1.033625e+000	1.103730e+000	4.144663e+000	1.000000e+000	-4.686152e-004	-5.581534e-006	0.000000e+000	0.000000e+000	2.016919e-005	-4.540276e-004	-1.865207e-006	-1.830398e-005
2.620000e+001	1.021674e+000	1.091085e+000	4.102358e+000	1.000000e+000	-4.638939e-004	-5.508087e-006	0.000000e+000	0.000000e+000	1.996950e-005	-4.494325e-004	-1.844044e-006	-1.812546e-005
2.630000e+001	1.009860e+000	1.078584e+000	4.060466e+000	1.000000e+000	-4.592177e-004	-5.435574e-006	0.000000e+000	0.000000e+000	1.977167e-005	-4.448816e-004	-1.823118e-006	-1.794855e-005
2.640000e+001	9.981819e-001	1.066224e+000	4.018983e+000	1.000000e+000	-4.545864e-004	-5.363984e-006	0.000000e+000	0.000000e+000	1.957567e-005	-4.403747e-004	-1.802427e-006	-1.777325e-005
2.650000e+001	9.866374e-001	1.054004e+000	3.977905e+000	1.000000e+000	-4.499995e-004	-5.293306e-006	0.000000e+000	0.000000e+000	1.938151e-005	-4.359113e-004	-1.781968e-006	-1.759954e-005
2.660000e+001	9.752252e-001	1.041924e+000	3.937229e+000	1.000000e+000	-4.454566e-004	-5.223530e-006	0.000000e+000	0.000000e+000	1.918916e-005	-4.314910e-004	-1.761739e-006	-1.742742e-005
2.670000e+001	9.639440e-001	1.029980e+000	3.896951e+000	1.000000e+000	-4.409573e-004	-5.154642e-006	0.000000e+000	0.000000e+000	1.899861e-005	-4.271134e-004	-1.741736e-006	-1.725687e-005
2.680000e+001	9.527923e-001	1.018172e+000	3.857067e+000	1.000000e+000	-4.365013e-004	-5.086634e-006	0.000000e+000	0.000000e+000	1.880983e-005	-4.227781e-004	-1.721959e-006	-1.708787e-005
2.690000e+001	9.417684e-001	1.006498e+000	3.817574e+000	1.000000e+000	-4.320881e-004	-5.019494e-006	0.000000e+000	0.000000e+000	1.862283e-005	-4.184848e-004	-1.702403e-006	-1.692042e-005
2.700000e+001	9.308711e-001	9.949572e-001	3.778468e+000	1.000000e+000	-4.277174e-004	-4.953211e-006	0.000000e+000	0.000000e+000	1.843757e-005	-4.142331e-004	-1.683067e-006	-1.675451e-005
2.710000e+001	9.200988e-001	9.835471e-001	3.739745e+000	1.000000e+000	-4.233888e-004	-4.887774e-006	0.000000e+000	0.000000e+000	1.825406e-005	-4.100225e-004	-1.663948e-006	-1.659011e-005
2.720000e+001	9.094502e-001	9.722665e-001	3.701403e+000	1.000000e+000	-4.191020e-004	-4.823174e-006	0.000000e+000	0.000000e+000	1.807226e-005	-4.058529e-004	-1.645044e-006	-1.642722e-005
2.730000e+001	8.989238e-001	9.611142e-001	3.663437e+000	1.000000e+000	-4.148564e-004	-4.759400e-006	0.000000e+000	0.000000e+000	1.789217e-005	-4.017237e-004	-1.626352e-006	-1.626582e-005
2.740000e+001	8.885182e-001	9.500885e-001	3.625844e+000	1.000000e+000	-4.106519e-004	-4.696441e-006	0.000000e+000	0.000000e+000	1.771378e-005	-3.976346e-004	-1.607870e-006	-1.610591e-005
2.750000e+001	8.782321e-001	9.391882e-001	3.588621e+000	1.000000e+000	-4.064880e-004	-4.634288e-006	0.000000e+000	0.000000e+000	1.753706e-005	-3.935852e-004	-1.589596e-006	-1.594747e-005
2.760000e+001	8.680641e-001	9.284117e-001	3.551765e+000	1.000000e+000	-4.023643e-004	-4.572931e-006	0.000000e+000	0.000000e+000	1.736201e-005	-3.895752e-004	-1.571527e-006	-1.579049e-005
2.770000e+001	8.580129e-001	9.177578e-001	3.515271e+000	1.000000e+000	-3.982805e-004	-4.512359e-006	0.000000e+000	0.000000e+000	1.718861e-005	-3.856043e-004	-1.553662e-006	-1.563495e-005
2.780000e+001	8.480771e-001	9.072250e-001	3.479137e+000	1.000000e+000	-3.942363e-004	-4.452563e-006	0.000000e+000	0.000000e+000	1.701685e-005	-3.816720e-004	-1.535997e-006	-1.548085e-005
2.790000e+001	8.382554e-001	8.968119e-001	3.443359e+000	1.000000e+000	-3.902312e-004	-4.393534e-006	0.000000e+000	0.000000e+000	1.684670e-005	-3.777781e-004	-1.518531e-006	-1.532817e-005
2.800000e+001	8.285466e-001	8.865173e-001	3.407934e+000	1.000000e+000	-3.862650e-004	-4.335261e-006	0.000000e+000	0.000000e+000	1.667817e-005	-3.739221e-004	-1.501261e-006	-1.517691e-005
2.810000e+001	8.189493e-001	8.763398e-001	3.372858e+000	1.000000e+000	-3.823373e-004	-4.277736e-006	0.000000e+000	0.000000e+000	1.651123e-005	-3.701038e-004	-1.484185e-006	-1.502704e-005
2.820000e+001	8.094623e-001	8.662780e-001	3.338130e+000	1.000000e+000	-3.784477e-004	-4.220948e-006	0.000000e+000	0.000000e+000	1.634587e-005	-3.663227e-004	-1.467302e-006	-1.487857e-005
2.830000e+001	8.000843e-001	8.563307e-001	3.303744e+000	1.000000e+000	-3.745958e-004	-4.164890e-006	0.000000e+000	0.000000e+000	1.618208e-005	-3.625786e-004	-1.450609e-006	-1.473147e-005
2.840000e+001	7.908141e-001	8.464965e-001	3.269698e+000	1.000000e+000	-3.707815e-004	-4.109552e-006	0.000000e+000	0.000000e+000	1.601984e-005	-3.588712e-004	-1.434103e-006	-1.458574e-005
2.850000e+001	7.816504e-001	8.367743e-001	3.235990e+000	1.000000e+000	-3.670042e-004	-4.054924e-006	0.000000e+000	0.000000e+000	1.585914e-005	-3.552000e-004	-1.417783e-006	-1.444136e-005
2.860000e+001	7.725921e-001	8.271627e-001	3.202615e+000	1.000000e+000	-3.632637e-004	-4.000999e-006	0.000000e+000	0.000000e+000	1.569997e-005	-3.515647e-004	-1.401647e-006	-1.429832e-005
2.870000e+001	7.636379e-001	8.176605e-001	3.169571e+000	1.000000e+000	-3.595596e-004	-3.947767e-006	0.000000e+000	0.000000e+000	1.554231e-005	-3.479651e-004	-1.385692e-006	-1.415662e-005
2.880000e+001	7.547866e-001	8.082665e-001	3.136854e+000	1.000000e+000	-3.558917e-004	-3.895220e-006	0.000000e+000	0.000000e+000	1.538615e-005	-3.444008e-004	-1.369918e-006	-1.401623e-005
2.890000e+001	7.460372e-001	7.989794e-001	3.104462e+000	1.000000e+000	-3.522595e-004	-3.843348e-006	0.000000e+000	0.000000e+000	1.523148e-005	-3.408714e-004	-1.354320e-006	-1.387716e-005
2.900000e+001	7.373883e-001	7.897981e-001	3.072391e+000	1.000000e+000	-3.486628e-004	-3.792145e-006	0.000000e+000	0.000000e+000	1.507828e-005	-3.373767e-004	-1.338899e-006	-1.373939e-005
2.910000e+001	7.288390e-001	7.807213e-001	3.040639e+000	1.000000e+000	-3.451013e-004	-3.741601e-006	0.000000e+000	0.000000e+000	1.492655e-005	-3.339163e-004	-1.323651e-006	-1.360290e-005
2.920000e+001	7.203879e-001	7.717479e-001	3.009203e+000	1.000000e+000	-3.415745e-004	-3.691708e-006	0.000000e+000	0.000000e+000	1.477626e-005	-3.304900e-004	-1.308575e-006	-1.346769e-005
2.930000e+001	7.120341e-001	7.628767e-001	2.978079e+000	1.000000e+000	-3.380823e-004	-3.642458e-006	0.000000e+000	0.000000e+000	1.462741e-005	-3.270973e-004	-1.293669e-006	-1.333374e-005
2.940000e+001	7.037764e-001	7.541066e-001	2.947264e+000	1.000000e+000	-3.346242e-004	-3.593843e-006	0.000000e+000	0.000000e+000	1.447999e-005	-3.237380e-004	-1.278930e-006	-1.320106e-005
2.950000e+001	6.956137e-001	7.454364e-001	2.916757e+000	1.000000e+000	-3.312000e-004	-3.545855e-006	0.000000e+000	0.000000e+000	1.433397e-005	-3.204119e-004	-1.264358e-006	-1.306961e-005
2.960000e+001	6.875450e-001	7.368650e-001	2.886553e+000	1.000000e+000	-3.278093e-004	-3.498487e-006	0.000000e+000	0.000000e+000	1.418935e-005	-3.171185e-004	-1.249951e-006	-1.293940e-005
2.970000e+001	6.795691e-001	7.283912e-001	2.856650e+000	1.000000e+000	-3.244519e-004	-3.451730e-006	0.000000e+000	0.000000e+000	1.404612e-005	-3.138575e-004	-1.235705e-006	-1.281042e-005
2.980000e+001	6.716850e-001	7.200141e-001	2.827046e+000	1.000000e+000	-3.211275e-004	-3.405576e-006	0.000000e+000	0.000000e+000	1.390426e-005	-3.106288e-004	-1.221620e-006	-1.268264e-005
2.990000e+001	6.638917e-001	7.117324e-001	2.797736e+000	1.000000e+000	-3.178357e-004	-3.360019e-006	0.000000e+000	0.000000e+000	1.376377e-005	-3.074319e-004	-1.207695e-006	-1.255608e-005
3.000000e+001	6.561881e-001	7.035451e-001	2.768720e+000	1.000000e+000	-3.145762e-004	-3.315051e-006	0.000000e+000	0.000000e+000	1.362462e-005	-3.042666e-004	-1.193926e-006	-1.243070e-005
3.010000e+001	6.485732e-001	6.954512e-001	2.739993e+000	1.000000e+000	-3.113488e-004	-3.270665e-006	0.000000e+000	0.000000e+000	1.348682e-005	-3.011326e-004	-1.180312e-006	-1.230651e-005
3.020000e+001	6.410460e-001	6.874496e-001	2.711553e+000	1.000000e+000	-3.081531e-004	-3.226852e-006	0.000000e+000	0.000000e+000	1.335034e-005	-2.980297e-004	-1.166852e-006	-1.218348e-005
3.030000e+001	6.336054e-001	6.795393e-001	2.683398e+000	1.000000e+000	-3.049889e-004	-3.183607e-006	0.000000e+000	0.000000e+000	1.321517e-005	-2.949574e-004	-1.153544e-006	-1.206162e-005
3.040000e+001	6.262506e-001	6.717191e-001	2.655524e+000	1.000000e+000	-3.018559e-004	-3.140921e-006	0.000000e+000	0.000000e+000	1.308130e-005	-2.919155e-004	-1.140387e-006	-1.194092e-005
3.050000e+001	6.189804e-001	6.639882e-001	2.627929e+000	1.000000e+000	-2.987537e-004	-3.098788e-006	0.000000e+000	0.000000e+000	1.294873e-005	-2.889038e-004	-1.127377e-006	-1.182135e-005
3.060000e+001	6.117941e-001	6.563455e-001	2.600611e+000	1.000000e+000	-2.956822e-004	-3.057201e-006	0.000000e+000	0.000000e+000	1.281744e-005	-2.859219e-004	-1.114515e-006	-1.170292e-005
3.070000e+001	6.046905e-001	6.487899e-001	2.573567e+000	1.000000e+000	-2.926409e-004	-3.016153e-006	0.000000e+000	0.000000e+000	1.268741e-005	-2.829697e-004	-1.101798e-006	-1.158562e-005
3.080000e+001	5.976688e-001	6.413206e-001	2.546793e+000	1.000000e+000	-2.896297e-004	-2.975637e-006	0.000000e+000	0.000000e+000	1.255864e-005	-2.800467e-004	-1.089224e-006	-1.146942e-005
3.090000e+001	5.907279e-001	6.339366e-001	2.520288e+000	1.000000e+000	-2.866483e-004	-2.935647e-006	0.000000e+000	0.000000e+000	1.243112e-005	-2.771528e-004	-1.076792e-006	-1.135433e-005
3.100000e+001	5.838671e-001	6.266368e-001	2.494050e+000	1.000000e+000	-2.836963e-004	-2.896176e-006	0.000000e+000	0.000000e+000	1.230483e-005	-2.742876e-004	-1.064501e-006	-1.124033e-005
3.110000e+001	5.770854e-001	6.194203e-001	2.468074e+000	1.000000e+000	-2.807735e-004	-2.857218e-006	0.000000e+000	0.000000e+000	1.217977e-005	-2.714509e-004	-1.052349e-006	-1.112742e-005
3.120000e+001	5.703818e-001	6.122863e-001	2.442360e+000	1.000000e+000	-2.778796e-004	-2.818765e-006	0.000000e+000	0.000000e+000	1.205591e-005	-2.686425e-004	-1.040334e-006	-1.101558e-005
3.130000e+001	5.637555e-001	6.052336e-001	2.416904e+000	1.000000e+000	-2.750144e-004	-2.780812e-006	0.000000e+000	0.000000e+000	1.193326e-005	-2.658620e-004	-1.028455e-006	-1.090481e-005
3.140000e+001	5.572056e-001	5.982616e-001	2.391705e+000	1.000000e+000	-2.721776e-004	-2.743352e-006	0.000000e+000	0.000000e+000	1.181180e-005	-2.631092e-004	-1.016710e-006	-1.079509e-005
3.150000e+001	5.507312e-001	5.913691e-001	2.366759e+000	1.000000e+000	-2.693690e-004	-2.706380e-006	0.000000e+000	0.000000e+000	1.169152e-005	-2.603838e-004	-1.005098e-006	-1.068642e-005
3.160000e+001	5.443315e-001	5.845554e-001	2.342064e+000	1.000000e+000	-2.665882e-004	-2.669888e-006	0.000000e+000	0.000000e+000	1.157241e-005	-2.576856e-004	-9.936167e-007	-1.057879e-005
3.170000e+001	5.380056e-001	5.778195e-001	2.317618e+000	1.000000e+000	-2.638350e-004	-2.633872e-006	0.000000e+000	0.000000e+000	1.145446e-005	-2.550144e-004	-9.822655e-007	-1.047219e-005
3.180000e+001	5.317527e-001	5.711606e-001	2.293418e+000	1.000000e+000	-2.611091e-004	-2.598324e-006	0.000000e+000	0.000000e+000	1.133765e-005	-2.523698e-004	-9.710428e-007	-1.036661e-005
3.190000e+001	5.255719e-001	5.645777e-001	2.269462e+000	1.000000e+000	-2.584104e-004	-2.563240e-006	0.000000e+000	0.000000e+000	1.122199e-005	-2.497516e-004	-9.599470e-007	-1.026204e-005
3.200000e+001	5.194624e-001	5.580701e-001	2.245748e+000	1.000000e+000	-2.557385e-004	-2.528613e-006	0.000000e+000	0.000000e+000	1.110745e-005	-2.471596e-004	-9.489767e-007	-1.015847e-005
