TIME          	MC CONC       	STS CONC      	HTS CONC      	SED CONC      	ADV dm/dt     	DISP dm/dt    	DECAY dm/dt   	SORPTION dm/dt	STORAGE dm/dt 	MC dm/dt      	STS dm/dt     	HTS dm/dt     
(hr)          	mg/L          	mg/L          	mg/L          	mg/L          	(mg/L)·(m²/s)  	(mg/L)·(m²/s)  	(mg/L)·(m²/s)  	(mg/L)·(m²/s)  	(mg/L)·(m²/s)  	(mg/L)·(m²/s)  	(mg/L)·(m²/s)  	(mg/L)·(m²/s)  
0.000000e+000	4.789189e-001	1.754945e-002	6.560313e-004	0.000000e+000	7.817523e-006	1.229574e-007	0.000000e+000	0.000000e+000	-1.327360e-004	-1.247955e-004	1.326343e-004	-1.641126e-023
1.000000e-001	3.575598e-001	3.232256e-001	3.272731e-003	1.000000e+000	5.836547e-006	9.179974e-008	0.000000e+000	0.000000e+000	-9.877952e-006	-3.949606e-006	7.952092e-006	1.418587e-006
2.000000e-001	3.462520e-001	3.392702e-001	6.167102e-003	1.000000e+000	5.651966e-006	8.889658e-008	0.000000e+000	0.000000e+000	-2.008684e-006	3.732179e-006	3.669550e-009	1.049113e-006
3.000000e-001	3.420359e-001	3.368842e-001	8.188151e-003	1.000000e+000	5.583146e-006	8.781415e-008	0.000000e+000	0.000000e+000	-1.482159e-006	4.188801e-006	-4.963287e-007	7.093238e-007
4.000000e-001	3.383308e-001	3.333690e-001	9.541021e-003	1.000000e+000	5.522665e-006	8.686289e-008	0.000000e+000	0.000000e+000	-1.427512e-006	4.182016e-006	-5.216733e-007	4.703269e-007
5.000000e-001	3.347093e-001	3.298247e-001	1.043042e-002	1.000000e+000	5.463552e-006	8.593401e-008	0.000000e+000	0.000000e+000	-1.405294e-006	4.144192e-006	-5.172041e-007	3.057831e-007
6.000000e-001	3.311391e-001	3.263189e-001	1.100120e-002	1.000000e+000	5.405342e-006	8.504846e-008	0.000000e+000	0.000000e+000	-1.386784e-006	4.103606e-006	-5.111758e-007	1.927740e-007
7.000000e-001	3.276146e-001	3.228538e-001	1.135325e-002	1.000000e+000	5.348847e-006	8.455962e-008	0.000000e+000	0.000000e+000	-1.369695e-006	4.063711e-006	-5.052885e-007	1.152300e-007
8.000000e-001	3.241334e-001	3.194283e-001	1.155528e-002	1.000000e+000	5.300411e-006	8.657776e-008	0.000000e+000	0.000000e+000	-1.353650e-006	4.033339e-006	-4.994994e-007	6.208028e-008
9.000000e-001	3.206965e-001	3.160431e-001	1.165457e-002	1.000000e+000	5.286868e-006	9.849521e-008	0.000000e+000	0.000000e+000	-1.338797e-006	4.046566e-006	-4.933782e-007	2.571640e-008
1.000000e+000	3.173132e-001	3.127038e-001	1.168367e-002	1.000000e+000	5.384430e-006	1.374814e-007	0.000000e+000	0.000000e+000	-1.326142e-006	4.195769e-006	-4.857581e-007	9.306359e-010
1.100000e+000	3.140093e-001	3.094279e-001	1.166511e-002	1.000000e+000	5.752063e-006	2.319345e-007	0.000000e+000	0.000000e+000	-1.318072e-006	4.665926e-006	-4.742222e-007	-1.579845e-008
1.200000e+000	3.108381e-001	3.062548e-001	1.161472e-002	1.000000e+000	6.647050e-006	4.161101e-007	0.000000e+000	0.000000e+000	-1.318622e-006	5.744538e-006	-4.548750e-007	-2.678377e-008
1.300000e+000	3.078879e-001	3.032542e-001	1.154402e-002	1.000000e+000	8.402040e-006	7.183229e-007	0.000000e+000	0.000000e+000	-1.333123e-006	7.787240e-006	-4.227384e-007	-3.346136e-008
1.400000e+000	3.052828e-001	3.005308e-001	1.146198e-002	1.000000e+000	1.136046e-005	1.147714e-006	0.000000e+000	0.000000e+000	-1.367156e-006	1.114102e-005	-3.728068e-007	-3.664450e-008
1.500000e+000	3.031730e-001	2.982194e-001	1.137619e-002	1.000000e+000	1.578857e-005	1.685908e-006	0.000000e+000	0.000000e+000	-1.425130e-006	1.604935e-005	-3.014367e-007	-3.674213e-008
1.600000e+000	3.017167e-001	2.964717e-001	1.129354e-002	1.000000e+000	2.179426e-005	2.287411e-006	0.000000e+000	0.000000e+000	-1.508974e-006	2.257269e-005	-2.075706e-007	-3.395505e-008
1.700000e+000	3.010572e-001	2.954354e-001	1.122057e-002	1.000000e+000	2.927946e-005	2.888449e-006	0.000000e+000	0.000000e+000	-1.617374e-006	3.055053e-005	-9.337230e-008	-2.844305e-008
1.800000e+000	3.013010e-001	2.952329e-001	1.116335e-002	1.000000e+000	3.793956e-005	3.420671e-006	0.000000e+000	0.000000e+000	-1.745776e-006	3.961446e-005	3.590485e-008	-2.044778e-008
1.900000e+000	3.025015e-001	2.959423e-001	1.112722e-002	1.000000e+000	4.730667e-005	3.825006e-006	0.000000e+000	0.000000e+000	-1.887081e-006	4.924459e-005	1.727223e-007	-1.035995e-008
2.000000e+000	3.046514e-001	2.975858e-001	1.111643e-002	1.000000e+000	5.682173e-005	4.061868e-006	0.000000e+000	0.000000e+000	-2.032776e-006	5.885083e-005	3.084599e-007	1.270177e-009
2.100000e+000	3.076840e-001	3.001268e-001	1.113379e-002	1.000000e+000	6.591593e-005	4.115836e-006	0.000000e+000	0.000000e+000	-2.174198e-006	6.785757e-005	4.346916e-007	1.376894e-008
2.200000e+000	3.114824e-001	3.034753e-001	1.118049e-002	1.000000e+000	7.408342e-005	3.994880e-006	0.000000e+000	0.000000e+000	-2.303642e-006	7.577466e-005	5.442610e-007	2.640486e-008
2.300000e+000	3.158933e-001	3.074987e-001	1.125600e-002	1.000000e+000	8.093383e-005	3.725568e-006	0.000000e+000	0.000000e+000	-2.415138e-006	8.224426e-005	6.319938e-007	3.846427e-008
2.400000e+000	3.207434e-001	3.120370e-001	1.135823e-002	1.000000e+000	8.621958e-005	3.346176e-006	0.000000e+000	0.000000e+000	-2.504847e-006	8.706091e-005	6.950017e-007	4.932027e-008
2.500000e+000	3.258548e-001	3.169181e-001	1.148378e-002	1.000000e+000	8.983950e-005	2.899558e-006	0.000000e+000	0.000000e+000	-2.571093e-006	9.016796e-005	7.326230e-007	5.848377e-008
2.600000e+000	3.310585e-001	3.219722e-001	1.162833e-002	1.000000e+000	9.182371e-005	2.427053e-006	0.000000e+000	0.000000e+000	-2.614121e-006	9.163664e-005	7.460985e-007	6.563139e-008
2.700000e+000	3.362045e-001	3.270432e-001	1.178697e-002	1.000000e+000	9.230661e-005	1.964164e-006	0.000000e+000	0.000000e+000	-2.635689e-006	9.163509e-005	7.380985e-007	7.061061e-008
2.800000e+000	3.411678e-001	3.319964e-001	1.195464e-002	1.000000e+000	9.149480e-005	1.538132e-006	0.000000e+000	0.000000e+000	-2.638597e-006	9.039434e-005	7.122013e-007	7.342590e-008
2.900000e+000	3.458518e-001	3.367234e-001	1.212647e-002	1.000000e+000	8.963511e-005	1.167205e-006	0.000000e+000	0.000000e+000	-2.626221e-006	8.817610e-005	6.724070e-007	7.421180e-008
3.000000e+000	3.501877e-001	3.411432e-001	1.229797e-002	1.000000e+000	8.698671e-005	8.611672e-007	0.000000e+000	0.000000e+000	-2.602117e-006	8.524576e-005	6.227315e-007	7.319913e-008
3.100000e+000	3.541332e-001	3.452013e-001	1.246532e-002	1.000000e+000	8.379917e-005	6.226724e-007	0.000000e+000	0.000000e+000	-2.569710e-006	8.185214e-005	5.669057e-007	7.067973e-008
3.200000e+000	3.576683e-001	3.488672e-001	1.262537e-002	1.000000e+000	8.029723e-005	4.489395e-007	0.000000e+000	0.000000e+000	-2.532087e-006	7.821409e-005	5.081805e-007	6.697379e-008
3.300000e+000	3.607919e-001	3.521305e-001	1.277575e-002	1.000000e+000	7.667168e-005	3.335003e-007	0.000000e+000	0.000000e+000	-2.491871e-006	7.451331e-005	4.492271e-007	6.240253e-008
3.400000e+000	3.635171e-001	3.549972e-001	1.291481e-002	1.000000e+000	7.307559e-005	2.677718e-007	0.000000e+000	0.000000e+000	-2.451173e-006	7.089219e-005	3.921108e-007	5.726740e-008
3.500000e+000	3.658674e-001	3.574851e-001	1.304154e-002	1.000000e+000	6.962451e-005	2.423399e-007	0.000000e+000	0.000000e+000	-2.411596e-006	6.745525e-005	3.383212e-007	5.183587e-008
3.600000e+000	3.678731e-001	3.596205e-001	1.315554e-002	1.000000e+000	6.639940e-005	2.479147e-007	0.000000e+000	0.000000e+000	-2.374278e-006	6.427303e-005	2.888357e-007	4.633345e-008
3.700000e+000	3.695681e-001	3.614348e-001	1.325685e-002	1.000000e+000	6.345122e-005	2.759703e-007	0.000000e+000	0.000000e+000	-2.339954e-006	6.138724e-005	2.442015e-007	4.094067e-008
3.800000e+000	3.709879e-001	3.629620e-001	1.334591e-002	1.000000e+000	6.080627e-005	3.191148e-007	0.000000e+000	0.000000e+000	-2.309032e-006	5.881636e-005	2.046230e-007	3.579399e-008
3.900000e+000	3.721672e-001	3.642365e-001	1.342339e-002	1.000000e+000	5.847155e-005	3.712477e-007	0.000000e+000	0.000000e+000	-2.281661e-006	5.656114e-005	1.700463e-007	3.098939e-008
4.000000e+000	3.731395e-001	3.652917e-001	1.349017e-002	1.000000e+000	5.643978e-005	4.275642e-007	0.000000e+000	0.000000e+000	-2.257798e-006	5.460954e-005	1.402341e-007	2.658749e-008
4.100000e+000	3.739353e-001	3.661589e-001	1.354723e-002	1.000000e+000	5.469381e-005	4.844596e-007	0.000000e+000	0.000000e+000	-2.237270e-006	5.294100e-005	1.148300e-007	2.261957e-008
4.200000e+000	3.745824e-001	3.668666e-001	1.359558e-002	1.000000e+000	5.321028e-005	5.393765e-007	0.000000e+000	0.000000e+000	-2.219818e-006	5.152984e-005	9.340929e-008	1.909355e-008
4.300000e+000	3.751054e-001	3.674407e-001	1.363626e-002	1.000000e+000	5.196249e-005	5.906282e-007	0.000000e+000	0.000000e+000	-2.205138e-006	5.034798e-005	7.551894e-008	1.599974e-008
4.400000e+000	3.755256e-001	3.679034e-001	1.367022e-002	1.000000e+000	5.092260e-005	6.372205e-007	0.000000e+000	0.000000e+000	-2.192907e-006	4.936691e-005	6.070620e-008	1.331591e-008
4.500000e+000	3.758616e-001	3.682745e-001	1.369840e-002	1.000000e+000	5.006322e-005	6.786867e-007	0.000000e+000	0.000000e+000	-2.182803e-006	4.855910e-005	4.853845e-008	1.101157e-008
4.600000e+000	3.761287e-001	3.685704e-001	1.372164e-002	1.000000e+000	4.935845e-005	7.149440e-007	0.000000e+000	0.000000e+000	-2.174522e-006	4.789888e-005	3.861580e-008	9.051490e-009
4.700000e+000	3.763402e-001	3.688053e-001	1.374069e-002	1.000000e+000	4.878455e-005	7.461734e-007	0.000000e+000	0.000000e+000	-2.167783e-006	4.736294e-005	3.057795e-008	7.398469e-009
4.800000e+000	3.765069e-001	3.689910e-001	1.375622e-002	1.000000e+000	4.832024e-005	7.727244e-007	0.000000e+000	0.000000e+000	-2.162336e-006	4.693063e-005	2.410696e-008	6.015331e-009
4.900000e+000	3.766377e-001	3.691370e-001	1.376881e-002	1.000000e+000	4.794685e-005	7.950420e-007	0.000000e+000	0.000000e+000	-2.157959e-006	4.658393e-005	1.892711e-008	4.866386e-009
5.000000e+000	3.767400e-001	3.692515e-001	1.377898e-002	1.000000e+000	4.764825e-005	8.136125e-007	0.000000e+000	0.000000e+000	-2.154463e-006	4.630740e-005	1.480271e-008	3.918377e-009
5.100000e+000	3.768197e-001	3.693408e-001	1.378715e-002	1.000000e+000	4.741069e-005	8.289263e-007	0.000000e+000	0.000000e+000	-2.151684e-006	4.608793e-005	1.153488e-008	3.141032e-009
5.200000e+000	3.768816e-001	3.694103e-001	1.379368e-002	1.000000e+000	4.722260e-005	8.414517e-007	0.000000e+000	0.000000e+000	-2.149485e-006	4.591457e-005	8.957580e-009	2.507324e-009
5.300000e+000	3.769295e-001	3.694642e-001	1.379889e-002	1.000000e+000	4.707433e-005	8.516105e-007	0.000000e+000	0.000000e+000	-2.147754e-006	4.577818e-005	6.933328e-009	1.993506e-009
5.400000e+000	3.769664e-001	3.695059e-001	1.380302e-002	1.000000e+000	4.695761e-005	8.596691e-007	0.000000e+000	0.000000e+000	-2.146392e-006	4.567089e-005	5.345496e-009	1.578947e-009
5.500000e+000	3.769945e-001	3.695378e-001	1.380628e-002	1.000000e+000	4.686393e-005	8.653283e-007	0.000000e+000	0.000000e+000	-2.145294e-006	4.558397e-005	4.074303e-009	1.245516e-009
5.600000e+000	3.770149e-001	3.695617e-001	1.380885e-002	1.000000e+000	4.678056e-005	8.669534e-007	0.000000e+000	0.000000e+000	-2.144284e-006	4.550323e-005	2.936514e-009	9.757135e-010
5.700000e+000	3.770262e-001	3.695774e-001	1.381085e-002	1.000000e+000	4.668436e-005	8.608362e-007	0.000000e+000	0.000000e+000	-2.143021e-006	4.540218e-005	1.590880e-009	7.486510e-010
5.800000e+000	3.770229e-001	3.695816e-001	1.381234e-002	1.000000e+000	4.653387e-005	8.403730e-007	0.000000e+000	0.000000e+000	-2.140868e-006	4.523338e-005	-5.785224e-010	5.336672e-010
5.900000e+000	3.769920e-001	3.695652e-001	1.381330e-002	1.000000e+000	4.625506e-005	7.935828e-007	0.000000e+000	0.000000e+000	-2.136678e-006	4.491196e-005	-4.663875e-009	2.807494e-010
6.000000e+000	3.769069e-001	3.695092e-001	1.381355e-002	1.000000e+000	4.571105e-005	6.975113e-007	0.000000e+000	0.000000e+000	-2.128325e-006	4.428024e-005	-1.267777e-008	-9.689457e-011
6.100000e+000	3.767158e-001	3.693752e-001	1.381263e-002	1.000000e+000	4.465143e-005	5.115224e-007	0.000000e+000	0.000000e+000	-2.111882e-006	4.305107e-005	-2.831975e-008	-7.560419e-010
6.200000e+000	3.763240e-001	3.690917e-001	1.380961e-002	1.000000e+000	4.265841e-005	1.763523e-007	0.000000e+000	0.000000e+000	-2.080717e-006	4.075404e-005	-5.779740e-008	-1.974969e-009
6.300000e+000	3.755747e-001	3.685354e-001	1.380268e-002	1.000000e+000	3.913313e-005	-3.731994e-007	0.000000e+000	0.000000e+000	-2.025194e-006	3.673473e-005	-1.100139e-007	-4.207834e-009
6.400000e+000	3.742376e-001	3.675161e-001	1.378878e-002	1.000000e+000	3.336966e-005	-1.180453e-006	0.000000e+000	0.000000e+000	-1.933793e-006	3.025541e-005	-1.953624e-007	-8.104895e-009
6.500000e+000	3.720175e-001	3.657751e-001	1.376313e-002	1.000000e+000	2.473374e-005	-2.232904e-006	0.000000e+000	0.000000e+000	-1.795950e-006	2.070489e-005	-3.228804e-007	-1.445483e-008
6.600000e+000	3.685901e-001	3.630078e-001	1.371913e-002	1.000000e+000	1.290864e-005	-3.438755e-006	0.000000e+000	0.000000e+000	-1.606024e-006	7.863860e-006	-4.964143e-007	-2.402641e-008
6.700000e+000	3.636623e-001	3.589110e-001	1.364862e-002	1.000000e+000	-1.881338e-006	-4.630405e-006	0.000000e+000	0.000000e+000	-1.366953e-006	-7.878696e-006	-7.112504e-007	-3.733189e-008
6.800000e+000	3.570421e-001	3.532472e-001	1.354279e-002	1.000000e+000	-1.877864e-005	-5.602342e-006	0.000000e+000	0.000000e+000	-1.091807e-006	-2.547279e-005	-9.529412e-007	-5.438411e-008
6.900000e+000	3.486927e-001	3.459052e-001	1.339356e-002	1.000000e+000	-3.640787e-005	-6.174469e-006	0.000000e+000	0.000000e+000	-8.019861e-007	-4.338433e-005	-1.199468e-006	-7.454843e-008
7.000000e+000	3.387507e-001	3.369356e-001	1.319505e-002	1.000000e+000	-5.318810e-005	-6.255094e-006	0.000000e+000	0.000000e+000	-5.222021e-007	-5.996540e-005	-1.426457e-006	-9.657369e-008
7.100000e+000	3.274975e-001	3.265449e-001	1.294479e-002	1.000000e+000	-6.773275e-005	-5.873460e-006	0.000000e+000	0.000000e+000	-2.740471e-007	-7.388026e-005	-1.613575e-006	-1.188205e-007
7.200000e+000	3.152953e-001	3.150495e-001	1.264424e-002	1.000000e+000	-7.918154e-005	-5.166567e-006	0.000000e+000	0.000000e+000	-7.069744e-008	-8.441881e-005	-1.749541e-006	-1.396193e-007
7.300000e+000	3.025091e-001	3.028056e-001	1.229841e-002	1.000000e+000	-8.734662e-005	-4.328703e-006	0.000000e+000	0.000000e+000	8.530795e-008	-9.159002e-005	-1.833929e-006	-1.576326e-007
7.400000e+000	2.894413e-001	2.901393e-001	1.191478e-002	1.000000e+000	-9.264401e-005	-3.548077e-006	0.000000e+000	0.000000e+000	2.008046e-007	-9.599129e-005	-1.875493e-006	-1.721015e-007
7.500000e+000	2.762946e-001	2.772966e-001	1.150182e-002	1.000000e+000	-9.586816e-005	-2.956272e-006	0.000000e+000	0.000000e+000	2.882683e-007	-9.853616e-005	-1.888140e-006	-1.829107e-007
7.600000e+000	2.631685e-001	2.644245e-001	1.106765e-002	1.000000e+000	-9.791316e-005	-2.605850e-006	0.000000e+000	0.000000e+000	3.613441e-007	-1.001577e-004	-1.886350e-006	-1.904796e-007
7.700000e+000	2.500815e-001	2.515801e-001	1.061896e-002	1.000000e+000	-9.953344e-005	-2.474964e-006	0.000000e+000	0.000000e+000	4.311469e-007	-1.015773e-004	-1.881540e-006	-1.955450e-007
7.800000e+000	2.370080e-001	2.387595e-001	1.016062e-002	1.000000e+000	-1.011823e-004	-2.484989e-006	0.000000e+000	0.000000e+000	5.039097e-007	-1.031634e-004	-1.879892e-006	-1.989138e-007
7.900000e+000	2.239227e-001	2.259377e-001	9.695768e-003	1.000000e+000	-1.029197e-004	-2.518827e-006	0.000000e+000	0.000000e+000	5.797199e-007	-1.048588e-004	-1.881323e-006	-2.012407e-007
8.000000e+000	2.108459e-001	2.131124e-001	9.226365e-003	1.000000e+000	-1.043793e-004	-2.439539e-006	0.000000e+000	0.000000e+000	6.520837e-007	-1.061668e-004	-1.879315e-006	-2.028554e-007
8.100000e+000	1.978838e-001	2.003460e-001	8.754092e-003	1.000000e+000	-1.047949e-004	-2.107890e-006	0.000000e+000	0.000000e+000	7.083704e-007	-1.061944e-004	-1.861601e-006	-2.036542e-007
8.200000e+000	1.852690e-001	1.878036e-001	8.281435e-003	1.000000e+000	-1.029403e-004	-1.341566e-006	0.000000e+000	0.000000e+000	7.292011e-007	-1.035527e-004	-1.809781e-006	-2.030429e-007
8.300000e+000	1.734674e-001	1.758215e-001	7.812979e-003	1.000000e+000	-9.636228e-005	3.398651e-007	0.000000e+000	0.000000e+000	6.772528e-007	-9.534517e-005	-1.688529e-006	-1.997351e-007
8.400000e+000	1.635329e-001	1.651295e-001	7.357886e-003	1.000000e+000	-7.895129e-005	4.264491e-006	0.000000e+000	0.000000e+000	4.593335e-007	-7.422747e-005	-1.408992e-006	-1.908135e-007
8.500000e+000	1.579138e-001	1.574237e-001	6.936180e-003	1.000000e+000	-3.681157e-005	1.314437e-005	0.000000e+000	0.000000e+000	-1.409812e-007	-2.380818e-005	-7.648336e-007	-1.692932e-007
8.600000e+000	1.617007e-001	1.563871e-001	6.592551e-003	1.000000e+000	5.557282e-005	3.098845e-005	0.000000e+000	0.000000e+000	-1.528719e-006	8.503255e-005	6.270756e-007	-1.202021e-007
8.700000e+000	1.839182e-001	1.689476e-001	6.419612e-003	1.000000e+000	2.356588e-004	6.203530e-005	0.000000e+000	0.000000e+000	-4.307023e-006	2.933871e-004	3.328735e-006	-1.675110e-008
8.800000e+000	2.382064e-001	2.062490e-001	6.587397e-003	1.000000e+000	5.475372e-004	1.090122e-004	0.000000e+000	0.000000e+000	-9.194155e-006	6.473552e-004	7.992352e-006	1.807563e-007
8.900000e+000	3.423311e-001	2.837327e-001	7.369985e-003	1.000000e+000	1.031697e-003	1.715282e-004	0.000000e+000	0.000000e+000	-1.685876e-005	1.186367e-003	1.519528e-005	5.211349e-007
9.000000e+000	5.163673e-001	4.199892e-001	9.157271e-003	1.000000e+000	1.713149e-003	2.453836e-004	0.000000e+000	0.000000e+000	-2.772796e-005	1.930805e-003	2.525508e-005	1.053503e-006
9.100000e+000	7.798915e-001	6.344746e-001	1.244233e-002	1.000000e+000	2.592039e-003	3.231116e-004	0.000000e+000	0.000000e+000	-4.183644e-005	2.873314e-003	3.809230e-005	1.815576e-006
9.200000e+000	1.148858e+000	9.445969e-001	1.778154e-002	1.000000e+000	3.639812e-003	3.955197e-004	0.000000e+000	0.000000e+000	-5.876600e-005	3.976566e-003	5.318732e-005	2.822549e-006
9.300000e+000	1.632902e+000	1.362866e+000	2.573290e-002	1.000000e+000	4.801880e-003	4.536478e-004	0.000000e+000	0.000000e+000	-7.768927e-005	5.177839e-003	6.964079e-005	4.059872e-006
9.400000e+000	2.233632e+000	1.894748e+000	3.678417e-002	1.000000e+000	6.005620e-003	4.905224e-004	0.000000e+000	0.000000e+000	-9.749696e-005	6.398646e-003	8.631351e-005	5.481907e-006
9.500000e+000	2.944189e+000	2.537623e+000	5.128501e-002	1.000000e+000	7.171300e-003	5.022738e-004	0.000000e+000	0.000000e+000	-1.169690e-004	7.556605e-003	1.020032e-004	7.016589e-006
9.600000e+000	3.750003e+000	3.280953e+000	6.939565e-002	1.000000e+000	8.223202e-003	4.884644e-004	0.000000e+000	0.000000e+000	-1.349458e-004	8.576721e-003	1.156148e-004	8.574680e-006
9.700000e+000	4.630485e+000	4.107485e+000	9.106025e-002	1.000000e+000	9.098762e-003	4.517177e-004	0.000000e+000	0.000000e+000	-1.504671e-004	9.400012e-003	1.262914e-004	1.006133e-005
9.800000e+000	5.561237e+000	4.995167e+000	1.160073e-001	1.000000e+000	9.754443e-003	3.968823e-004	0.000000e+000	0.000000e+000	-1.628581e-004	9.988467e-003	1.334895e-004	1.138750e-005
9.900000e+000	6.516394e+000	5.919376e+000	1.437749e-001	1.000000e+000	1.016804e-002	3.300097e-004	0.000000e+000	0.000000e+000	-1.717620e-004	1.032628e-002	1.369975e-004	1.247940e-005
1.000000e+001	7.470768e+000	6.855111e+000	1.737533e-001	1.000000e+000	1.033782e-002	2.573793e-004	0.000000e+000	0.000000e+000	-1.771246e-004	1.041808e-002	1.369082e-004	1.328466e-005
1.010000e+001	8.401559e+000	7.778875e+000	2.052396e-001	1.000000e+000	1.027944e-002	1.847217e-004	0.000000e+000	0.000000e+000	-1.791462e-004	1.028502e-002	1.335590e-004	1.377509e-005
1.020000e+001	9.289552e+000	8.670102e+000	2.374928e-001	1.000000e+000	1.002149e-002	1.167035e-004	0.000000e+000	0.000000e+000	-1.782159e-004	9.959977e-003	1.274583e-004	1.394618e-005
1.030000e+001	1.011977e+001	9.512052e+000	2.697864e-001	1.000000e+000	9.600622e-003	5.667466e-005	0.000000e+000	0.000000e+000	-1.748398e-004	9.482457e-003	1.192088e-004	1.381414e-005
1.040000e+001	1.088164e+001	1.029222e+001	3.014516e-001	1.000000e+000	9.057020e-003	6.643829e-006	0.000000e+000	0.000000e+000	-1.695755e-004	8.894088e-003	1.094390e-004	1.341143e-005
1.050000e+001	1.156880e+001	1.100231e+001	3.319084e-001	1.000000e+000	8.430567e-003	-3.257743e-005	0.000000e+000	0.000000e+000	-1.629772e-004	8.235013e-003	9.874987e-005	1.278151e-005
1.060000e+001	1.217863e+001	1.163794e+001	3.606859e-001	1.000000e+000	7.758063e-003	-6.113114e-005	0.000000e+000	0.000000e+000	-1.555573e-004	7.541375e-003	8.767720e-005	1.197375e-005
1.070000e+001	1.271167e+001	1.219807e+001	3.874300e-001	1.000000e+000	7.071447e-003	-7.983727e-005	0.000000e+000	0.000000e+000	-1.477614e-004	6.843848e-003	7.667079e-005	1.103896e-005
1.080000e+001	1.317089e+001	1.268442e+001	4.119030e-001	1.000000e+000	6.396901e-003	-8.993906e-005	0.000000e+000	0.000000e+000	-1.399569e-004	6.167005e-003	6.608619e-005	1.002577e-005
1.090000e+001	1.356111e+001	1.310081e+001	4.339748e-001	1.000000e+000	5.754616e-003	-9.290091e-005	0.000000e+000	0.000000e+000	-1.324298e-004	5.529285e-003	5.618561e-005	8.978120e-006
1.100000e+001	1.388837e+001	1.345255e+001	4.536104e-001	1.000000e+000	5.158968e-003	-9.026324e-005	0.000000e+000	0.000000e+000	-1.253873e-004	4.943317e-003	4.714407e-005	7.933593e-006
1.110000e+001	1.415936e+001	1.374586e+001	4.708538e-001	1.000000e+000	4.619001e-003	-8.353238e-005	0.000000e+000	0.000000e+000	-1.189639e-004	4.416505e-003	3.905891e-005	6.922606e-006
1.120000e+001	1.438100e+001	1.398742e+001	4.858110e-001	1.000000e+000	4.139157e-003	-7.408025e-005	0.000000e+000	0.000000e+000	-1.132312e-004	3.951846e-003	3.196229e-005	5.968188e-006
1.130000e+001	1.456005e+001	1.418393e+001	4.986334e-001	1.000000e+000	3.720233e-003	-6.305597e-005	0.000000e+000	0.000000e+000	-1.082111e-004	3.548966e-003	2.583658e-005	5.086334e-006
1.140000e+001	1.470294e+001	1.434183e+001	5.095018e-001	1.000000e+000	3.360427e-003	-5.133876e-005	0.000000e+000	0.000000e+000	-1.038903e-004	3.205198e-003	2.063076e-005	4.286792e-006
1.150000e+001	1.481558e+001	1.446719e+001	5.186137e-001	1.000000e+000	3.056276e-003	-3.955239e-005	0.000000e+000	0.000000e+000	-1.002337e-004	2.916490e-003	1.627444e-005	3.574136e-006
1.160000e+001	1.490334e+001	1.456551e+001	5.261721e-001	1.000000e+000	2.803338e-003	-2.812526e-005	0.000000e+000	0.000000e+000	-9.719311e-005	2.678019e-003	1.268753e-005	2.948904e-006
1.170000e+001	1.497096e+001	1.464176e+001	5.323777e-001	1.000000e+000	2.596606e-003	-1.735602e-005	0.000000e+000	0.000000e+000	-9.471264e-005	2.484537e-003	9.785452e-006	2.408633e-006
1.180000e+001	1.502263e+001	1.470031e+001	5.374229e-001	1.000000e+000	2.430783e-003	-7.454474e-006	0.000000e+000	0.000000e+000	-9.273142e-005	2.330597e-003	7.482171e-006	1.948700e-006
1.190000e+001	1.506191e+001	1.474496e+001	5.414873e-001	1.000000e+000	2.300503e-003	1.445602e-006	0.000000e+000	0.000000e+000	-9.118636e-005	2.210762e-003	5.692833e-006	1.562990e-006
1.200000e+001	1.509180e+001	1.477892e+001	5.447353e-001	1.000000e+000	2.200551e-003	9.285916e-006	0.000000e+000	0.000000e+000	-9.001512e-005	2.119822e-003	4.336689e-006	1.244457e-006
1.210000e+001	1.511481e+001	1.480491e+001	5.473143e-001	1.000000e+000	2.126068e-003	1.607783e-005	0.000000e+000	0.000000e+000	-8.915916e-005	2.052986e-003	3.339835e-006	9.856084e-007
1.220000e+001	1.513298e+001	1.482514e+001	5.493541e-001	1.000000e+000	2.072677e-003	2.188241e-005	0.000000e+000	0.000000e+000	-8.856568e-005	2.005993e-003	2.636892e-006	7.789090e-007
1.230000e+001	1.514793e+001	1.484141e+001	5.509672e-001	1.000000e+000	2.036503e-003	2.677601e-005	0.000000e+000	0.000000e+000	-8.818792e-005	1.975091e-003	2.170904e-006	6.170938e-007
1.240000e+001	1.516098e+001	1.485516e+001	5.522500e-001	1.000000e+000	2.014061e-003	3.081053e-005	0.000000e+000	0.000000e+000	-8.798338e-005	1.956888e-003	1.891285e-006	4.933381e-007
1.250000e+001	1.517308e+001	1.486751e+001	5.532834e-001	1.000000e+000	2.002065e-003	3.398640e-005	0.000000e+000	0.000000e+000	-8.791077e-005	1.948140e-003	1.750556e-006	4.012807e-007
1.260000e+001	1.518486e+001	1.487924e+001	5.541340e-001	1.000000e+000	1.997253e-003	3.625607e-005	0.000000e+000	0.000000e+000	-8.792725e-005	1.945582e-003	1.701549e-006	3.349307e-007
1.270000e+001	1.519665e+001	1.489082e+001	5.548547e-001	1.000000e+000	1.996347e-003	3.756124e-005	0.000000e+000	0.000000e+000	-8.798785e-005	1.945921e-003	1.696824e-006	2.885438e-007
1.280000e+001	1.520842e+001	1.490238e+001	5.554855e-001	1.000000e+000	1.996196e-003	3.788942e-005	0.000000e+000	0.000000e+000	-8.804791e-005	1.946037e-003	1.691093e-006	2.565718e-007
1.290000e+001	1.521990e+001	1.491379e+001	5.560536e-001	1.000000e+000	1.994070e-003	3.732418e-005	0.000000e+000	0.000000e+000	-8.806811e-005	1.943327e-003	1.646043e-006	2.337581e-007
1.300000e+001	1.523062e+001	1.492468e+001	5.565747e-001	1.000000e+000	1.988009e-003	3.606329e-005	0.000000e+000	0.000000e+000	-8.802012e-005	1.936052e-003	1.535647e-006	2.153843e-007
1.310000e+001	1.524005e+001	1.493455e+001	5.570545e-001	1.000000e+000	1.977053e-003	3.439375e-005	0.000000e+000	0.000000e+000	-8.789065e-005	1.923556e-003	1.349603e-006	1.975936e-007
1.320000e+001	1.524769e+001	1.494292e+001	5.574909e-001	1.000000e+000	1.961291e-003	3.263600e-005	0.000000e+000	0.000000e+000	-8.768223e-005	1.906245e-003	1.093467e-006	1.776728e-007
1.330000e+001	1.525317e+001	1.494935e+001	5.578771e-001	1.000000e+000	1.941710e-003	3.108596e-005	0.000000e+000	0.000000e+000	-8.741084e-005	1.885385e-003	7.857030e-007	1.541918e-007
1.340000e+001	1.525633e+001	1.495358e+001	5.582042e-001	1.000000e+000	1.919940e-003	2.997922e-005	0.000000e+000	0.000000e+000	-8.710190e-005	1.862817e-003	4.532768e-007	1.269662e-007
1.350000e+001	1.525720e+001	1.495554e+001	5.584646e-001	1.000000e+000	1.897990e-003	2.948014e-005	0.000000e+000	0.000000e+000	-8.678634e-005	1.840684e-003	1.274482e-007	9.688142e-008
1.360000e+001	1.525605e+001	1.495540e+001	5.586534e-001	1.000000e+000	1.878011e-003	2.967995e-005	0.000000e+000	0.000000e+000	-8.649712e-005	1.821194e-003	-1.597910e-007	6.564000e-008
1.370000e+001	1.525337e+001	1.495352e+001	5.587703e-001	1.000000e+000	1.862049e-003	3.059026e-005	0.000000e+000	0.000000e+000	-8.626573e-005	1.806374e-003	-3.791435e-007	3.546959e-008
1.380000e+001	1.524977e+001	1.495044e+001	5.588208e-001	1.000000e+000	1.851791e-003	3.213560e-005	0.000000e+000	0.000000e+000	-8.611840e-005	1.797809e-003	-5.076301e-007	8.801388e-009
1.390000e+001	1.524601e+001	1.494683e+001	5.588157e-001	1.000000e+000	1.848333e-003	3.415750e-005	0.000000e+000	0.000000e+000	-8.607249e-005	1.796418e-003	-5.318703e-007	-1.207181e-008
1.400000e+001	1.524282e+001	1.494343e+001	5.587707e-001	1.000000e+000	1.852028e-003	3.643776e-005	0.000000e+000	0.000000e+000	-8.613413e-005	1.802332e-003	-4.500093e-007	-2.532132e-008
1.410000e+001	1.524088e+001	1.494092e+001	5.587049e-001	1.000000e+000	1.862474e-003	3.873734e-005	0.000000e+000	0.000000e+000	-8.629786e-005	1.814913e-003	-2.715582e-007	-2.983586e-008
1.420000e+001	1.524073e+001	1.493990e+001	5.586391e-001	1.000000e+000	1.878626e-003	4.083957e-005	0.000000e+000	0.000000e+000	-8.654859e-005	1.832917e-003	-1.512012e-008	-2.535090e-008
1.430000e+001	1.524276e+001	1.494084e+001	5.585937e-001	1.000000e+000	1.899025e-003	4.258424e-005	0.000000e+000	0.000000e+000	-8.686490e-005	1.854744e-003	2.953105e-007	-1.243101e-008
1.440000e+001	1.524717e+001	1.494400e+001	5.585869e-001	1.000000e+000	1.922040e-003	4.388207e-005	0.000000e+000	0.000000e+000	-8.722299e-005	1.878699e-003	6.343339e-007	7.677687e-009
1.450000e+001	1.525398e+001	1.494950e+001	5.586336e-001	1.000000e+000	1.946080e-003	4.470724e-005	0.000000e+000	0.000000e+000	-8.759974e-005	1.903187e-003	9.782600e-007	3.327244e-008
1.460000e+001	1.526309e+001	1.495730e+001	5.587442e-001	1.000000e+000	1.969717e-003	4.507605e-005	0.000000e+000	0.000000e+000	-8.797452e-005	1.926819e-003	1.306735e-006	6.242885e-008
1.470000e+001	1.527426e+001	1.496724e+001	5.589248e-001	1.000000e+000	1.991726e-003	4.502299e-005	0.000000e+000	0.000000e+000	-8.832955e-005	1.948420e-003	1.603009e-006	9.319240e-008
1.480000e+001	1.528718e+001	1.497905e+001	5.591769e-001	1.000000e+000	2.011016e-003	4.456049e-005	0.000000e+000	0.000000e+000	-8.864886e-005	1.966928e-003	1.852739e-006	1.236960e-007
1.490000e+001	1.530140e+001	1.499236e+001	5.594978e-001	1.000000e+000	2.026150e-003	4.352169e-005	0.000000e+000	0.000000e+000	-8.891128e-005	1.980760e-003	2.037002e-006	1.521188e-007
1.500000e+001	1.531615e+001	1.500658e+001	5.598802e-001	1.000000e+000	2.033628e-003	4.113464e-005	0.000000e+000	0.000000e+000	-8.906442e-005	1.985699e-003	2.106860e-006	1.761272e-007
1.510000e+001	1.532977e+001	1.502054e+001	5.603091e-001	1.000000e+000	2.024315e-003	3.541624e-005	0.000000e+000	0.000000e+000	-8.896753e-005	1.970764e-003	1.928527e-006	1.910915e-007
1.520000e+001	1.533865e+001	1.503167e+001	5.607530e-001	1.000000e+000	1.978977e-003	2.289629e-005	0.000000e+000	0.000000e+000	-8.831764e-005	1.913556e-003	1.214293e-006	1.866256e-007
1.530000e+001	1.533583e+001	1.503480e+001	5.611454e-001	1.000000e+000	1.865853e-003	-7.700228e-007	0.000000e+000	0.000000e+000	-8.660609e-005	1.778477e-003	-5.137292e-007	1.422798e-007
1.540000e+001	1.530998e+001	1.502094e+001	5.613575e-001	1.000000e+000	1.643209e-003	-3.927675e-005	0.000000e+000	0.000000e+000	-8.315622e-005	1.520776e-003	-3.878908e-006	2.471086e-008
1.550000e+001	1.524525e+001	1.497673e+001	5.611688e-001	1.000000e+000	1.267594e-003	-9.386813e-005	0.000000e+000	0.000000e+000	-7.725525e-005	1.096470e-003	-9.514868e-006	-2.110395e-007
1.560000e+001	1.512250e+001	1.488495e+001	5.602467e-001	1.000000e+000	7.055035e-004	-1.621454e-004	0.000000e+000	0.000000e+000	-6.834289e-005	4.750152e-004	-1.788039e-005	-6.149546e-007
1.570000e+001	1.492169e+001	1.472639e+001	5.581471e-001	1.000000e+000	-5.561349e-005	-2.380532e-004	0.000000e+000	0.000000e+000	-5.618886e-005	-3.498555e-004	-2.909263e-005	-1.231305e-006
1.580000e+001	1.462494e+001	1.448244e+001	5.543410e-001	1.000000e+000	-1.000807e-003	-3.130431e-004	0.000000e+000	0.000000e+000	-4.099739e-005	-1.354848e-003	-4.283862e-005	-2.086841e-006
1.590000e+001	1.421946e+001	1.413809e+001	5.482672e-001	1.000000e+000	-2.087475e-003	-3.779387e-004	0.000000e+000	0.000000e+000	-2.340832e-005	-2.488822e-003	-5.839155e-005	-3.181534e-006
1.600000e+001	1.369971e+001	1.368441e+001	5.394000e-001	1.000000e+000	-3.251277e-003	-4.248469e-004	0.000000e+000	0.000000e+000	-4.401889e-006	-3.680526e-003	-7.472058e-005	-4.484532e-006
1.610000e+001	1.306843e+001	1.312007e+001	5.273199e-001	1.000000e+000	-4.416080e-003	-4.485739e-004	0.000000e+000	0.000000e+000	1.485816e-005	-4.849796e-003	-9.065646e-005	-5.936288e-006
1.620000e+001	1.233628e+001	1.245167e+001	5.117720e-001	1.000000e+000	-5.505182e-003	-4.472735e-004	0.000000e+000	0.000000e+000	3.319890e-005	-5.919257e-003	-1.050676e-004	-7.456008e-006
1.630000e+001	1.152061e+001	1.169298e+001	4.927037e-001	1.000000e+000	-6.451325e-003	-4.223319e-004	0.000000e+000	0.000000e+000	4.959110e-005	-6.824066e-003	-1.170078e-004	-8.952380e-006
1.640000e+001	1.064340e+001	1.086327e+001	4.702752e-001	1.000000e+000	-7.203850e-003	-3.776855e-004	0.000000e+000	0.000000e+000	6.325595e-005	-7.518280e-003	-1.258135e-004	-1.033513e-005
1.650000e+001	9.729046e+000	9.985275e+000	4.448451e-001	1.000000e+000	-7.732312e-003	-3.188474e-004	0.000000e+000	0.000000e+000	7.371688e-005	-7.977442e-003	-1.311426e-004	-1.152525e-005
1.660000e+001	8.802115e+000	9.082966e+000	4.169352e-001	1.000000e+000	-8.026753e-003	-2.519007e-004	0.000000e+000	0.000000e+000	8.080089e-005	-8.197853e-003	-1.329635e-004	-1.246239e-005
1.670000e+001	7.885549e+000	8.179611e+000	3.871812e-001	1.000000e+000	-8.095377e-003	-1.826451e-004	0.000000e+000	0.000000e+000	8.460170e-005	-8.193421e-003	-1.315059e-004	-1.310890e-005
1.680000e+001	6.999305e+000	7.296211e+000	3.562792e-001	1.000000e+000	-7.960579e-003	-1.159963e-004	0.000000e+000	0.000000e+000	8.541978e-005	-7.991156e-003	-1.271926e-004	-1.345045e-005
1.690000e+001	6.159531e+000	6.450438e+000	3.249332e-001	1.000000e+000	-7.654307e-003	-5.565760e-005	0.000000e+000	0.000000e+000	8.369382e-005	-7.626271e-003	-1.205645e-004	-1.349401e-005
1.700000e+001	5.378235e+000	5.656075e+000	2.938098e-001	1.000000e+000	-7.213502e-003	-4.032028e-006	0.000000e+000	0.000000e+000	7.993455e-005	-7.137599e-003	-1.122111e-004	-1.326397e-005
1.710000e+001	4.663349e+000	4.922885e+000	2.635035e-001	1.000000e+000	-6.676159e-003	3.768682e-005	0.000000e+000	0.000000e+000	7.466844e-005	-6.563803e-003	-1.027142e-004	-1.279730e-005
1.720000e+001	4.019083e+000	4.256813e+000	2.345133e-001	1.000000e+000	-6.078274e-003	6.931254e-005	0.000000e+000	0.000000e+000	6.839472e-005	-5.940567e-003	-9.260575e-005	-1.213853e-005
1.730000e+001	3.446464e+000	3.660426e+000	2.072301e-001	1.000000e+000	-5.451770e-003	9.141185e-005	0.000000e+000	0.000000e+000	6.155663e-005	-5.298801e-003	-8.234210e-005	-1.133520e-005
1.740000e+001	2.943951e+000	3.133474e+000	1.819352e-001	1.000000e+000	-4.823333e-003	1.050445e-004	0.000000e+000	0.000000e+000	5.452572e-005	-4.663763e-003	-7.229163e-005	-1.043405e-005
1.750000e+001	2.508064e+000	2.673504e+000	1.588045e-001	1.000000e+000	-4.214024e-003	1.115301e-004	0.000000e+000	0.000000e+000	4.759698e-005	-4.054897e-003	-6.273346e-005	-9.478224e-006
1.760000e+001	2.133965e+000	2.276445e+000	1.379203e-001	1.000000e+000	-3.639449e-003	1.122642e-004	0.000000e+000	0.000000e+000	4.099167e-005	-3.486193e-003	-5.386388e-005	-8.505432e-006
1.770000e+001	1.815958e+000	1.937143e+000	1.192841e-001	1.000000e+000	-3.110289e-003	1.085920e-004	0.000000e+000	0.000000e+000	3.486482e-005	-2.966832e-003	-4.580687e-005	-7.546986e-006
1.780000e+001	1.547914e+000	1.649808e+000	1.028329e-001	1.000000e+000	-2.632997e-003	1.017334e-004	0.000000e+000	0.000000e+000	2.931488e-005	-2.501949e-003	-3.862643e-005	-6.627548e-006
1.790000e+001	1.323596e+000	1.408385e+000	8.845357e-002	1.000000e+000	-2.210561e-003	9.274372e-005	0.000000e+000	0.000000e+000	2.439383e-005	-2.093423e-003	-3.233876e-005	-5.765375e-006
1.800000e+001	1.136914e+000	1.206837e+000	7.599766e-002	1.000000e+000	-1.843232e-003	8.250345e-005	0.000000e+000	0.000000e+000	2.011691e-005	-1.740612e-003	-2.692366e-005	-4.972888e-006
1.810000e+001	9.821132e-001	1.039364e+000	6.529389e-002	1.000000e+000	-1.529176e-003	7.172998e-005	0.000000e+000	0.000000e+000	1.647100e-005	-1.440975e-003	-2.233413e-005	-4.257431e-006
1.820000e+001	8.539006e-001	9.005517e-001	5.615902e-002	1.000000e+000	-1.265011e-003	6.099854e-005	0.000000e+000	0.000000e+000	1.342153e-005	-1.190591e-003	-1.850410e-005	-3.622080e-006
1.830000e+001	7.475361e-001	7.854857e-001	4.840688e-002	1.000000e+000	-1.046257e-003	5.075807e-005	0.000000e+000	0.000000e+000	1.091811e-005	-9.845809e-004	-1.535474e-005	-3.066441e-006
1.840000e+001	6.588807e-001	6.898154e-001	4.185548e-002	1.000000e+000	-8.677527e-004	4.133721e-005	0.000000e+000	0.000000e+000	8.899927e-006	-8.175156e-004	-1.280013e-005	-2.587399e-006
1.850000e+001	5.844078e-001	6.097847e-001	3.633256e-002	1.000000e+000	-7.240332e-004	3.294859e-005	0.000000e+000	0.000000e+000	7.300933e-006	-6.837836e-004	-1.075266e-005	-2.179824e-006
1.860000e+001	5.211835e-001	5.422277e-001	3.167946e-002	1.000000e+000	-6.096568e-004	2.570173e-005	0.000000e+000	0.000000e+000	6.054416e-006	-5.779007e-004	-9.127508e-006	-1.837225e-006
1.870000e+001	4.668240e-001	4.845379e-001	2.775361e-002	1.000000e+000	-5.194393e-004	1.962615e-005	0.000000e+000	0.000000e+000	5.096274e-006	-4.947168e-004	-7.845750e-006	-1.552334e-006
1.880000e+001	4.194431e-001	4.346219e-001	2.442975e-002	1.000000e+000	-4.485967e-004	1.469545e-005	0.000000e+000	0.000000e+000	4.366957e-006	-4.295343e-004	-6.835985e-006	-1.317583e-006
1.890000e+001	3.775928e-001	3.908450e-001	2.160019e-002	1.000000e+000	-3.928357e-004	1.084177e-005	0.000000e+000	0.000000e+000	3.812658e-006	-3.781813e-004	-6.035216e-006	-1.125470e-006
1.900000e+001	3.402003e-001	3.519711e-001	1.917427e-002	1.000000e+000	-3.484303e-004	7.959611e-006	0.000000e+000	0.000000e+000	3.386471e-006	-3.370843e-004	-5.389642e-006	-9.688415e-007
1.910000e+001	3.064969e-001	3.170970e-001	1.707738e-002	1.000000e+000	-3.122964e-004	5.907425e-006	0.000000e+000	0.000000e+000	3.049660e-006	-3.033393e-004	-4.855539e-006	-8.411148e-007
1.920000e+001	2.759446e-001	2.855817e-001	1.524930e-002	1.000000e+000	-2.820387e-004	4.516322e-006	0.000000e+000	0.000000e+000	2.772598e-006	-2.747498e-004	-4.399782e-006	-7.364566e-007
1.930000e+001	2.481640e-001	2.569745e-001	1.364240e-002	1.000000e+000	-2.559396e-004	3.608251e-006	0.000000e+000	0.000000e+000	2.534792e-006	-2.497966e-004	-3.999456e-006	-6.499076e-007
1.940000e+001	2.228732e-001	2.309503e-001	1.221949e-002	1.000000e+000	-2.328764e-004	3.018491e-006	0.000000e+000	0.000000e+000	2.323777e-006	-2.275341e-004	-3.640362e-006	-5.774355e-007
1.950000e+001	1.998430e-001	2.072574e-001	1.095166e-002	1.000000e+000	-2.121843e-004	2.614488e-006	0.000000e+000	0.000000e+000	2.133123e-006	-2.074367e-004	-3.314726e-006	-5.159040e-007
1.960000e+001	1.788693e-001	1.856823e-001	9.816382e-003	1.000000e+000	-1.934986e-004	2.305368e-006	0.000000e+000	0.000000e+000	1.960113e-006	-1.892332e-004	-3.018686e-006	-4.629671e-007
1.970000e+001	1.597617e-001	1.660310e-001	8.795779e-003	1.000000e+000	-1.766115e-004	2.040938e-006	0.000000e+000	0.000000e+000	1.803684e-006	-1.727669e-004	-2.750115e-006	-4.169155e-007
1.980000e+001	1.423422e-001	1.481224e-001	7.875376e-003	1.000000e+000	-1.613666e-004	1.802877e-006	0.000000e+000	0.000000e+000	1.662966e-006	-1.579007e-004	-2.507141e-006	-3.765080e-007
1.990000e+001	1.264490e-001	1.317898e-001	7.043186e-003	1.000000e+000	-1.475998e-004	1.592449e-006	0.000000e+000	0.000000e+000	1.536541e-006	-1.444709e-004	-2.287416e-006	-3.408192e-007
2.000000e+001	1.119405e-001	1.168842e-001	6.289125e-003	1.000000e+000	-1.351207e-004	1.418781e-006	0.000000e+000	0.000000e+000	1.422303e-006	-1.322796e-004	-2.087997e-006	-3.091207e-007
2.010000e+001	9.869821e-002	1.032783e-001	5.604651e-003	1.000000e+000	-1.237197e-004	1.290222e-006	0.000000e+000	0.000000e+000	1.317696e-006	-1.211118e-004	-1.905613e-006	-2.808036e-007
2.020000e+001	8.662617e-002	9.086709e-002	4.982539e-003	1.000000e+000	-1.131900e-004	1.209637e-006	0.000000e+000	0.000000e+000	1.220111e-006	-1.107602e-004	-1.737067e-006	-2.553373e-007
2.030000e+001	7.564769e-002	7.956588e-002	4.416722e-003	1.000000e+000	-1.033487e-004	1.173186e-006	0.000000e+000	0.000000e+000	1.127262e-006	-1.010483e-004	-1.579600e-006	-2.322542e-007
2.040000e+001	6.570065e-002	6.930666e-002	3.902148e-003	1.000000e+000	-9.405355e-005	1.171501e-006	0.000000e+000	0.000000e+000	1.037450e-006	-9.184460e-005	-1.431132e-006	-2.111502e-007
2.050000e+001	5.673216e-002	6.003303e-002	3.434624e-003	1.000000e+000	-8.520963e-005	1.192035e-006	0.000000e+000	0.000000e+000	9.496607e-007	-8.306794e-005	-1.290338e-006	-1.916896e-007
2.060000e+001	4.869359e-002	5.169515e-002	3.010651e-003	1.000000e+000	-7.676813e-005	1.221587e-006	0.000000e+000	0.000000e+000	8.635491e-007	-7.468300e-005	-1.156591e-006	-1.736092e-007
2.070000e+001	4.153672e-002	4.424549e-002	2.627262e-003	1.000000e+000	-6.871872e-005	1.248364e-006	0.000000e+000	0.000000e+000	7.793119e-007	-6.669104e-005	-1.029820e-006	-1.567171e-007
2.080000e+001	3.521113e-002	3.763561e-002	2.281854e-003	1.000000e+000	-6.107845e-005	1.263302e-006	0.000000e+000	0.000000e+000	6.975221e-007	-5.911762e-005	-9.103234e-007	-1.408860e-007
2.090000e+001	2.966297e-002	3.181435e-002	1.972059e-003	1.000000e+000	-5.387993e-005	1.260617e-006	0.000000e+000	0.000000e+000	6.189525e-007	-5.200036e-005	-7.985792e-007	-1.260424e-007
2.100000e+001	2.483479e-002	2.672711e-002	1.695628e-003	1.000000e+000	-4.716058e-005	1.237740e-006	0.000000e+000	0.000000e+000	5.444192e-007	-4.537843e-005	-6.950886e-007	-1.121528e-007
2.110000e+001	2.066630e-002	2.231615e-002	1.450357e-003	1.000000e+000	-4.095419e-005	1.194829e-006	0.000000e+000	0.000000e+000	4.746619e-007	-3.928470e-005	-6.002573e-007	-9.921001e-008
2.120000e+001	1.709551e-002	1.852152e-002	1.234043e-003	1.000000e+000	-3.528514e-005	1.134077e-006	0.000000e+000	0.000000e+000	4.102646e-007	-3.374080e-005	-5.143213e-007	-8.721986e-008
2.130000e+001	1.406019e-002	1.528234e-002	1.044462e-003	1.000000e+000	-3.016534e-005	1.058967e-006	0.000000e+000	0.000000e+000	3.516138e-007	-2.875476e-005	-4.373145e-007	-7.619092e-008
2.140000e+001	1.149930e-002	1.253820e-002	8.793759e-004	1.000000e+000	-2.559332e-005	9.735993e-007	0.000000e+000	0.000000e+000	2.988901e-007	-2.432083e-005	-3.690668e-007	-6.612649e-008
2.150000e+001	9.354276e-003	1.023047e-002	7.365509e-004	1.000000e+000	-2.155497e-005	8.821464e-007	0.000000e+000	0.000000e+000	2.520808e-007	-2.042074e-005	-3.092265e-007	-5.701960e-008
2.160000e+001	7.570035e-003	8.303467e-003	6.137832e-004	1.000000e+000	-1.802544e-005	7.884651e-007	0.000000e+000	0.000000e+000	2.110085e-007	-1.702596e-005	-2.572942e-007	-4.885065e-008
2.170000e+001	6.095746e-003	6.705292e-003	5.089297e-004	1.000000e+000	-1.497152e-005	6.958526e-007	0.000000e+000	0.000000e+000	1.753663e-007	-1.410030e-005	-2.126634e-007	-4.158697e-008
2.180000e+001	4.885281e-003	5.388426e-003	4.199376e-004	1.000000e+000	-1.235426e-005	6.069293e-007	0.000000e+000	0.000000e+000	1.447548e-007	-1.160258e-005	-1.746612e-007	-3.518400e-008
2.190000e+001	3.897422e-003	4.310065e-003	3.448691e-004	1.000000e+000	-1.013138e-005	5.236175e-007	0.000000e+000	0.000000e+000	1.187172e-007	-9.489044e-006	-1.425845e-007	-2.958741e-008
2.200000e+001	3.095854e-003	3.432208e-003	2.819218e-004	1.000000e+000	-8.259445e-006	4.471861e-007	0.000000e+000	0.000000e+000	9.676905e-008	-7.715490e-006	-1.157312e-007	-2.473568e-008
2.210000e+001	2.448983e-003	2.721570e-003	2.294416e-004	1.000000e+000	-6.695619e-006	3.783356e-007	0.000000e+000	0.000000e+000	7.842326e-008	-6.238860e-006	-9.342388e-008	-2.056283e-008
2.220000e+001	1.929648e-003	2.149352e-003	1.859305e-004	1.000000e+000	-5.398977e-006	3.173016e-007	0.000000e+000	0.000000e+000	6.320859e-008	-5.018467e-006	-7.502682e-008	-1.700100e-008
2.230000e+001	1.514743e-003	1.690909e-003	1.500480e-004	1.000000e+000	-4.331438e-006	2.639615e-007	0.000000e+000	0.000000e+000	5.068282e-008	-4.016794e-006	-5.995757e-008	-1.398268e-008
2.240000e+001	1.184804e-003	1.325371e-003	1.206081e-004	1.000000e+000	-3.458330e-006	2.179351e-007	0.000000e+000	0.000000e+000	4.044107e-008	-3.199954e-006	-4.769278e-008	-1.144255e-008
2.250000e+001	9.235828e-004	1.035228e-003	9.657282e-005	1.000000e+000	-2.748675e-006	1.786721e-007	0.000000e+000	0.000000e+000	3.212023e-008	-2.537882e-006	-3.777019e-008	-9.318835e-009
2.260000e+001	7.176255e-004	8.059131e-004	7.704230e-005	1.000000e+000	-2.175234e-006	1.455243e-007	0.000000e+000	0.000000e+000	2.540034e-008	-2.004310e-006	-2.978755e-008	-7.554337e-009
2.270000e+001	5.558798e-004	6.254092e-004	6.124377e-005	1.000000e+000	-1.714402e-006	1.178019e-007	0.000000e+000	0.000000e+000	2.000363e-008	-1.576597e-006	-2.339945e-008	-6.096960e-009
2.280000e+001	4.293283e-004	4.838719e-004	4.851921e-005	1.000000e+000	-1.345972e-006	9.481577e-008	0.000000e+000	0.000000e+000	1.569221e-008	-1.235464e-006	-1.831269e-008	-4.900002e-009
2.290000e+001	3.306626e-004	3.732929e-004	3.831275e-005	1.000000e+000	-1.052844e-006	7.590671e-008	0.000000e+000	0.000000e+000	1.226472e-008	-9.646721e-007	-1.428103e-008	-3.922164e-009
2.300000e+001	2.539956e-004	2.871984e-004	3.015836e-005	1.000000e+000	-8.206894e-007	6.046414e-008	0.000000e+000	0.000000e+000	9.552463e-009	-7.506728e-007	-1.109964e-008	-3.127370e-009
2.310000e+001	1.946112e-004	2.203861e-004	2.366800e-005	1.000000e+000	-6.376158e-007	4.793682e-008	0.000000e+000	0.000000e+000	7.415460e-009	-5.822635e-007	-8.599546e-009	-2.484454e-009
2.320000e+001	1.487518e-004	1.686981e-004	1.852071e-005	1.000000e+000	-4.938309e-007	3.783720e-008	0.000000e+000	0.000000e+000	5.738545e-009	-4.502552e-007	-6.642493e-009	-1.966762e-009
2.330000e+001	1.134383e-004	1.288282e-004	1.445261e-005	1.000000e+000	-3.813342e-007	2.974149e-008	0.000000e+000	0.000000e+000	4.427694e-009	-3.471650e-007	-5.116144e-009	-1.551705e-009
2.340000e+001	8.631899e-005	9.816010e-005	1.124802e-005	1.000000e+000	-2.936343e-007	2.328666e-008	0.000000e+000	0.000000e+000	3.406689e-009	-2.669410e-007	-3.929830e-009	-1.220302e-009
2.350000e+001	6.554614e-005	7.463249e-005	8.731600e-006	1.000000e+000	-2.254982e-007	1.816566e-008	0.000000e+000	0.000000e+000	2.614142e-009	-2.047184e-007	-3.010813e-009	-9.567274e-010
2.360000e+001	4.967342e-005	5.662826e-005	6.761510e-006	1.000000e+000	-1.727319e-007	1.412169e-008	0.000000e+000	0.000000e+000	2.000906e-009	-1.566093e-007	-2.301064e-009	-7.478761e-010
2.370000e+001	3.757310e-005	4.288366e-005	5.223580e-006	1.000000e+000	-1.319926e-007	1.094205e-008	0.000000e+000	0.000000e+000	1.527848e-009	-1.195227e-007	-1.754532e-009	-5.829713e-010
2.380000e+001	2.836898e-005	3.241476e-005	4.026319e-006	1.000000e+000	-1.006297e-007	8.452131e-009	0.000000e+000	0.000000e+000	1.163971e-009	-9.101356e-008	-1.334846e-009	-4.532038e-010
2.390000e+001	2.138257e-005	2.445811e-005	3.096723e-006	1.000000e+000	-7.655089e-008	6.509735e-009	0.000000e+000	0.000000e+000	8.848320e-010	-6.915632e-008	-1.013410e-009	-3.514137e-010
2.400000e+001	1.609012e-005	1.842327e-005	2.376775e-006	1.000000e+000	-5.811228e-008	4.999866e-009	0.000000e+000	0.000000e+000	6.712475e-010	-5.244117e-008	-7.678346e-010	-2.718130e-010
2.410000e+001	1.208855e-005	1.385504e-005	1.820541e-006	1.000000e+000	-4.402732e-008	3.830148e-009	0.000000e+000	0.000000e+000	5.082191e-010	-3.968895e-008	-5.806572e-010	-2.097458e-010
2.420000e+001	9.068481e-006	1.040344e-005	1.391789e-006	1.000000e+000	-3.329308e-008	2.926810e-009	0.000000e+000	0.000000e+000	3.840666e-010	-2.998220e-008	-4.383095e-010	-1.614844e-010
2.430000e+001	6.793123e-006	7.800166e-006	1.062037e-006	1.000000e+000	-2.513051e-008	2.231265e-009	0.000000e+000	0.000000e+000	2.897261e-010	-2.260952e-008	-3.302843e-010	-1.240576e-010
2.440000e+001	5.081666e-006	5.840053e-006	8.089645e-007	1.000000e+000	-1.893655e-008	1.697219e-009	0.000000e+000	0.000000e+000	2.181879e-010	-1.702114e-008	-2.484710e-010	-9.510637e-011
2.450000e+001	3.796386e-006	4.366590e-006	6.151382e-007	1.000000e+000	-1.424579e-008	1.288260e-009	0.000000e+000	0.000000e+000	1.640475e-010	-1.279348e-008	-1.866282e-010	-7.276569e-011
2.460000e+001	2.832610e-006	3.260662e-006	4.669791e-007	1.000000e+000	-1.070017e-008	9.758741e-010	0.000000e+000	0.000000e+000	1.231506e-010	-9.601149e-009	-1.399664e-010	-5.556603e-011
2.470000e+001	2.110953e-006	2.431818e-006	3.539407e-007	1.000000e+000	-8.024988e-009	7.378225e-010	0.000000e+000	0.000000e+000	9.231290e-011	-7.194852e-009	-1.048201e-010	-4.235365e-011
2.480000e+001	1.571331e-006	1.811511e-006	2.678537e-007	1.000000e+000	-6.010023e-009	5.568243e-010	0.000000e+000	0.000000e+000	6.909960e-011	-5.384099e-009	-7.839118e-011	-3.222574e-011
2.490000e+001	1.168357e-006	1.347897e-006	2.024060e-007	1.000000e+000	-4.494832e-009	4.194987e-010	0.000000e+000	0.000000e+000	5.165391e-011	-4.023679e-009	-5.854886e-011	-2.447798e-011
2.500000e+001	8.678036e-007	1.001843e-006	1.527323e-007	1.000000e+000	-3.357239e-009	3.155186e-010	0.000000e+000	0.000000e+000	3.856303e-011	-3.003157e-009	-4.367400e-011	-1.856254e-011
2.510000e+001	6.439094e-007	7.438550e-007	1.150914e-007	1.000000e+000	-2.504420e-009	2.369379e-010	0.000000e+000	0.000000e+000	2.875436e-011	-2.238727e-009	-3.253901e-011	-1.405452e-011
2.520000e+001	4.773131e-007	5.517492e-007	8.661256e-008	1.000000e+000	-1.865999e-009	1.776607e-010	0.000000e+000	0.000000e+000	2.141528e-011	-1.666923e-009	-2.421503e-011	-1.062520e-011
2.530000e+001	3.534877e-007	4.088626e-007	6.509761e-008	1.000000e+000	-1.388727e-009	1.330225e-010	0.000000e+000	0.000000e+000	1.593137e-011	-1.239773e-009	-1.800056e-011	-8.020940e-012
2.540000e+001	2.615495e-007	3.026998e-007	4.886694e-008	1.000000e+000	-1.032392e-009	9.946348e-011	0.000000e+000	0.000000e+000	1.183893e-011	-9.210900e-010	-1.336681e-011	-6.046506e-012
2.550000e+001	1.933560e-007	2.239039e-007	3.663953e-008	1.000000e+000	-7.666813e-010	7.427350e-011	0.000000e+000	0.000000e+000	8.788641e-012	-6.836191e-010	-9.915822e-012	-4.551946e-012
2.560000e+001	1.428237e-007	1.654784e-007	2.744020e-008	1.000000e+000	-5.687821e-010	5.539375e-011	0.000000e+000	0.000000e+000	6.517769e-012	-5.068706e-010	-7.348649e-012	-3.422352e-012
2.570000e+001	1.054134e-007	1.221984e-007	2.052790e-008	1.000000e+000	-4.215566e-010	4.126369e-011	0.000000e+000	0.000000e+000	4.829054e-012	-3.754639e-010	-5.441030e-012	-2.569849e-012
2.580000e+001	7.774234e-008	9.016710e-008	1.534044e-008	1.000000e+000	-3.121489e-010	3.070281e-011	0.000000e+000	0.000000e+000	3.574603e-012	-2.778715e-010	-4.024999e-012	-1.927372e-012
2.590000e+001	5.729259e-008	6.648167e-008	1.145205e-008	1.000000e+000	-2.309298e-010	2.281981e-011	0.000000e+000	0.000000e+000	2.643699e-012	-2.054662e-010	-2.974933e-012	-1.443834e-012
2.600000e+001	4.219204e-008	4.898235e-008	8.540748e-009	1.000000e+000	-1.706968e-010	1.694300e-011	0.000000e+000	0.000000e+000	1.953574e-012	-1.518002e-010	-2.197000e-012	-1.080390e-012
2.610000e+001	3.105026e-008	3.606394e-008	6.363413e-009	1.000000e+000	-1.260704e-010	1.256700e-011	0.000000e+000	0.000000e+000	1.442433e-012	-1.120609e-010	-1.621207e-012	-8.075556e-013
2.620000e+001	2.283568e-008	2.653467e-008	4.736743e-009	1.000000e+000	-9.303719e-011	9.312235e-012	0.000000e+000	0.000000e+000	1.064200e-012	-8.266075e-011	-1.195406e-012	-6.029890e-013
2.630000e+001	1.678367e-008	1.951067e-008	3.522721e-009	1.000000e+000	-6.860716e-011	6.894054e-012	0.000000e+000	0.000000e+000	7.845588e-013	-6.092855e-011	-8.807935e-013	-4.497871e-013
2.640000e+001	1.232805e-008	1.433703e-008	2.617570e-009	1.000000e+000	-5.055502e-011	5.099293e-012	0.000000e+000	0.000000e+000	5.779828e-013	-4.487774e-011	-6.485245e-013	-3.351817e-013
2.650000e+001	9.049945e-009	1.052893e-008	1.943356e-009	1.000000e+000	-3.722657e-011	3.768559e-012	0.000000e+000	0.000000e+000	4.255036e-013	-3.303251e-011	-4.771819e-013	-2.495419e-013
2.660000e+001	6.639735e-009	7.727818e-009	1.441624e-009	1.000000e+000	-2.739348e-011	2.782821e-012	0.000000e+000	0.000000e+000	3.130414e-013	-2.429762e-011	-3.508793e-013	-1.856138e-013
2.670000e+001	4.868752e-009	5.668736e-009	1.068584e-009	1.000000e+000	-2.014456e-011	2.053306e-012	0.000000e+000	0.000000e+000	2.301555e-013	-1.786110e-011	-2.578447e-013	-1.379412e-013
2.680000e+001	3.568248e-009	4.156051e-009	7.914673e-010	1.000000e+000	-1.480455e-011	1.513889e-012	0.000000e+000	0.000000e+000	1.691111e-013	-1.312155e-011	-1.893632e-013	-1.024253e-013
2.690000e+001	2.613791e-009	3.045433e-009	5.857815e-010	1.000000e+000	-1.087350e-011	1.115370e-012	0.000000e+000	0.000000e+000	1.241835e-013	-9.633944e-012	-1.389886e-013	-7.599100e-014
2.700000e+001	1.913696e-009	2.230482e-009	4.332381e-010	1.000000e+000	-7.981596e-012	8.211839e-013	0.000000e+000	0.000000e+000	9.113931e-014	-7.069273e-012	-1.019573e-013	-5.633394e-014
2.710000e+001	1.400453e-009	1.632816e-009	3.201958e-010	1.000000e+000	-5.855522e-012	6.041847e-013	0.000000e+000	0.000000e+000	6.685087e-014	-5.184487e-012	-7.475179e-014	-4.172943e-014
2.720000e+001	1.024389e-009	1.194737e-009	2.364895e-010	1.000000e+000	-4.293442e-012	4.442402e-013	0.000000e+000	0.000000e+000	4.900903e-014	-3.800193e-012	-5.477691e-014	-3.088800e-014
2.730000e+001	7.489772e-010	8.737963e-010	1.745518e-010	1.000000e+000	-3.146429e-012	3.264339e-013	0.000000e+000	0.000000e+000	3.591047e-014	-2.784085e-012	-4.011936e-014	-2.284664e-014
2.740000e+001	5.473764e-010	6.387898e-010	1.287543e-010	1.000000e+000	-2.304681e-012	2.397242e-013	0.000000e+000	0.000000e+000	2.629963e-014	-2.038657e-012	-2.936964e-014	-1.688691e-014
2.750000e+001	3.998744e-010	4.667904e-010	9.491438e-011	1.000000e+000	-1.687297e-012	1.759450e-013	0.000000e+000	0.000000e+000	1.925172e-014	-1.492100e-012	-2.149012e-014	-1.247333e-014
2.760000e+001	2.920029e-010	3.409636e-010	6.992676e-011	1.000000e+000	-1.234717e-012	1.290624e-013	0.000000e+000	0.000000e+000	1.408600e-014	-1.091568e-012	-1.571742e-014	-9.207223e-015
2.770000e+001	2.131486e-010	2.489558e-010	5.148771e-011	1.000000e+000	-9.031202e-013	9.462132e-014	0.000000e+000	0.000000e+000	1.030175e-014	-7.981971e-013	-1.149035e-014	-6.791995e-015
2.780000e+001	1.555302e-010	1.817064e-010	3.788959e-011	1.000000e+000	-6.602868e-013	6.933503e-014	0.000000e+000	0.000000e+000	7.530882e-015	-5.834209e-013	-8.396544e-015	-5.007224e-015
2.790000e+001	1.134461e-010	1.325737e-010	2.786759e-011	1.000000e+000	-4.825418e-013	5.078072e-014	0.000000e+000	0.000000e+000	5.502990e-015	-4.262581e-013	-6.133237e-015	-3.689230e-015
2.800000e+001	8.272029e-011	9.669155e-011	2.048563e-011	1.000000e+000	-3.524997e-013	3.717363e-014	0.000000e+000	0.000000e+000	4.019532e-015	-3.113065e-013	-4.478231e-015	-2.716573e-015
2.810000e+001	6.029575e-011	7.049674e-011	1.505136e-011	1.000000e+000	-2.574007e-013	2.719996e-014	0.000000e+000	0.000000e+000	2.934824e-015	-2.272659e-013	-3.268561e-015	-1.999224e-015
2.820000e+001	4.393578e-011	5.138111e-011	1.105314e-011	1.000000e+000	-1.878857e-013	1.989325e-014	0.000000e+000	0.000000e+000	2.142021e-015	-1.658504e-013	-2.384764e-015	-1.470494e-015
2.830000e+001	3.200453e-011	3.743661e-011	8.113061e-012	1.000000e+000	-1.370933e-013	1.454299e-014	0.000000e+000	0.000000e+000	1.562810e-015	-1.209875e-013	-1.739314e-015	-1.081020e-015
2.840000e+001	2.330613e-011	2.726795e-011	5.952223e-012	1.000000e+000	-9.999585e-014	1.062720e-014	0.000000e+000	0.000000e+000	1.139814e-015	-8.822883e-014	-1.268118e-015	-7.942910e-016
2.850000e+001	1.696676e-011	1.985526e-011	4.364905e-012	1.000000e+000	-7.291155e-014	7.762599e-015	0.000000e+000	0.000000e+000	8.310220e-016	-6.431793e-014	-9.242615e-016	-5.833208e-016
2.860000e+001	1.234814e-011	1.445340e-011	3.199463e-012	1.000000e+000	-5.314520e-014	5.667928e-015	0.000000e+000	0.000000e+000	6.056841e-016	-4.687159e-014	-6.734238e-016	-4.281770e-016
2.870000e+001	8.984247e-012	1.051816e-011	2.344182e-012	1.000000e+000	-3.872484e-014	4.136909e-015	0.000000e+000	0.000000e+000	4.413057e-016	-3.414662e-014	-4.905065e-016	-3.141474e-016
2.880000e+001	6.534965e-012	7.652232e-012	1.716812e-012	1.000000e+000	-2.820834e-014	3.018335e-015	0.000000e+000	0.000000e+000	3.214379e-016	-2.486857e-014	-3.571643e-016	-2.303794e-016
2.890000e+001	4.752146e-012	5.565693e-012	1.256830e-012	1.000000e+000	-2.054150e-014	2.201425e-015	0.000000e+000	0.000000e+000	2.340576e-016	-1.810601e-014	-2.599935e-016	-1.688727e-016
2.900000e+001	3.454813e-012	4.047030e-012	9.197235e-013	1.000000e+000	-1.495399e-014	1.605057e-015	0.000000e+000	0.000000e+000	1.703808e-016	-1.317856e-014	-1.892047e-016	-1.237333e-016
2.910000e+001	2.511025e-012	2.942002e-012	6.727750e-013	1.000000e+000	-1.088321e-014	1.169853e-015	0.000000e+000	0.000000e+000	1.239923e-016	-9.589364e-015	-1.376512e-016	-9.062119e-017
2.920000e+001	1.824619e-012	2.138170e-012	4.919474e-013	1.000000e+000	-7.918358e-015	8.523769e-016	0.000000e+000	0.000000e+000	9.020870e-017	-6.975772e-015	-1.001176e-016	-6.634290e-017
2.930000e+001	1.325535e-012	1.553593e-012	3.595904e-013	1.000000e+000	-5.759639e-015	6.208625e-016	0.000000e+000	0.000000e+000	6.561235e-017	-5.073164e-015	-7.279929e-017	-4.854958e-017
2.940000e+001	9.627443e-013	1.128577e-012	2.627499e-013	1.000000e+000	-4.188331e-015	4.520922e-016	0.000000e+000	0.000000e+000	4.771002e-017	-3.688529e-015	-5.292161e-017	-3.551465e-017
2.950000e+001	6.990920e-013	8.196467e-013	1.919225e-013	1.000000e+000	-3.044918e-015	3.291019e-016	0.000000e+000	0.000000e+000	3.468357e-017	-2.681132e-015	-3.846196e-017	-2.596959e-017
2.960000e+001	5.075328e-013	5.951504e-013	1.401401e-013	1.000000e+000	-2.213107e-015	2.395022e-016	0.000000e+000	0.000000e+000	2.520758e-017	-1.948397e-015	-2.794638e-017	-1.898291e-017
2.970000e+001	3.683858e-013	4.320500e-013	1.022953e-013	1.000000e+000	-1.608142e-015	1.742480e-016	0.000000e+000	0.000000e+000	1.831619e-017	-1.415578e-015	-2.030105e-017	-1.387091e-017
2.980000e+001	2.673334e-013	3.135820e-013	7.464650e-014	1.000000e+000	-1.168274e-015	1.267387e-016	0.000000e+000	0.000000e+000	1.330572e-017	-1.028230e-015	-1.474392e-017	-1.013201e-017
2.990000e+001	1.939624e-013	2.275519e-013	5.445370e-014	1.000000e+000	-8.485283e-016	9.215891e-017	0.000000e+000	0.000000e+000	9.663708e-018	-7.467056e-016	-1.070562e-017	-7.398411e-018
3.000000e+001	1.407013e-013	1.650915e-013	3.971121e-014	1.000000e+000	-6.161578e-016	6.699696e-017	0.000000e+000	0.000000e+000	7.017046e-018	-5.421438e-016	-7.771735e-018	-5.400548e-018
3.010000e+001	1.020464e-013	1.197529e-013	2.895141e-014	1.000000e+000	-4.473262e-016	4.869293e-017	0.000000e+000	0.000000e+000	5.094159e-018	-3.935391e-016	-5.640711e-018	-3.940917e-018
3.020000e+001	7.399764e-014	8.684935e-014	2.110089e-014	1.000000e+000	-3.246879e-016	3.538123e-017	0.000000e+000	0.000000e+000	3.697438e-018	-2.856092e-016	-4.093191e-018	-2.874885e-018
3.030000e+001	5.364895e-014	6.297509e-014	1.537480e-014	1.000000e+000	-2.356241e-016	2.570271e-017	0.000000e+000	0.000000e+000	2.683132e-018	-2.072383e-016	-2.969647e-018	-2.096578e-018
3.040000e+001	3.888926e-014	4.565567e-014	1.119950e-014	1.000000e+000	-1.709573e-016	1.866754e-017	0.000000e+000	0.000000e+000	1.946696e-018	-1.503431e-016	-2.154095e-018	-1.528524e-018
3.050000e+001	2.818547e-014	3.309378e-014	8.155891e-015	1.000000e+000	-1.240145e-016	1.355501e-017	0.000000e+000	0.000000e+000	1.412121e-018	-1.090473e-016	-1.562227e-018	-1.114057e-018
3.060000e+001	2.042443e-014	2.398423e-014	5.937870e-015	1.000000e+000	-8.994478e-017	9.840566e-018	0.000000e+000	0.000000e+000	1.024154e-018	-7.908006e-017	-1.132779e-018	-8.117453e-019
3.070000e+001	1.479809e-014	1.737940e-014	4.321946e-015	1.000000e+000	-6.522300e-017	7.142503e-018	0.000000e+000	0.000000e+000	7.426436e-019	-5.733786e-017	-8.212390e-019	-5.913062e-019
3.080000e+001	1.071998e-014	1.259144e-014	3.144996e-015	1.000000e+000	-4.728777e-017	5.183144e-018	0.000000e+000	0.000000e+000	5.384180e-019	-4.156621e-017	-5.952780e-019	-4.306143e-019
3.090000e+001	7.764559e-015	9.121137e-015	2.287997e-015	1.000000e+000	-3.427854e-017	3.760547e-018	0.000000e+000	0.000000e+000	3.902875e-019	-3.012770e-017	-4.314175e-019	-3.135095e-019
3.100000e+001	5.623101e-015	6.606292e-015	1.664133e-015	1.000000e+000	-2.484409e-017	2.727885e-018	0.000000e+000	0.000000e+000	2.828640e-019	-2.183334e-017	-3.126118e-019	-2.281928e-019
3.110000e+001	4.071673e-015	4.784133e-015	1.210098e-015	1.000000e+000	-1.800334e-017	1.978430e-018	0.000000e+000	0.000000e+000	2.049748e-019	-1.581994e-017	-2.264876e-019	-1.660524e-019
3.120000e+001	2.947877e-015	3.464073e-015	8.797421e-016	1.000000e+000	-1.304410e-017	1.434620e-018	0.000000e+000	0.000000e+000	1.485097e-019	-1.146097e-017	-1.640653e-019	-1.208044e-019
3.130000e+001	2.133962e-015	2.507903e-015	6.394325e-016	1.000000e+000	-9.449489e-018	1.040105e-018	0.000000e+000	0.000000e+000	1.075828e-019	-8.301801e-018	-1.188295e-019	-8.786533e-020
3.140000e+001	1.544567e-015	1.815415e-015	4.646660e-016	1.000000e+000	-6.844426e-018	7.539507e-019	0.000000e+000	0.000000e+000	7.792302e-020	-6.012552e-018	-8.605344e-020	-6.389280e-020
3.150000e+001	1.117817e-015	1.313965e-015	3.375951e-016	1.000000e+000	-4.956808e-018	5.464327e-019	0.000000e+000	0.000000e+000	5.643201e-020	-4.353943e-018	-6.230898e-020	-4.645027e-020
3.160000e+001	8.088719e-016	9.509031e-016	2.452238e-016	1.000000e+000	-3.589262e-018	3.959680e-019	0.000000e+000	0.000000e+000	4.086239e-020	-3.152432e-018	-4.511001e-020	-3.376207e-020
3.170000e+001	5.852423e-016	6.880728e-016	1.780913e-016	1.000000e+000	-2.598650e-018	2.868897e-019	0.000000e+000	0.000000e+000	2.958434e-020	-2.282176e-018	-3.265402e-020	-2.453446e-020
3.180000e+001	4.233891e-016	4.978283e-016	1.293117e-016	1.000000e+000	-1.881185e-018	2.078276e-019	0.000000e+000	0.000000e+000	2.141616e-020	-1.651941e-018	-2.363433e-020	-1.782514e-020
3.190000e+001	3.062619e-016	3.601415e-016	9.387515e-017	1.000000e+000	-1.361626e-018	1.505312e-019	0.000000e+000	0.000000e+000	1.550116e-020	-1.195594e-018	-1.710387e-020	-1.294794e-020
3.200000e+001	2.215118e-016	2.605052e-016	6.813695e-017	1.000000e+000	-9.854353e-019	1.090151e-019	0.000000e+000	0.000000e+000	1.121840e-020	-8.652019e-019	-1.237631e-020	-9.403325e-021
