TIME          	MC CONC       	STS CONC      	HTS CONC      	SED CONC      	ADV dm/dt     	DISP dm/dt    	DECAY dm/dt   	SORPTION dm/dt	STORAGE dm/dt 	MC dm/dt      	STS dm/dt     	HTS dm/dt     
(hr)          	mg/L          	mg/L          	mg/L          	mg/L          	(mg/L)·(m²/s)  	(mg/L)·(m²/s)  	(mg/L)·(m²/s)  	(mg/L)·(m²/s)  	(mg/L)·(m²/s)  	(mg/L)·(m²/s)  	(mg/L)·(m²/s)  	(mg/L)·(m²/s)  
0.000000e+000	2.091981e-004	7.378484e-005	7.378484e-005	0.000000e+000	6.359808e-007	7.312066e-008	0.000000e+000	0.000000e+000	-3.895839e-008	6.701431e-007	5.590417e-024	0.000000e+000
1.000000e-001	2.091981e-004	7.378484e-005	7.378484e-005	1.000000e+000	6.359808e-007	7.312066e-008	0.000000e+000	0.000000e+000	-3.895839e-008	6.701431e-007	0.000000e+000	-8.157537e-026
2.000000e-001	2.091981e-004	7.378484e-005	7.378484e-005	1.000000e+000	6.359808e-007	7.312066e-008	0.000000e+000	0.000000e+000	-3.895839e-008	6.701431e-007	0.000000e+000	-8.157537e-026
3.000000e-001	2.091981e-004	7.378484e-005	7.378484e-005	1.000000e+000	6.359808e-007	7.312066e-008	0.000000e+000	0.000000e+000	-3.895839e-008	6.701431e-007	1.184609e-020	5.294242e-023
4.000000e-001	2.091981e-004	7.378484e-005	7.378484e-005	1.000000e+000	6.359808e-007	7.312066e-008	0.000000e+000	0.000000e+000	-3.895839e-008	6.701431e-007	1.742146e-017	1.149116e-019
5.000000e-001	2.091981e-004	7.378484e-005	7.378484e-005	1.000000e+000	6.359812e-007	7.312083e-008	0.000000e+000	0.000000e+000	-3.895840e-008	6.701436e-007	2.240813e-015	2.120640e-017
6.000000e-001	2.091987e-004	7.378498e-005	7.378484e-005	1.000000e+000	6.359898e-007	7.312464e-008	0.000000e+000	0.000000e+000	-3.895853e-008	6.701559e-007	6.359117e-014	8.384627e-016
7.000000e-001	2.092061e-004	7.378684e-005	7.378485e-005	1.000000e+000	6.360763e-007	7.315689e-008	0.000000e+000	0.000000e+000	-3.896013e-008	6.702730e-007	6.651849e-013	1.197871e-014
8.000000e-001	2.092506e-004	7.379899e-005	7.378494e-005	1.000000e+000	6.365058e-007	7.329073e-008	0.000000e+000	0.000000e+000	-3.896944e-008	6.708271e-007	3.483326e-012	8.461441e-014
9.000000e-001	2.094094e-004	7.384535e-005	7.378540e-005	1.000000e+000	6.377774e-007	7.361906e-008	0.000000e+000	0.000000e+000	-3.900179e-008	6.723947e-007	1.108225e-011	3.608500e-013
1.000000e+000	2.097926e-004	7.396335e-005	7.378694e-005	1.000000e+000	6.403257e-007	7.415802e-008	0.000000e+000	0.000000e+000	-3.907806e-008	6.754057e-007	2.435210e-011	1.061821e-012
1.100000e+000	2.104780e-004	7.418388e-005	7.379080e-005	1.000000e+000	6.441030e-007	7.480097e-008	0.000000e+000	0.000000e+000	-3.921182e-008	6.796922e-007	4.036735e-011	2.365996e-012
1.200000e+000	2.114492e-004	7.450770e-005	7.379840e-005	1.000000e+000	6.485099e-007	7.538834e-008	0.000000e+000	0.000000e+000	-3.939808e-008	6.845002e-007	5.374037e-011	4.269421e-012
1.300000e+000	2.125933e-004	7.490055e-005	7.381093e-005	1.000000e+000	6.527396e-007	7.580983e-008	0.000000e+000	0.000000e+000	-3.961419e-008	6.889352e-007	6.014003e-011	6.558638e-012
1.400000e+000	2.137548e-004	7.530934e-005	7.382892e-005	1.000000e+000	6.561832e-007	7.604467e-008	0.000000e+000	0.000000e+000	-3.983077e-008	6.923971e-007	5.853193e-011	8.910939e-012
1.500000e+000	2.148000e-004	7.568479e-005	7.385214e-005	1.000000e+000	6.586088e-007	7.613570e-008	0.000000e+000	0.000000e+000	-4.002344e-008	6.947211e-007	5.084266e-011	1.103106e-011
1.600000e+000	2.156513e-004	7.599600e-005	7.387984e-005	1.000000e+000	6.600999e-007	7.614390e-008	0.000000e+000	0.000000e+000	-4.017884e-008	6.960650e-007	4.021479e-011	1.273759e-011
1.700000e+000	2.162898e-004	7.623290e-005	7.391095e-005	1.000000e+000	6.608953e-007	7.611837e-008	0.000000e+000	0.000000e+000	-4.029438e-008	6.967193e-007	2.942792e-011	1.397630e-011
1.800000e+000	2.167367e-004	7.640087e-005	7.394442e-005	1.000000e+000	6.612507e-007	7.608757e-008	0.000000e+000	0.000000e+000	-4.037463e-008	6.969636e-007	2.018074e-011	1.478586e-011
1.900000e+000	2.170320e-004	7.651310e-005	7.397936e-005	1.000000e+000	6.613674e-007	7.606327e-008	0.000000e+000	0.000000e+000	-4.042728e-008	6.970034e-007	1.311029e-011	1.525106e-011
2.000000e+000	2.172178e-004	7.658447e-005	7.401507e-005	1.000000e+000	6.613753e-007	7.604767e-008	0.000000e+000	0.000000e+000	-4.046021e-008	6.969628e-007	8.146517e-012	1.546569e-011
2.100000e+000	2.173303e-004	7.662807e-005	7.405107e-005	1.000000e+000	6.613461e-007	7.603910e-008	0.000000e+000	0.000000e+000	-4.048002e-008	6.969052e-007	4.888051e-012	1.551147e-011
2.200000e+000	2.173963e-004	7.665392e-005	7.408704e-005	1.000000e+000	6.613129e-007	7.603509e-008	0.000000e+000	0.000000e+000	-4.049158e-008	6.968564e-007	2.862576e-012	1.545055e-011
2.300000e+000	2.174344e-004	7.666897e-005	7.412279e-005	1.000000e+000	6.612876e-007	7.603366e-008	0.000000e+000	0.000000e+000	-4.049820e-008	6.968230e-007	1.659174e-012	1.532594e-011
2.400000e+000	2.174562e-004	7.667771e-005	7.415821e-005	1.000000e+000	6.612720e-007	7.603352e-008	0.000000e+000	0.000000e+000	-4.050197e-008	6.968036e-007	9.707667e-013	1.516539e-011
2.500000e+000	2.174689e-004	7.668290e-005	7.419323e-005	1.000000e+000	6.612646e-007	7.603394e-008	0.000000e+000	0.000000e+000	-4.050415e-008	6.967944e-007	5.892715e-013	1.498585e-011
2.600000e+000	2.174768e-004	7.668614e-005	7.422781e-005	1.000000e+000	6.612627e-007	7.603457e-008	0.000000e+000	0.000000e+000	-4.050546e-008	6.967918e-007	3.833124e-013	1.479718e-011
2.700000e+000	2.174820e-004	7.668835e-005	7.426196e-005	1.000000e+000	6.612645e-007	7.603525e-008	0.000000e+000	0.000000e+000	-4.050633e-008	6.967934e-007	2.743420e-013	1.460491e-011
2.800000e+000	2.174858e-004	7.669000e-005	7.429565e-005	1.000000e+000	6.612683e-007	7.603593e-008	0.000000e+000	0.000000e+000	-4.050695e-008	6.967972e-007	2.174085e-013	1.441205e-011
2.900000e+000	2.174889e-004	7.669137e-005	7.432890e-005	1.000000e+000	6.612732e-007	7.603659e-008	0.000000e+000	0.000000e+000	-4.050745e-008	6.968023e-007	1.876983e-013	1.422016e-011
3.000000e+000	2.174917e-004	7.669259e-005	7.436171e-005	1.000000e+000	6.612787e-007	7.603722e-008	0.000000e+000	0.000000e+000	-4.050789e-008	6.968081e-007	1.719243e-013	1.403003e-011
3.100000e+000	2.174942e-004	7.669373e-005	7.439408e-005	1.000000e+000	6.612845e-007	7.603783e-008	0.000000e+000	0.000000e+000	-4.050830e-008	6.968141e-007	1.631541e-013	1.384207e-011
3.200000e+000	2.174966e-004	7.669482e-005	7.442601e-005	1.000000e+000	6.612904e-007	7.603844e-008	0.000000e+000	0.000000e+000	-4.050868e-008	6.968202e-007	1.578508e-013	1.365644e-011
3.300000e+000	2.174990e-004	7.669589e-005	7.445752e-005	1.000000e+000	6.612964e-007	7.603902e-008	0.000000e+000	0.000000e+000	-4.050906e-008	6.968263e-007	1.542451e-013	1.347320e-011
3.400000e+000	2.175013e-004	7.669693e-005	7.448860e-005	1.000000e+000	6.613022e-007	7.603960e-008	0.000000e+000	0.000000e+000	-4.050942e-008	6.968324e-007	1.514668e-013	1.329238e-011
3.500000e+000	2.175036e-004	7.669795e-005	7.451926e-005	1.000000e+000	6.613081e-007	7.604017e-008	0.000000e+000	0.000000e+000	-4.050978e-008	6.968384e-007	1.490945e-013	1.311397e-011
3.600000e+000	2.175058e-004	7.669896e-005	7.454952e-005	1.000000e+000	6.613138e-007	7.604073e-008	0.000000e+000	0.000000e+000	-4.051014e-008	6.968444e-007	1.469266e-013	1.293794e-011
3.700000e+000	2.175080e-004	7.669996e-005	7.457936e-005	1.000000e+000	6.613195e-007	7.604128e-008	0.000000e+000	0.000000e+000	-4.051049e-008	6.968503e-007	1.448679e-013	1.276427e-011
3.800000e+000	2.175102e-004	7.670094e-005	7.460881e-005	1.000000e+000	6.613251e-007	7.604183e-008	0.000000e+000	0.000000e+000	-4.051083e-008	6.968561e-007	1.428737e-013	1.259293e-011
3.900000e+000	2.175124e-004	7.670191e-005	7.463786e-005	1.000000e+000	6.613306e-007	7.604237e-008	0.000000e+000	0.000000e+000	-4.051117e-008	6.968618e-007	1.409232e-013	1.242389e-011
4.000000e+000	2.175145e-004	7.670286e-005	7.466652e-005	1.000000e+000	6.613361e-007	7.604290e-008	0.000000e+000	0.000000e+000	-4.051151e-008	6.968675e-007	1.390067e-013	1.225712e-011
4.100000e+000	2.175166e-004	7.670380e-005	7.469480e-005	1.000000e+000	6.613414e-007	7.604342e-008	0.000000e+000	0.000000e+000	-4.051184e-008	6.968730e-007	1.371195e-013	1.209258e-011
4.200000e+000	2.175186e-004	7.670473e-005	7.472270e-005	1.000000e+000	6.613467e-007	7.604394e-008	0.000000e+000	0.000000e+000	-4.051216e-008	6.968785e-007	1.352594e-013	1.193025e-011
4.300000e+000	2.175207e-004	7.670565e-005	7.475022e-005	1.000000e+000	6.613520e-007	7.604445e-008	0.000000e+000	0.000000e+000	-4.051248e-008	6.968839e-007	1.334252e-013	1.177010e-011
4.400000e+000	2.175227e-004	7.670655e-005	7.477737e-005	1.000000e+000	6.613571e-007	7.604495e-008	0.000000e+000	0.000000e+000	-4.051280e-008	6.968893e-007	1.316162e-013	1.161210e-011
4.500000e+000	2.175247e-004	7.670744e-005	7.480416e-005	1.000000e+000	6.613622e-007	7.604544e-008	0.000000e+000	0.000000e+000	-4.051311e-008	6.968946e-007	1.298318e-013	1.145622e-011
4.600000e+000	2.175266e-004	7.670832e-005	7.483059e-005	1.000000e+000	6.613673e-007	7.604593e-008	0.000000e+000	0.000000e+000	-4.051342e-008	6.968998e-007	1.280716e-013	1.130243e-011
4.700000e+000	2.175285e-004	7.670919e-005	7.485666e-005	1.000000e+000	6.613722e-007	7.604641e-008	0.000000e+000	0.000000e+000	-4.051373e-008	6.969049e-007	1.263353e-013	1.115070e-011
4.800000e+000	2.175304e-004	7.671004e-005	7.488239e-005	1.000000e+000	6.613771e-007	7.604689e-008	0.000000e+000	0.000000e+000	-4.051403e-008	6.969100e-007	1.246226e-013	1.100101e-011
4.900000e+000	2.175323e-004	7.671089e-005	7.490777e-005	1.000000e+000	6.613819e-007	7.604736e-008	0.000000e+000	0.000000e+000	-4.051432e-008	6.969149e-007	1.229331e-013	1.085333e-011
5.000000e+000	2.175342e-004	7.671172e-005	7.493281e-005	1.000000e+000	6.613867e-007	7.604782e-008	0.000000e+000	0.000000e+000	-4.051462e-008	6.969199e-007	1.212665e-013	1.070763e-011
5.100000e+000	2.175360e-004	7.671254e-005	7.495751e-005	1.000000e+000	6.613914e-007	7.604827e-008	0.000000e+000	0.000000e+000	-4.051490e-008	6.969247e-007	1.196055e-013	1.056389e-011
5.200000e+000	2.175378e-004	7.671335e-005	7.498188e-005	1.000000e+000	6.613955e-007	7.604849e-008	0.000000e+000	0.000000e+000	-4.051518e-008	6.969289e-007	1.149589e-013	1.042205e-011
5.300000e+000	2.175386e-004	7.671394e-005	7.500592e-005	1.000000e+000	6.613866e-007	7.604285e-008	0.000000e+000	0.000000e+000	-4.051526e-008	6.969142e-007	1.687922e-014	1.028089e-011
5.400000e+000	2.175283e-004	7.671170e-005	7.502963e-005	1.000000e+000	6.612488e-007	7.598997e-008	0.000000e+000	0.000000e+000	-4.051293e-008	6.967259e-007	-9.771536e-013	1.012475e-011
5.500000e+000	2.174574e-004	7.669261e-005	7.505288e-005	1.000000e+000	6.605588e-007	7.577679e-008	0.000000e+000	0.000000e+000	-4.049804e-008	6.958375e-007	-5.527274e-012	9.869865e-012
5.600000e+000	2.172110e-004	7.662041e-005	7.507523e-005	1.000000e+000	6.586223e-007	7.529073e-008	0.000000e+000	0.000000e+000	-4.044791e-008	6.934651e-007	-1.696405e-011	9.300741e-012
5.700000e+000	2.166355e-004	7.644288e-005	7.509560e-005	1.000000e+000	6.548187e-007	7.447601e-008	0.000000e+000	0.000000e+000	-4.033340e-008	6.889613e-007	-3.654681e-011	8.109553e-012
5.800000e+000	2.155304e-004	7.609503e-005	7.511213e-005	1.000000e+000	6.480675e-007	7.304952e-008	0.000000e+000	0.000000e+000	-4.011556e-008	6.810014e-007	-6.852776e-011	5.916222e-012
5.900000e+000	2.134401e-004	7.543960e-005	7.512171e-005	1.000000e+000	6.350851e-007	7.014476e-008	0.000000e+000	0.000000e+000	-3.970274e-008	6.655271e-007	-1.312834e-010	1.913447e-012
6.000000e+000	2.093600e-004	7.416291e-005	7.511822e-005	1.000000e+000	6.095913e-007	6.453438e-008	0.000000e+000	0.000000e+000	-3.889621e-008	6.352295e-007	-2.560637e-010	-5.750163e-012
6.100000e+000	2.017729e-004	7.175783e-005	7.508985e-005	1.000000e+000	5.648411e-007	5.558446e-008	0.000000e+000	0.000000e+000	-3.740533e-008	5.830202e-007	-4.627478e-010	-2.005610e-011
6.200000e+000	1.893210e-004	6.771849e-005	7.501758e-005	1.000000e+000	4.991056e-007	4.429515e-008	0.000000e+000	0.000000e+000	-3.498503e-008	5.084157e-007	-7.263963e-010	-4.393464e-011
6.300000e+000	1.718754e-004	6.190248e-005	7.487769e-005	1.000000e+000	4.200897e-007	3.336639e-008	0.000000e+000	0.000000e+000	-3.163921e-008	4.218169e-007	-9.672020e-010	-7.810039e-011
6.400000e+000	1.512426e-004	5.481728e-005	7.464918e-005	1.000000e+000	3.439825e-007	2.600905e-008	0.000000e+000	0.000000e+000	-2.774157e-008	3.422500e-007	-1.082576e-009	-1.193722e-010
6.500000e+000	1.309043e-004	4.759451e-005	7.432296e-005	1.000000e+000	2.891940e-007	2.438149e-008	0.000000e+000	0.000000e+000	-2.396823e-008	2.896073e-007	-1.000784e-009	-1.608839e-010
6.600000e+000	1.148243e-004	4.162334e-005	7.390815e-005	1.000000e+000	2.682147e-007	2.847324e-008	0.000000e+000	0.000000e+000	-2.105993e-008	2.756281e-007	-7.228680e-010	-1.943287e-010
6.700000e+000	1.058033e-004	3.799049e-005	7.343160e-005	1.000000e+000	2.809692e-007	3.574795e-008	0.000000e+000	0.000000e+000	-1.950976e-008	2.972074e-007	-3.358962e-010	-2.133271e-010
6.800000e+000	1.040531e-004	3.695178e-005	7.292960e-005	1.000000e+000	3.127621e-007	4.191636e-008	0.000000e+000	0.000000e+000	-1.930506e-008	3.353734e-007	1.108072e-011	-2.165577e-010
6.900000e+000	1.068168e-004	3.771673e-005	7.243416e-005	1.000000e+000	3.400092e-007	4.313328e-008	0.000000e+000	0.000000e+000	-1.988009e-008	3.632624e-007	1.746233e-010	-2.089712e-010
7.000000e+000	1.096331e-004	3.878686e-005	7.196021e-005	1.000000e+000	3.429817e-007	3.847109e-008	0.000000e+000	0.000000e+000	-2.038246e-008	3.610703e-007	1.026796e-010	-1.996770e-010
7.100000e+000	1.086783e-004	3.873713e-005	7.150120e-005	1.000000e+000	3.165360e-007	3.022885e-008	0.000000e+000	0.000000e+000	-2.012208e-008	3.266428e-007	-1.339062e-010	-1.972135e-010
7.200000e+000	1.025040e-004	3.689588e-005	7.103564e-005	1.000000e+000	2.698972e-007	2.178564e-008	0.000000e+000	0.000000e+000	-1.887545e-008	2.728074e-007	-4.000764e-010	-2.054941e-010
7.300000e+000	9.209625e-005	3.347288e-005	7.053933e-005	1.000000e+000	2.179338e-007	1.544816e-008	0.000000e+000	0.000000e+000	-1.686594e-008	2.165160e-007	-5.846264e-010	-2.231104e-010
7.400000e+000	7.973270e-005	2.921280e-005	6.999557e-005	1.000000e+000	1.727499e-007	1.185236e-008	0.000000e+000	0.000000e+000	-1.453457e-008	1.700677e-007	-6.443043e-010	-2.454796e-010
7.500000e+000	6.766593e-005	2.492847e-005	6.939922e-005	1.000000e+000	1.397153e-007	1.032152e-008	0.000000e+000	0.000000e+000	-1.229557e-008	1.377412e-007	-5.989864e-010	-2.676783e-010
7.600000e+000	5.727244e-005	2.116470e-005	6.875487e-005	1.000000e+000	1.179398e-007	9.764473e-009	0.000000e+000	0.000000e+000	-1.038820e-008	1.173160e-007	-5.003095e-010	-2.864548e-010
7.700000e+000	4.908840e-005	1.814879e-005	6.807226e-005	1.000000e+000	1.056248e-007	1.015896e-008	0.000000e+000	0.000000e+000	-8.901327e-009	1.068825e-007	-3.807336e-010	-3.004994e-010
7.800000e+000	4.371649e-005	1.606634e-005	6.736343e-005	1.000000e+000	1.064447e-007	1.306517e-008	0.000000e+000	0.000000e+000	-7.954948e-009	1.115549e-007	-2.193111e-010	-3.087675e-010
7.900000e+000	4.251035e-005	1.534504e-005	6.664437e-005	1.000000e+000	1.282339e-007	1.977465e-008	0.000000e+000	0.000000e+000	-7.815459e-009	1.401931e-007	2.205661e-011	-3.087809e-010
8.000000e+000	4.693975e-005	1.651812e-005	6.593793e-005	1.000000e+000	1.741099e-007	2.943007e-008	0.000000e+000	0.000000e+000	-8.752305e-009	1.947877e-007	3.282075e-010	-2.974678e-010
8.100000e+000	5.789984e-005	1.991220e-005	6.527267e-005	1.000000e+000	2.464274e-007	4.368662e-008	0.000000e+000	0.000000e+000	-1.092904e-008	2.791850e-007	6.884382e-010	-2.730338e-010
8.200000e+000	8.137209e-005	2.702808e-005	6.468559e-005	1.000000e+000	4.146748e-007	8.928145e-008	0.000000e+000	0.000000e+000	-1.563477e-008	4.883215e-007	1.590613e-009	-2.266681e-010
8.300000e+000	1.492167e-004	4.683556e-005	6.427549e-005	1.000000e+000	9.603881e-007	2.438444e-007	0.000000e+000	0.000000e+000	-2.945507e-008	1.174777e-006	4.830865e-009	-1.049744e-010
8.400000e+000	3.416307e-004	1.042644e-004	6.436879e-005	1.000000e+000	2.394422e-006	5.992814e-007	0.000000e+000	0.000000e+000	-6.829029e-008	2.925414e-006	1.299856e-008	2.401395e-010
8.500000e+000	7.694851e-004	2.372637e-004	6.573887e-005	1.000000e+000	5.137398e-006	1.165389e-006	0.000000e+000	0.000000e+000	-1.531201e-007	6.149666e-006	2.681243e-008	1.032442e-009
8.600000e+000	1.507908e-003	4.759041e-004	6.965089e-005	1.000000e+000	9.116083e-006	1.831961e-006	0.000000e+000	0.000000e+000	-2.969076e-007	1.065114e-005	4.318492e-008	2.445319e-009
8.700000e+000	2.536510e-003	8.196127e-004	7.757505e-005	1.000000e+000	1.371838e-005	2.440648e-006	0.000000e+000	0.000000e+000	-4.939515e-007	1.566508e-005	5.672951e-008	4.466473e-009
8.800000e+000	3.739645e-003	1.233091e-003	9.070249e-005	1.000000e+000	1.813594e-005	2.882370e-006	0.000000e+000	0.000000e+000	-7.211354e-007	2.029717e-005	6.318704e-008	6.876266e-009
8.900000e+000	4.960166e-003	1.662569e-003	1.095634e-004	1.000000e+000	2.175550e-005	3.134763e-006	0.000000e+000	0.000000e+000	-9.487188e-007	2.394155e-005	6.153462e-008	9.347850e-009
9.000000e+000	6.061388e-003	2.057911e-003	1.339367e-004	1.000000e+000	2.433143e-005	3.237553e-006	0.000000e+000	0.000000e+000	-1.151800e-006	2.641718e-005	5.364240e-008	1.158079e-008
9.100000e+000	6.962117e-003	2.386923e-003	1.630232e-004	1.000000e+000	2.593036e-005	3.249630e-006	0.000000e+000	0.000000e+000	-1.316283e-006	2.786371e-005	4.260199e-008	1.338610e-008
9.200000e+000	7.639312e-003	2.638127e-003	1.957348e-004	1.000000e+000	2.678014e-005	3.220268e-006	0.000000e+000	0.000000e+000	-1.438841e-006	2.856156e-005	3.120852e-008	1.470125e-008
9.300000e+000	8.111470e-003	2.815824e-003	2.309569e-004	1.000000e+000	2.713638e-005	3.179876e-006	0.000000e+000	0.000000e+000	-1.523557e-006	2.879270e-005	2.124300e-008	1.555883e-008
9.400000e+000	8.417694e-003	2.932796e-003	2.677173e-004	1.000000e+000	2.720868e-005	3.142610e-006	0.000000e+000	0.000000e+000	-1.578005e-006	2.877328e-005	1.344715e-008	1.604164e-008
9.500000e+000	8.601376e-003	3.004204e-003	3.052570e-004	1.000000e+000	2.714018e-005	3.112868e-006	0.000000e+000	0.000000e+000	-1.610306e-006	2.864274e-005	7.841056e-009	1.624550e-008
9.600000e+000	8.700958e-003	3.043924e-003	3.430318e-004	1.000000e+000	2.701611e-005	3.090454e-006	0.000000e+000	0.000000e+000	-1.627528e-006	2.847903e-005	4.079182e-009	1.625721e-008
9.700000e+000	8.746278e-003	3.062966e-003	3.806790e-004	1.000000e+000	2.687969e-005	3.073292e-006	0.000000e+000	0.000000e+000	-1.635089e-006	2.831789e-005	1.697239e-009	1.614522e-008
9.800000e+000	8.758363e-003	3.069216e-003	4.179714e-004	1.000000e+000	2.674886e-005	3.059502e-006	0.000000e+000	0.000000e+000	-1.636768e-006	2.817159e-005	2.632184e-010	1.595837e-008
9.900000e+000	8.751286e-003	3.067984e-003	4.547758e-004	1.000000e+000	2.663159e-005	3.048648e-006	0.000000e+000	0.000000e+000	-1.635086e-006	2.804515e-005	-5.391839e-010	1.572942e-008
1.000000e+001	8.734461e-003	3.062822e-003	4.910216e-004	1.000000e+000	2.653281e-005	3.040681e-006	0.000000e+000	0.000000e+000	-1.631731e-006	2.794176e-005	-9.193506e-010	1.548018e-008
1.010000e+001	8.713880e-003	3.056029e-003	5.266791e-004	1.000000e+000	2.645211e-005	3.034391e-006	0.000000e+000	0.000000e+000	-1.627764e-006	2.785874e-005	-1.043810e-009	1.522466e-008
1.020000e+001	8.692568e-003	3.048838e-003	5.617436e-004	1.000000e+000	2.638295e-005	3.028082e-006	0.000000e+000	0.000000e+000	-1.623701e-006	2.778733e-005	-1.056050e-009	1.497032e-008
1.030000e+001	8.671471e-003	3.041685e-003	5.962216e-004	1.000000e+000	2.631868e-005	3.021342e-006	0.000000e+000	0.000000e+000	-1.619689e-006	2.772033e-005	-1.040186e-009	1.471974e-008
1.040000e+001	8.650944e-003	3.034701e-003	6.301226e-004	1.000000e+000	2.625900e-005	3.015440e-006	0.000000e+000	0.000000e+000	-1.615793e-006	2.765864e-005	-1.002288e-009	1.447364e-008
1.050000e+001	8.631906e-003	3.028158e-003	6.634586e-004	1.000000e+000	2.621029e-005	3.012169e-006	0.000000e+000	0.000000e+000	-1.612198e-006	2.761026e-005	-9.031304e-010	1.423360e-008
1.060000e+001	8.615972e-003	3.022591e-003	6.962471e-004	1.000000e+000	2.618032e-005	3.012346e-006	0.000000e+000	0.000000e+000	-1.609216e-006	2.758345e-005	-7.151657e-010	1.400273e-008
1.070000e+001	8.604689e-003	3.018565e-003	7.285132e-004	1.000000e+000	2.617188e-005	3.015162e-006	0.000000e+000	0.000000e+000	-1.607128e-006	2.757991e-005	-4.589974e-010	1.378428e-008
1.080000e+001	8.598513e-003	3.016328e-003	7.602880e-004	1.000000e+000	2.617912e-005	3.018253e-006	0.000000e+000	0.000000e+000	-1.605995e-006	2.759138e-005	-2.060226e-010	1.357955e-008
1.090000e+001	8.596041e-003	3.015513e-003	7.916014e-004	1.000000e+000	2.618713e-005	3.018378e-006	0.000000e+000	0.000000e+000	-1.605518e-006	2.759999e-005	-5.884423e-011	1.338617e-008
1.100000e+001	8.594227e-003	3.015130e-003	8.224730e-004	1.000000e+000	2.617989e-005	3.014215e-006	0.000000e+000	0.000000e+000	-1.605106e-006	2.758900e-005	-8.031269e-011	1.319804e-008
1.110000e+001	8.590523e-003	3.014195e-003	8.529077e-004	1.000000e+000	2.615682e-005	3.009240e-006	0.000000e+000	0.000000e+000	-1.604309e-006	2.756175e-005	-1.948023e-010	1.300922e-008
1.120000e+001	8.585569e-003	3.012701e-003	8.829022e-004	1.000000e+000	2.613901e-005	3.009410e-006	0.000000e+000	0.000000e+000	-1.603314e-006	2.754511e-005	-2.117987e-010	1.281968e-008
1.130000e+001	8.583149e-003	3.011824e-003	9.124621e-004	1.000000e+000	2.615092e-005	3.016822e-006	0.000000e+000	0.000000e+000	-1.602870e-006	2.756487e-005	-9.575437e-012	1.263648e-008
1.140000e+001	8.586736e-003	3.012885e-003	9.416118e-004	1.000000e+000	2.619547e-005	3.027204e-006	0.000000e+000	0.000000e+000	-1.603597e-006	2.761908e-005	3.262925e-010	1.246741e-008
1.150000e+001	8.596256e-003	3.016105e-003	9.703872e-004	1.000000e+000	2.625217e-005	3.034694e-006	0.000000e+000	0.000000e+000	-1.605409e-006	2.768146e-005	5.919300e-010	1.231359e-008
1.160000e+001	8.608557e-003	3.020522e-003	9.988176e-004	1.000000e+000	2.629908e-005	3.037662e-006	0.000000e+000	0.000000e+000	-1.607678e-006	2.772907e-005	6.730989e-010	1.216904e-008
1.170000e+001	8.620548e-003	3.024984e-003	1.026916e-003	1.000000e+000	2.633128e-005	3.038915e-006	0.000000e+000	0.000000e+000	-1.609844e-006	2.776035e-005	6.250388e-010	1.202677e-008
1.180000e+001	8.631408e-003	3.029049e-003	1.054683e-003	1.000000e+000	2.635899e-005	3.041855e-006	0.000000e+000	0.000000e+000	-1.611799e-006	2.778905e-005	5.766776e-010	1.188410e-008
1.190000e+001	8.642346e-003	3.033040e-003	1.082121e-003	1.000000e+000	2.639467e-005	3.047751e-006	0.000000e+000	0.000000e+000	-1.613797e-006	2.782862e-005	6.094236e-010	1.174297e-008
1.200000e+001	8.655000e-003	3.037536e-003	1.109235e-003	1.000000e+000	2.644346e-005	3.055683e-006	0.000000e+000	0.000000e+000	-1.616144e-006	2.788300e-005	7.181968e-010	1.160683e-008
1.210000e+001	8.670123e-003	3.042874e-003	1.136042e-003	1.000000e+000	2.650200e-005	3.063806e-006	0.000000e+000	0.000000e+000	-1.618960e-006	2.794685e-005	8.444177e-010	1.147760e-008
1.220000e+001	8.687078e-003	3.048921e-003	1.162555e-003	1.000000e+000	2.656054e-005	3.069850e-006	0.000000e+000	0.000000e+000	-1.622098e-006	2.800829e-005	9.130390e-010	1.135441e-008
1.230000e+001	8.703654e-003	3.055004e-003	1.188786e-003	1.000000e+000	2.660353e-005	3.071001e-006	0.000000e+000	0.000000e+000	-1.625117e-006	2.804942e-005	8.413325e-010	1.123314e-008
1.240000e+001	8.716245e-003	3.059933e-003	1.214731e-003	1.000000e+000	2.661358e-005	3.065313e-006	0.000000e+000	0.000000e+000	-1.627321e-006	2.805157e-005	5.699520e-010	1.110664e-008
1.250000e+001	8.721119e-003	3.062370e-003	1.240368e-003	1.000000e+000	2.658141e-005	3.053717e-006	0.000000e+000	0.000000e+000	-1.628022e-006	2.800710e-005	1.236986e-010	1.096699e-008
1.260000e+001	8.716348e-003	3.061494e-003	1.265661e-003	1.000000e+000	2.651325e-005	3.039839e-006	0.000000e+000	0.000000e+000	-1.626902e-006	2.792618e-005	-3.765892e-010	1.080948e-008
1.270000e+001	8.702942e-003	3.057468e-003	1.290567e-003	1.000000e+000	2.642831e-005	3.027950e-006	0.000000e+000	0.000000e+000	-1.624203e-006	2.783205e-005	-7.756011e-010	1.063533e-008
1.280000e+001	8.684535e-003	3.051422e-003	1.315056e-003	1.000000e+000	2.635040e-005	3.021211e-006	0.000000e+000	0.000000e+000	-1.620647e-006	2.775097e-005	-9.558066e-010	1.045154e-008
1.290000e+001	8.665954e-003	3.045009e-003	1.339116e-003	1.000000e+000	2.629811e-005	3.020345e-006	0.000000e+000	0.000000e+000	-1.617146e-006	2.770131e-005	-8.871694e-010	1.026811e-008
1.300000e+001	8.651216e-003	3.039726e-003	1.362760e-003	1.000000e+000	2.627665e-005	3.023299e-006	0.000000e+000	0.000000e+000	-1.614426e-006	2.768552e-005	-6.439190e-010	1.009399e-008
1.310000e+001	8.642024e-003	3.036328e-003	1.386015e-003	1.000000e+000	2.627806e-005	3.027061e-006	0.000000e+000	0.000000e+000	-1.612759e-006	2.769236e-005	-3.556873e-010	9.933560e-009
1.320000e+001	8.637922e-003	3.034764e-003	1.408914e-003	1.000000e+000	2.629122e-005	3.030382e-006	0.000000e+000	0.000000e+000	-1.612029e-006	2.770958e-005	-1.130410e-010	9.786318e-009
1.330000e+001	8.637974e-003	3.034697e-003	1.431483e-003	1.000000e+000	2.631348e-005	3.034832e-006	0.000000e+000	0.000000e+000	-1.612063e-006	2.773625e-005	9.279777e-011	9.650066e-009
1.340000e+001	8.642398e-003	3.036115e-003	1.453748e-003	1.000000e+000	2.635247e-005	3.042854e-006	0.000000e+000	0.000000e+000	-1.612928e-006	2.778240e-005	3.346002e-010	9.524582e-009
1.350000e+001	8.652461e-003	3.039423e-003	1.475736e-003	1.000000e+000	2.641538e-005	3.054495e-006	0.000000e+000	0.000000e+000	-1.614871e-006	2.785501e-005	6.440101e-010	9.412141e-009
1.360000e+001	8.668694e-003	3.044893e-003	1.497480e-003	1.000000e+000	2.649700e-005	3.066651e-006	0.000000e+000	0.000000e+000	-1.617968e-006	2.794568e-005	9.501408e-010	9.314186e-009
1.370000e+001	8.689522e-003	3.052111e-003	1.519011e-003	1.000000e+000	2.658116e-005	3.075956e-006	0.000000e+000	0.000000e+000	-1.621883e-006	2.803524e-005	1.140834e-009	9.228031e-009
1.380000e+001	8.711889e-003	3.060067e-003	1.540350e-003	1.000000e+000	2.665301e-005	3.081485e-006	0.000000e+000	0.000000e+000	-1.626029e-006	2.810846e-005	1.166497e-009	9.147477e-009
1.390000e+001	8.732965e-003	3.067725e-003	1.561502e-003	1.000000e+000	2.670716e-005	3.084439e-006	0.000000e+000	0.000000e+000	-1.629890e-006	2.816171e-005	1.064733e-009	9.066254e-009
1.400000e+001	8.751260e-003	3.074470e-003	1.582461e-003	1.000000e+000	2.674669e-005	3.086516e-006	0.000000e+000	0.000000e+000	-1.633212e-006	2.820000e-005	9.116066e-010	8.980700e-009
1.410000e+001	8.766690e-003	3.080192e-003	1.603215e-003	1.000000e+000	2.677842e-005	3.088996e-006	0.000000e+000	0.000000e+000	-1.636005e-006	2.823141e-005	7.735696e-010	8.890221e-009
1.420000e+001	8.780087e-003	3.085139e-003	1.623755e-003	1.000000e+000	2.680902e-005	3.092483e-006	0.000000e+000	0.000000e+000	-1.638437e-006	2.826306e-005	6.870635e-010	8.796361e-009
1.430000e+001	8.792516e-003	3.089682e-003	1.644075e-003	1.000000e+000	2.684204e-005	3.096687e-006	0.000000e+000	0.000000e+000	-1.640705e-006	2.829802e-005	6.520843e-010	8.701397e-009
1.440000e+001	8.804548e-003	3.094066e-003	1.664175e-003	1.000000e+000	2.687565e-005	3.100356e-006	0.000000e+000	0.000000e+000	-1.642906e-006	2.833310e-005	6.320710e-010	8.606802e-009
1.450000e+001	8.815798e-003	3.098218e-003	1.684055e-003	1.000000e+000	2.690351e-005	3.102109e-006	0.000000e+000	0.000000e+000	-1.644948e-006	2.836067e-005	5.765836e-010	8.512130e-009
1.460000e+001	8.825187e-003	3.101789e-003	1.703713e-003	1.000000e+000	2.691964e-005	3.101572e-006	0.000000e+000	0.000000e+000	-1.646621e-006	2.837459e-005	4.614099e-010	8.415300e-009
1.470000e+001	8.831594e-003	3.104386e-003	1.723142e-003	1.000000e+000	2.692031e-005	3.098363e-006	0.000000e+000	0.000000e+000	-1.647718e-006	2.837096e-005	2.880677e-010	8.313985e-009
1.480000e+001	8.832126e-003	3.105224e-003	1.742326e-003	1.000000e+000	2.687635e-005	3.080959e-006	0.000000e+000	0.000000e+000	-1.647630e-006	2.830968e-005	-1.316785e-010	8.203551e-009
1.490000e+001	8.809838e-003	3.099688e-003	1.761222e-003	1.000000e+000	2.662379e-005	2.998006e-006	0.000000e+000	0.000000e+000	-1.642810e-006	2.797899e-005	-1.881346e-009	8.056492e-009
1.500000e+001	8.708700e-003	3.071076e-003	1.779647e-003	1.000000e+000	2.574601e-005	2.754861e-006	0.000000e+000	0.000000e+000	-1.621944e-006	2.687893e-005	-7.357314e-009	7.773368e-009
1.510000e+001	8.426504e-003	2.986042e-003	1.797073e-003	1.000000e+000	2.372165e-005	2.290218e-006	0.000000e+000	0.000000e+000	-1.565221e-006	2.444665e-005	-1.856601e-008	7.156645e-009
1.520000e+001	7.861158e-003	2.807343e-003	1.812460e-003	1.000000e+000	2.035196e-005	1.660349e-006	0.000000e+000	0.000000e+000	-1.453983e-006	2.055833e-005	-3.428279e-008	5.988398e-009
1.530000e+001	6.983661e-003	2.519043e-003	1.824389e-003	1.000000e+000	1.602421e-005	1.016627e-006	0.000000e+000	0.000000e+000	-1.284471e-006	1.575637e-005	-4.976551e-008	4.181265e-009
1.540000e+001	5.870364e-003	2.141459e-003	1.831484e-003	1.000000e+000	1.151987e-005	5.025126e-007	0.000000e+000	0.000000e+000	-1.072806e-006	1.094957e-005	-5.975017e-008	1.865801e-009
1.550000e+001	4.668770e-003	1.723033e-003	1.832891e-003	1.000000e+000	7.585014e-006	1.794015e-007	0.000000e+000	0.000000e+000	-8.474886e-007	6.916927e-006	-6.161136e-008	-6.612579e-010
1.560000e+001	3.531453e-003	1.318147e-003	1.828505e-003	1.000000e+000	4.630652e-006	2.730730e-008	0.000000e+000	0.000000e+000	-6.367682e-007	4.021191e-006	-5.614146e-008	-3.071949e-009
1.570000e+001	2.565014e-003	9.676251e-004	1.818903e-003	1.000000e+000	2.698512e-006	-1.237791e-008	0.000000e+000	0.000000e+000	-4.595689e-007	2.226565e-006	-4.621312e-008	-5.124010e-009
1.580000e+001	1.814042e-003	6.909020e-004	1.805070e-003	1.000000e+000	1.596532e-006	2.752689e-009	0.000000e+000	0.000000e+000	-3.231273e-007	1.276158e-006	-3.496258e-008	-6.706403e-009
1.590000e+001	1.272555e-003	4.886404e-004	1.788114e-003	1.000000e+000	1.058897e-006	3.415443e-008	0.000000e+000	0.000000e+000	-2.255321e-007	8.675196e-007	-2.464827e-008	-7.821792e-009
1.600000e+001	9.059370e-004	3.500736e-004	1.769045e-003	1.000000e+000	8.503901e-007	6.290309e-008	0.000000e+000	0.000000e+000	-1.599219e-007	7.533713e-007	-1.637590e-008	-8.541070e-009
1.610000e+001	6.705556e-004	2.601809e-004	1.748672e-003	1.000000e+000	8.056186e-007	8.309470e-008	0.000000e+000	0.000000e+000	-1.180648e-007	7.706485e-007	-1.035121e-008	-8.959528e-009
1.620000e+001	5.260265e-004	2.044674e-004	1.727588e-003	1.000000e+000	8.265438e-007	9.512405e-008	0.000000e+000	0.000000e+000	-9.251256e-008	8.291552e-007	-6.278253e-009	-9.167970e-009
1.630000e+001	4.404847e-004	1.712044e-004	1.706191e-003	1.000000e+000	8.637124e-007	1.013600e-007	0.000000e+000	0.000000e+000	-7.747196e-008	8.876005e-007	-3.684547e-009	-9.239394e-009
1.640000e+001	3.912824e-004	1.519070e-004	1.684735e-003	1.000000e+000	8.967240e-007	1.041165e-007	0.000000e+000	0.000000e+000	-6.886830e-008	9.319722e-007	-2.112220e-009	-9.226398e-009
1.650000e+001	3.635080e-004	1.409131e-004	1.663371e-003	1.000000e+000	9.199240e-007	1.050315e-007	0.000000e+000	0.000000e+000	-6.404056e-008	9.609149e-007	-1.197571e-009	-9.163981e-009
1.660000e+001	3.479096e-004	1.346713e-004	1.642188e-003	1.000000e+000	9.338377e-007	1.050808e-007	0.000000e+000	0.000000e+000	-6.134867e-008	9.775698e-007	-6.837278e-010	-9.074044e-009
1.670000e+001	3.390162e-004	1.310629e-004	1.621232e-003	1.000000e+000	9.408229e-007	1.047758e-007	0.000000e+000	0.000000e+000	-5.982817e-008	9.857705e-007	-4.034334e-010	-8.969626e-009
1.680000e+001	3.337183e-004	1.288748e-004	1.600528e-003	1.000000e+000	9.432362e-007	1.043551e-007	0.000000e+000	0.000000e+000	-5.893348e-008	9.886577e-007	-2.542318e-010	-8.858174e-009
1.690000e+001	3.303069e-004	1.274358e-004	1.580087e-003	1.000000e+000	9.428664e-007	1.039159e-007	0.000000e+000	0.000000e+000	-5.836601e-008	9.884163e-007	-1.763192e-010	-8.743795e-009
1.700000e+001	3.278691e-004	1.263857e-004	1.559912e-003	1.000000e+000	9.409008e-007	1.034887e-007	0.000000e+000	0.000000e+000	-5.796679e-008	9.864227e-007	-1.361595e-010	-8.628682e-009
1.710000e+001	3.259232e-004	1.255342e-004	1.540005e-003	1.000000e+000	9.379845e-007	1.030428e-007	0.000000e+000	0.000000e+000	-5.765193e-008	9.833753e-007	-1.161357e-010	-8.513980e-009
1.720000e+001	3.241627e-004	1.247683e-004	1.520362e-003	1.000000e+000	9.338311e-007	1.023259e-007	0.000000e+000	0.000000e+000	-5.736577e-008	9.787912e-007	-1.115096e-010	-8.400360e-009
1.730000e+001	3.221623e-004	1.239532e-004	1.500982e-003	1.000000e+000	9.260360e-007	1.006093e-007	0.000000e+000	0.000000e+000	-5.702476e-008	9.696205e-007	-1.339280e-010	-8.288613e-009
1.740000e+001	3.190846e-004	1.228250e-004	1.481858e-003	1.000000e+000	9.096220e-007	9.690261e-008	0.000000e+000	0.000000e+000	-5.646390e-008	9.500607e-007	-2.073922e-010	-8.180291e-009
1.750000e+001	3.137307e-004	1.209783e-004	1.462979e-003	1.000000e+000	8.796531e-007	9.086198e-008	0.000000e+000	0.000000e+000	-5.545485e-008	9.150602e-007	-3.439369e-010	-8.077770e-009
1.760000e+001	3.051425e-004	1.180470e-004	1.444329e-003	1.000000e+000	8.356616e-007	8.339835e-008	0.000000e+000	0.000000e+000	-5.382738e-008	8.652326e-007	-5.182541e-010	-7.983158e-009
1.770000e+001	2.931967e-004	1.139320e-004	1.425889e-003	1.000000e+000	7.818679e-007	7.564704e-008	0.000000e+000	0.000000e+000	-5.157446e-008	8.059405e-007	-6.846779e-010	-7.896934e-009
1.780000e+001	2.783472e-004	1.087708e-004	1.407641e-003	1.000000e+000	7.216427e-007	6.759523e-008	0.000000e+000	0.000000e+000	-4.878712e-008	7.404508e-007	-8.257042e-010	-7.818158e-009
1.790000e+001	2.609883e-004	1.027105e-004	1.389568e-003	1.000000e+000	6.557345e-007	5.905734e-008	0.000000e+000	0.000000e+000	-4.553654e-008	6.692553e-007	-9.487341e-010	-7.745851e-009
1.800000e+001	2.416715e-004	9.591874e-005	1.371656e-003	1.000000e+000	5.879783e-007	5.132003e-008	0.000000e+000	0.000000e+000	-4.193306e-008	5.973653e-007	-1.033115e-009	-7.678917e-009
1.810000e+001	2.217652e-004	8.881880e-005	1.353896e-003	1.000000e+000	5.271519e-007	4.605710e-008	0.000000e+000	0.000000e+000	-3.824869e-008	5.349603e-007	-1.032880e-009	-7.614751e-009
1.820000e+001	2.030890e-004	8.204229e-005	1.336285e-003	1.000000e+000	4.794008e-007	4.304731e-008	0.000000e+000	0.000000e+000	-3.482515e-008	4.876229e-007	-9.436398e-010	-7.549538e-009
1.830000e+001	1.866680e-004	7.601977e-005	1.318830e-003	1.000000e+000	4.421144e-007	4.040010e-008	0.000000e+000	0.000000e+000	-3.183349e-008	4.506811e-007	-8.242265e-010	-7.480722e-009
1.840000e+001	1.722199e-004	7.072701e-005	1.301539e-003	1.000000e+000	4.081466e-007	3.688961e-008	0.000000e+000	0.000000e+000	-2.919950e-008	4.158367e-007	-7.358646e-010	-7.408501e-009
1.850000e+001	1.589905e-004	6.590357e-005	1.284417e-003	1.000000e+000	3.745334e-007	3.324081e-008	0.000000e+000	0.000000e+000	-2.678112e-008	3.809931e-007	-6.814887e-010	-7.334479e-009
1.860000e+001	1.469067e-004	6.146584e-005	1.267470e-003	1.000000e+000	3.456117e-007	3.117427e-008	0.000000e+000	0.000000e+000	-2.458133e-008	3.522047e-007	-6.134521e-010	-7.259178e-009
1.870000e+001	1.368146e-004	5.766282e-005	1.250699e-003	1.000000e+000	3.279580e-007	3.147128e-008	0.000000e+000	0.000000e+000	-2.277195e-008	3.366574e-007	-4.928893e-010	-7.181126e-009
1.880000e+001	1.295966e-004	5.482605e-005	1.234116e-003	1.000000e+000	3.226447e-007	3.298439e-008	0.000000e+000	0.000000e+000	-2.151150e-008	3.341176e-007	-3.382789e-010	-7.098381e-009
1.890000e+001	1.251023e-004	5.298071e-005	1.217730e-003	1.000000e+000	3.228597e-007	3.362185e-008	0.000000e+000	0.000000e+000	-2.074939e-008	3.357322e-007	-2.135588e-010	-7.010860e-009
1.900000e+001	1.220078e-004	5.172533e-005	1.201551e-003	1.000000e+000	3.192084e-007	3.219179e-008	0.000000e+000	0.000000e+000	-2.022028e-008	3.311799e-007	-1.696643e-010	-6.921031e-009
1.910000e+001	1.186833e-004	5.048598e-005	1.185580e-003	1.000000e+000	3.066371e-007	2.911369e-008	0.000000e+000	0.000000e+000	-1.962037e-008	3.161304e-007	-2.038651e-010	-6.832357e-009
1.920000e+001	1.141594e-004	4.886897e-005	1.169811e-003	1.000000e+000	2.865137e-007	2.564902e-008	0.000000e+000	0.000000e+000	-1.878404e-008	2.933786e-007	-2.715984e-010	-6.747174e-009
1.930000e+001	1.084368e-004	4.681653e-005	1.154235e-003	1.000000e+000	2.637851e-007	2.283520e-008	0.000000e+000	0.000000e+000	-1.772814e-008	2.688922e-007	-3.252074e-010	-6.665775e-009
1.940000e+001	1.021570e-004	4.452368e-005	1.138845e-003	1.000000e+000	2.431483e-007	2.103930e-008	0.000000e+000	0.000000e+000	-1.658112e-008	2.476065e-007	-3.404451e-010	-6.586941e-009
1.950000e+001	9.608579e-005	4.225984e-005	1.123637e-003	1.000000e+000	2.270618e-007	2.011043e-008	0.000000e+000	0.000000e+000	-1.548573e-008	2.316865e-007	-3.184441e-010	-6.509026e-009
1.960000e+001	9.076530e-005	4.023270e-005	1.108610e-003	1.000000e+000	2.157837e-007	1.971129e-008	0.000000e+000	0.000000e+000	-1.453823e-008	2.209568e-007	-2.738580e-010	-6.430777e-009
1.970000e+001	8.641871e-005	3.853990e-005	1.093766e-003	1.000000e+000	2.083308e-007	1.954604e-008	0.000000e+000	0.000000e+000	-1.377473e-008	2.141021e-007	-2.227182e-010	-6.351616e-009
1.980000e+001	8.301750e-005	3.718493e-005	1.079107e-003	1.000000e+000	2.034021e-007	1.943557e-008	0.000000e+000	0.000000e+000	-1.318603e-008	2.096516e-007	-1.760744e-010	-6.271535e-009
1.990000e+001	8.039858e-005	3.611683e-005	1.064634e-003	1.000000e+000	1.999005e-007	1.930185e-008	0.000000e+000	0.000000e+000	-1.273986e-008	2.064625e-007	-1.389767e-010	-6.190851e-009
2.000000e+001	7.836164e-005	3.526633e-005	1.050349e-003	1.000000e+000	1.970901e-007	1.912646e-008	0.000000e+000	0.000000e+000	-1.239852e-008	2.038181e-007	-1.121158e-010	-6.109987e-009
2.010000e+001	7.672576e-005	3.456819e-005	1.036252e-003	1.000000e+000	1.945553e-007	1.891629e-008	0.000000e+000	0.000000e+000	-1.212873e-008	2.013429e-007	-9.393417e-011	-6.029335e-009
2.020000e+001	7.535130e-005	3.397077e-005	1.022342e-003	1.000000e+000	1.920979e-007	1.868418e-008	0.000000e+000	0.000000e+000	-1.190518e-008	1.988769e-007	-8.219209e-011	-5.949201e-009
2.030000e+001	7.414095e-005	3.343749e-005	1.008616e-003	1.000000e+000	1.896429e-007	1.844104e-008	0.000000e+000	0.000000e+000	-1.171039e-008	1.963736e-007	-7.481397e-011	-5.869797e-009
2.040000e+001	7.303174e-005	3.294433e-005	9.950747e-004	1.000000e+000	1.871741e-007	1.819401e-008	0.000000e+000	0.000000e+000	-1.153315e-008	1.938350e-007	-7.020141e-011	-5.791255e-009
2.050000e+001	7.198516e-005	3.247644e-005	9.817144e-004	1.000000e+000	1.846979e-007	1.794711e-008	0.000000e+000	0.000000e+000	-1.136666e-008	1.912784e-007	-6.725278e-011	-5.713653e-009
2.060000e+001	7.097867e-005	3.202508e-005	9.685331e-004	1.000000e+000	1.822260e-007	1.770233e-008	0.000000e+000	0.000000e+000	-1.120695e-008	1.887214e-007	-6.526520e-011	-5.637029e-009
2.070000e+001	6.999957e-005	3.158525e-005	9.555287e-004	1.000000e+000	1.797689e-007	1.746051e-008	0.000000e+000	0.000000e+000	-1.105180e-008	1.861776e-007	-6.381550e-011	-5.561400e-009
2.080000e+001	6.904087e-005	3.115421e-005	9.426987e-004	1.000000e+000	1.773338e-007	1.722195e-008	0.000000e+000	0.000000e+000	-1.089999e-008	1.836558e-007	-6.266033e-011	-5.486769e-009
2.090000e+001	6.809879e-005	3.073044e-005	9.300410e-004	1.000000e+000	1.749255e-007	1.698671e-008	0.000000e+000	0.000000e+000	-1.075088e-008	1.811613e-007	-6.166487e-011	-5.413130e-009
2.100000e+001	6.717131e-005	3.031313e-005	9.175531e-004	1.000000e+000	1.725464e-007	1.675475e-008	0.000000e+000	0.000000e+000	-1.060410e-008	1.786970e-007	-6.075669e-011	-5.340475e-009
2.110000e+001	6.625731e-005	2.990182e-005	9.052329e-004	1.000000e+000	1.701978e-007	1.652600e-008	0.000000e+000	0.000000e+000	-1.045947e-008	1.762643e-007	-5.989787e-011	-5.268793e-009
2.120000e+001	6.535616e-005	2.949627e-005	8.930780e-004	1.000000e+000	1.678802e-007	1.630042e-008	0.000000e+000	0.000000e+000	-1.031689e-008	1.738637e-007	-5.906897e-011	-5.198071e-009
2.130000e+001	6.446746e-005	2.909629e-005	8.810863e-004	1.000000e+000	1.655937e-007	1.607793e-008	0.000000e+000	0.000000e+000	-1.017628e-008	1.714953e-007	-5.826019e-011	-5.128298e-009
2.140000e+001	6.359094e-005	2.870178e-005	8.692555e-004	1.000000e+000	1.633381e-007	1.585850e-008	0.000000e+000	0.000000e+000	-1.003761e-008	1.691590e-007	-5.746663e-011	-5.059461e-009
2.150000e+001	6.272637e-005	2.831263e-005	8.575835e-004	1.000000e+000	1.611131e-007	1.564206e-008	0.000000e+000	0.000000e+000	-9.900834e-009	1.668543e-007	-5.668583e-011	-4.991547e-009
2.160000e+001	6.187358e-005	2.792876e-005	8.460682e-004	1.000000e+000	1.589184e-007	1.542858e-008	0.000000e+000	0.000000e+000	-9.765925e-009	1.645810e-007	-5.591656e-011	-4.924545e-009
2.170000e+001	6.103240e-005	2.755010e-005	8.347075e-004	1.000000e+000	1.567535e-007	1.521802e-008	0.000000e+000	0.000000e+000	-9.632855e-009	1.623387e-007	-5.515815e-011	-4.858442e-009
2.180000e+001	6.020265e-005	2.717658e-005	8.234993e-004	1.000000e+000	1.546181e-007	1.501033e-008	0.000000e+000	0.000000e+000	-9.501599e-009	1.601269e-007	-5.441023e-011	-4.793226e-009
2.190000e+001	5.938418e-005	2.680812e-005	8.124415e-004	1.000000e+000	1.525118e-007	1.480547e-008	0.000000e+000	0.000000e+000	-9.372132e-009	1.579452e-007	-5.367253e-011	-4.728885e-009
2.200000e+001	5.857685e-005	2.644466e-005	8.015322e-004	1.000000e+000	1.504342e-007	1.460341e-008	0.000000e+000	0.000000e+000	-9.244429e-009	1.557932e-007	-5.294488e-011	-4.665407e-009
2.210000e+001	5.778048e-005	2.608613e-005	7.907693e-004	1.000000e+000	1.483849e-007	1.440411e-008	0.000000e+000	0.000000e+000	-9.118466e-009	1.536705e-007	-5.222710e-011	-4.602781e-009
2.220000e+001	5.699495e-005	2.573245e-005	7.801509e-004	1.000000e+000	1.463635e-007	1.420753e-008	0.000000e+000	0.000000e+000	-8.994220e-009	1.515768e-007	-5.151907e-011	-4.540995e-009
2.230000e+001	5.622009e-005	2.538357e-005	7.696750e-004	1.000000e+000	1.443696e-007	1.401363e-008	0.000000e+000	0.000000e+000	-8.871666e-009	1.495116e-007	-5.082063e-011	-4.480039e-009
2.240000e+001	5.545576e-005	2.503942e-005	7.593398e-004	1.000000e+000	1.424029e-007	1.382238e-008	0.000000e+000	0.000000e+000	-8.750782e-009	1.474745e-007	-5.013167e-011	-4.419901e-009
2.250000e+001	5.470183e-005	2.469994e-005	7.491432e-004	1.000000e+000	1.404630e-007	1.363374e-008	0.000000e+000	0.000000e+000	-8.631545e-009	1.454652e-007	-4.945204e-011	-4.360569e-009
2.260000e+001	5.395815e-005	2.436505e-005	7.390836e-004	1.000000e+000	1.385495e-007	1.344767e-008	0.000000e+000	0.000000e+000	-8.513933e-009	1.434832e-007	-4.878163e-011	-4.302034e-009
2.270000e+001	5.322457e-005	2.403471e-005	7.291590e-004	1.000000e+000	1.366621e-007	1.326414e-008	0.000000e+000	0.000000e+000	-8.397923e-009	1.415283e-007	-4.812031e-011	-4.244284e-009
2.280000e+001	5.250097e-005	2.370885e-005	7.193676e-004	1.000000e+000	1.348004e-007	1.308311e-008	0.000000e+000	0.000000e+000	-8.283494e-009	1.396000e-007	-4.746795e-011	-4.187309e-009
2.290000e+001	5.178721e-005	2.338740e-005	7.097077e-004	1.000000e+000	1.329640e-007	1.290456e-008	0.000000e+000	0.000000e+000	-8.170625e-009	1.376980e-007	-4.682443e-011	-4.131099e-009
2.300000e+001	5.108315e-005	2.307031e-005	7.001774e-004	1.000000e+000	1.311527e-007	1.272844e-008	0.000000e+000	0.000000e+000	-8.059293e-009	1.358218e-007	-4.618964e-011	-4.075643e-009
2.310000e+001	5.038866e-005	2.275752e-005	6.907751e-004	1.000000e+000	1.293660e-007	1.255473e-008	0.000000e+000	0.000000e+000	-7.949477e-009	1.339713e-007	-4.556345e-011	-4.020931e-009
2.320000e+001	4.970361e-005	2.244897e-005	6.814990e-004	1.000000e+000	1.276037e-007	1.238339e-008	0.000000e+000	0.000000e+000	-7.841159e-009	1.321459e-007	-4.494575e-011	-3.966954e-009
2.330000e+001	4.902787e-005	2.214461e-005	6.723474e-004	1.000000e+000	1.258654e-007	1.221438e-008	0.000000e+000	0.000000e+000	-7.734316e-009	1.303454e-007	-4.433643e-011	-3.913700e-009
2.340000e+001	4.836132e-005	2.184437e-005	6.633186e-004	1.000000e+000	1.241507e-007	1.204769e-008	0.000000e+000	0.000000e+000	-7.628929e-009	1.285695e-007	-4.373536e-011	-3.861162e-009
2.350000e+001	4.770384e-005	2.154820e-005	6.544111e-004	1.000000e+000	1.224595e-007	1.188326e-008	0.000000e+000	0.000000e+000	-7.524977e-009	1.268177e-007	-4.314244e-011	-3.809328e-009
2.360000e+001	4.705529e-005	2.125604e-005	6.456231e-004	1.000000e+000	1.207912e-007	1.172108e-008	0.000000e+000	0.000000e+000	-7.422443e-009	1.250899e-007	-4.255756e-011	-3.758190e-009
2.370000e+001	4.641555e-005	2.096785e-005	6.369532e-004	1.000000e+000	1.191457e-007	1.156112e-008	0.000000e+000	0.000000e+000	-7.321305e-009	1.233855e-007	-4.198061e-011	-3.707739e-009
2.380000e+001	4.578452e-005	2.068356e-005	6.283996e-004	1.000000e+000	1.175226e-007	1.140333e-008	0.000000e+000	0.000000e+000	-7.221545e-009	1.217044e-007	-4.141148e-011	-3.657964e-009
2.390000e+001	4.516206e-005	2.040313e-005	6.199608e-004	1.000000e+000	1.159216e-007	1.124771e-008	0.000000e+000	0.000000e+000	-7.123145e-009	1.200462e-007	-4.085006e-011	-3.608858e-009
2.400000e+001	4.454807e-005	2.012650e-005	6.116353e-004	1.000000e+000	1.143424e-007	1.109420e-008	0.000000e+000	0.000000e+000	-7.026085e-009	1.184105e-007	-4.029626e-011	-3.560410e-009
2.410000e+001	4.394242e-005	1.985362e-005	6.034216e-004	1.000000e+000	1.127848e-007	1.094279e-008	0.000000e+000	0.000000e+000	-6.930348e-009	1.167972e-007	-3.974996e-011	-3.512613e-009
2.420000e+001	4.334500e-005	1.958444e-005	5.953182e-004	1.000000e+000	1.112483e-007	1.079344e-008	0.000000e+000	0.000000e+000	-6.835915e-009	1.152058e-007	-3.921107e-011	-3.465457e-009
2.430000e+001	4.275571e-005	1.931890e-005	5.873235e-004	1.000000e+000	1.097328e-007	1.064614e-008	0.000000e+000	0.000000e+000	-6.742769e-009	1.136362e-007	-3.867948e-011	-3.418933e-009
2.440000e+001	4.217443e-005	1.905697e-005	5.794362e-004	1.000000e+000	1.082379e-007	1.050084e-008	0.000000e+000	0.000000e+000	-6.650892e-009	1.120879e-007	-3.815510e-011	-3.373035e-009
2.450000e+001	4.160105e-005	1.879859e-005	5.716548e-004	1.000000e+000	1.067634e-007	1.035753e-008	0.000000e+000	0.000000e+000	-6.560267e-009	1.105607e-007	-3.763782e-011	-3.327752e-009
2.460000e+001	4.103546e-005	1.854371e-005	5.639778e-004	1.000000e+000	1.053090e-007	1.021617e-008	0.000000e+000	0.000000e+000	-6.470877e-009	1.090543e-007	-3.712756e-011	-3.283077e-009
2.470000e+001	4.047757e-005	1.829229e-005	5.564039e-004	1.000000e+000	1.038744e-007	1.007675e-008	0.000000e+000	0.000000e+000	-6.382704e-009	1.075684e-007	-3.662422e-011	-3.239001e-009
2.480000e+001	3.992726e-005	1.804428e-005	5.489317e-004	1.000000e+000	1.024593e-007	9.939220e-009	0.000000e+000	0.000000e+000	-6.295733e-009	1.061028e-007	-3.612770e-011	-3.195517e-009
2.490000e+001	3.938443e-005	1.779963e-005	5.415597e-004	1.000000e+000	1.010635e-007	9.803572e-009	0.000000e+000	0.000000e+000	-6.209948e-009	1.046571e-007	-3.563791e-011	-3.152617e-009
2.500000e+001	3.884898e-005	1.755829e-005	5.342868e-004	1.000000e+000	9.968671e-008	9.669775e-009	0.000000e+000	0.000000e+000	-6.125331e-009	1.032312e-007	-3.515476e-011	-3.110292e-009
2.510000e+001	3.832081e-005	1.732023e-005	5.271115e-004	1.000000e+000	9.832869e-008	9.537804e-009	0.000000e+000	0.000000e+000	-6.041867e-009	1.018246e-007	-3.467816e-011	-3.068536e-009
2.520000e+001	3.779982e-005	1.708539e-005	5.200325e-004	1.000000e+000	9.698916e-008	9.407634e-009	0.000000e+000	0.000000e+000	-5.959540e-009	1.004373e-007	-3.420802e-011	-3.027339e-009
2.530000e+001	3.728591e-005	1.685374e-005	5.130486e-004	1.000000e+000	9.566788e-008	9.279241e-009	0.000000e+000	0.000000e+000	-5.878335e-009	9.906879e-008	-3.374425e-011	-2.986696e-009
2.540000e+001	3.677899e-005	1.662523e-005	5.061584e-004	1.000000e+000	9.436460e-008	9.152599e-009	0.000000e+000	0.000000e+000	-5.798236e-009	9.771897e-008	-3.328677e-011	-2.946598e-009
2.550000e+001	3.627896e-005	1.639982e-005	4.993607e-004	1.000000e+000	9.307908e-008	9.027686e-009	0.000000e+000	0.000000e+000	-5.719229e-009	9.638754e-008	-3.283549e-011	-2.907038e-009
2.560000e+001	3.578572e-005	1.617746e-005	4.926543e-004	1.000000e+000	9.181107e-008	8.904478e-009	0.000000e+000	0.000000e+000	-5.641298e-009	9.507425e-008	-3.239033e-011	-2.868010e-009
2.570000e+001	3.529920e-005	1.595812e-005	4.860380e-004	1.000000e+000	9.056033e-008	8.782951e-009	0.000000e+000	0.000000e+000	-5.564429e-009	9.377885e-008	-3.195120e-011	-2.829505e-009
2.580000e+001	3.481928e-005	1.574175e-005	4.795104e-004	1.000000e+000	8.932662e-008	8.663083e-009	0.000000e+000	0.000000e+000	-5.488608e-009	9.250110e-008	-3.151803e-011	-2.791516e-009
2.590000e+001	3.434590e-005	1.552831e-005	4.730705e-004	1.000000e+000	8.810973e-008	8.544851e-009	0.000000e+000	0.000000e+000	-5.413819e-009	9.124076e-008	-3.109073e-011	-2.754038e-009
2.600000e+001	3.387894e-005	1.531777e-005	4.667171e-004	1.000000e+000	8.690941e-008	8.428232e-009	0.000000e+000	0.000000e+000	-5.340050e-009	8.999759e-008	-3.066922e-011	-2.717063e-009
2.610000e+001	3.341834e-005	1.511008e-005	4.604489e-004	1.000000e+000	8.572544e-008	8.313205e-009	0.000000e+000	0.000000e+000	-5.267286e-009	8.877136e-008	-3.025343e-011	-2.680584e-009
2.620000e+001	3.296400e-005	1.490521e-005	4.542650e-004	1.000000e+000	8.455760e-008	8.199748e-009	0.000000e+000	0.000000e+000	-5.195513e-009	8.756184e-008	-2.984327e-011	-2.644594e-009
2.630000e+001	3.251583e-005	1.470311e-005	4.481640e-004	1.000000e+000	8.340567e-008	8.087839e-009	0.000000e+000	0.000000e+000	-5.124718e-009	8.636879e-008	-2.943867e-011	-2.609088e-009
2.640000e+001	3.207376e-005	1.450376e-005	4.421450e-004	1.000000e+000	8.226943e-008	7.977457e-009	0.000000e+000	0.000000e+000	-5.054888e-009	8.519200e-008	-2.903956e-011	-2.574058e-009
2.650000e+001	3.163769e-005	1.430711e-005	4.362067e-004	1.000000e+000	8.114867e-008	7.868582e-009	0.000000e+000	0.000000e+000	-4.986009e-009	8.403124e-008	-2.864585e-011	-2.539498e-009
2.660000e+001	3.120756e-005	1.411312e-005	4.303482e-004	1.000000e+000	8.004318e-008	7.761192e-009	0.000000e+000	0.000000e+000	-4.918069e-009	8.288630e-008	-2.825749e-011	-2.505402e-009
2.670000e+001	3.078327e-005	1.392177e-005	4.245684e-004	1.000000e+000	7.895275e-008	7.655268e-009	0.000000e+000	0.000000e+000	-4.851055e-009	8.175696e-008	-2.787439e-011	-2.471764e-009
2.680000e+001	3.036475e-005	1.373301e-005	4.188661e-004	1.000000e+000	7.787717e-008	7.550790e-009	0.000000e+000	0.000000e+000	-4.784953e-009	8.064300e-008	-2.749648e-011	-2.438577e-009
2.690000e+001	2.995192e-005	1.354680e-005	4.132404e-004	1.000000e+000	7.681624e-008	7.447738e-009	0.000000e+000	0.000000e+000	-4.719753e-009	7.954423e-008	-2.712370e-011	-2.405836e-009
2.700000e+001	2.954471e-005	1.336313e-005	4.076903e-004	1.000000e+000	7.576977e-008	7.346092e-009	0.000000e+000	0.000000e+000	-4.655440e-009	7.846042e-008	-2.675597e-011	-2.373534e-009
2.710000e+001	2.914302e-005	1.318194e-005	4.022147e-004	1.000000e+000	7.473755e-008	7.245833e-009	0.000000e+000	0.000000e+000	-4.592004e-009	7.739138e-008	-2.639322e-011	-2.341666e-009
2.720000e+001	2.874680e-005	1.300321e-005	3.968125e-004	1.000000e+000	7.371939e-008	7.146942e-009	0.000000e+000	0.000000e+000	-4.529433e-009	7.633690e-008	-2.603539e-011	-2.310225e-009
2.730000e+001	2.835597e-005	1.282690e-005	3.914830e-004	1.000000e+000	7.271510e-008	7.049401e-009	0.000000e+000	0.000000e+000	-4.467714e-009	7.529679e-008	-2.568241e-011	-2.279207e-009
2.740000e+001	2.797045e-005	1.265298e-005	3.862249e-004	1.000000e+000	7.172450e-008	6.953192e-009	0.000000e+000	0.000000e+000	-4.406836e-009	7.427085e-008	-2.533422e-011	-2.248604e-009
2.750000e+001	2.759017e-005	1.248142e-005	3.810375e-004	1.000000e+000	7.074739e-008	6.858295e-009	0.000000e+000	0.000000e+000	-4.346787e-009	7.325889e-008	-2.499075e-011	-2.218413e-009
2.760000e+001	2.721506e-005	1.231219e-005	3.759197e-004	1.000000e+000	6.978358e-008	6.764693e-009	0.000000e+000	0.000000e+000	-4.287557e-009	7.226072e-008	-2.465193e-011	-2.188627e-009
2.770000e+001	2.684505e-005	1.214525e-005	3.708707e-004	1.000000e+000	6.883291e-008	6.672369e-009	0.000000e+000	0.000000e+000	-4.229133e-009	7.127615e-008	-2.431771e-011	-2.159240e-009
2.780000e+001	2.648007e-005	1.198057e-005	3.658894e-004	1.000000e+000	6.789519e-008	6.581305e-009	0.000000e+000	0.000000e+000	-4.171506e-009	7.030499e-008	-2.398802e-011	-2.130248e-009
2.790000e+001	2.612006e-005	1.181813e-005	3.609750e-004	1.000000e+000	6.697025e-008	6.491484e-009	0.000000e+000	0.000000e+000	-4.114664e-009	6.934707e-008	-2.366280e-011	-2.101645e-009
2.800000e+001	2.576493e-005	1.165789e-005	3.561266e-004	1.000000e+000	6.605790e-008	6.402888e-009	0.000000e+000	0.000000e+000	-4.058597e-009	6.840219e-008	-2.334198e-011	-2.073426e-009
2.810000e+001	2.541464e-005	1.149982e-005	3.513433e-004	1.000000e+000	6.515798e-008	6.315502e-009	0.000000e+000	0.000000e+000	-4.003293e-009	6.747019e-008	-2.302552e-011	-2.045586e-009
2.820000e+001	2.506910e-005	1.134389e-005	3.466243e-004	1.000000e+000	6.427032e-008	6.229308e-009	0.000000e+000	0.000000e+000	-3.948743e-009	6.655089e-008	-2.271335e-011	-2.018120e-009
2.830000e+001	2.472827e-005	1.119008e-005	3.419686e-004	1.000000e+000	6.339475e-008	6.144290e-009	0.000000e+000	0.000000e+000	-3.894936e-009	6.564411e-008	-2.240540e-011	-1.991022e-009
2.840000e+001	2.439207e-005	1.103836e-005	3.373754e-004	1.000000e+000	6.253112e-008	6.060433e-009	0.000000e+000	0.000000e+000	-3.841863e-009	6.474969e-008	-2.210164e-011	-1.964288e-009
2.850000e+001	2.406044e-005	1.088869e-005	3.328439e-004	1.000000e+000	6.167924e-008	5.977720e-009	0.000000e+000	0.000000e+000	-3.789512e-009	6.386745e-008	-2.180199e-011	-1.937913e-009
2.860000e+001	2.373331e-005	1.074105e-005	3.283732e-004	1.000000e+000	6.083897e-008	5.896137e-009	0.000000e+000	0.000000e+000	-3.737875e-009	6.299723e-008	-2.150640e-011	-1.911891e-009
2.870000e+001	2.341064e-005	1.059541e-005	3.239625e-004	1.000000e+000	6.001015e-008	5.815666e-009	0.000000e+000	0.000000e+000	-3.686942e-009	6.213887e-008	-2.121482e-011	-1.886219e-009
2.880000e+001	2.309235e-005	1.045175e-005	3.196111e-004	1.000000e+000	5.919262e-008	5.736294e-009	0.000000e+000	0.000000e+000	-3.636702e-009	6.129221e-008	-2.092719e-011	-1.860892e-009
2.890000e+001	2.277839e-005	1.031003e-005	3.153181e-004	1.000000e+000	5.838622e-008	5.658005e-009	0.000000e+000	0.000000e+000	-3.587147e-009	6.045708e-008	-2.064346e-011	-1.835905e-009
2.900000e+001	2.246870e-005	1.017023e-005	3.110828e-004	1.000000e+000	5.759081e-008	5.580784e-009	0.000000e+000	0.000000e+000	-3.538267e-009	5.963333e-008	-2.036358e-011	-1.811253e-009
2.910000e+001	2.216321e-005	1.003234e-005	3.069043e-004	1.000000e+000	5.680624e-008	5.504617e-009	0.000000e+000	0.000000e+000	-3.490054e-009	5.882080e-008	-2.008750e-011	-1.786932e-009
2.920000e+001	2.186188e-005	9.896306e-006	3.027819e-004	1.000000e+000	5.603235e-008	5.429490e-009	0.000000e+000	0.000000e+000	-3.442497e-009	5.801935e-008	-1.981515e-011	-1.762937e-009
2.930000e+001	2.156465e-005	9.762120e-006	2.987149e-004	1.000000e+000	5.526901e-008	5.355388e-009	0.000000e+000	0.000000e+000	-3.395588e-009	5.722881e-008	-1.954650e-011	-1.739265e-009
2.940000e+001	2.127146e-005	9.629754e-006	2.947025e-004	1.000000e+000	5.451606e-008	5.282298e-009	0.000000e+000	0.000000e+000	-3.349319e-009	5.644904e-008	-1.928149e-011	-1.715910e-009
2.950000e+001	2.098225e-005	9.499183e-006	2.907440e-004	1.000000e+000	5.377338e-008	5.210205e-009	0.000000e+000	0.000000e+000	-3.303680e-009	5.567990e-008	-1.902007e-011	-1.692869e-009
2.960000e+001	2.069698e-005	9.370382e-006	2.868386e-004	1.000000e+000	5.304080e-008	5.139095e-009	0.000000e+000	0.000000e+000	-3.258662e-009	5.492124e-008	-1.876220e-011	-1.670137e-009
2.970000e+001	2.041558e-005	9.243327e-006	2.829857e-004	1.000000e+000	5.231821e-008	5.068957e-009	0.000000e+000	0.000000e+000	-3.214258e-009	5.417291e-008	-1.850782e-011	-1.647710e-009
2.980000e+001	2.013801e-005	9.117994e-006	2.791845e-004	1.000000e+000	5.160547e-008	4.999775e-009	0.000000e+000	0.000000e+000	-3.170460e-009	5.343478e-008	-1.825689e-011	-1.625585e-009
2.990000e+001	1.986422e-005	8.994361e-006	2.754344e-004	1.000000e+000	5.090243e-008	4.931538e-009	0.000000e+000	0.000000e+000	-3.127258e-009	5.270671e-008	-1.800936e-011	-1.603756e-009
3.000000e+001	1.959414e-005	8.872404e-006	2.717346e-004	1.000000e+000	5.020897e-008	4.864232e-009	0.000000e+000	0.000000e+000	-3.084644e-009	5.198856e-008	-1.776519e-011	-1.582220e-009
3.010000e+001	1.932774e-005	8.752101e-006	2.680845e-004	1.000000e+000	4.952495e-008	4.797844e-009	0.000000e+000	0.000000e+000	-3.042612e-009	5.128019e-008	-1.752433e-011	-1.560974e-009
3.020000e+001	1.906496e-005	8.633429e-006	2.644834e-004	1.000000e+000	4.885026e-008	4.732363e-009	0.000000e+000	0.000000e+000	-3.001152e-009	5.058147e-008	-1.728673e-011	-1.540012e-009
3.030000e+001	1.880575e-005	8.516366e-006	2.609307e-004	1.000000e+000	4.818476e-008	4.667775e-009	0.000000e+000	0.000000e+000	-2.960257e-009	4.989227e-008	-1.705236e-011	-1.519332e-009
3.040000e+001	1.855007e-005	8.400890e-006	2.574256e-004	1.000000e+000	4.752832e-008	4.604069e-009	0.000000e+000	0.000000e+000	-2.919919e-009	4.921247e-008	-1.682116e-011	-1.498930e-009
3.050000e+001	1.829786e-005	8.286979e-006	2.539677e-004	1.000000e+000	4.688082e-008	4.541232e-009	0.000000e+000	0.000000e+000	-2.880131e-009	4.854192e-008	-1.659310e-011	-1.478801e-009
3.060000e+001	1.804908e-005	8.174613e-006	2.505562e-004	1.000000e+000	4.624215e-008	4.479252e-009	0.000000e+000	0.000000e+000	-2.840885e-009	4.788051e-008	-1.636812e-011	-1.458943e-009
3.070000e+001	1.780368e-005	8.063770e-006	2.471905e-004	1.000000e+000	4.561217e-008	4.418119e-009	0.000000e+000	0.000000e+000	-2.802173e-009	4.722812e-008	-1.614620e-011	-1.439351e-009
3.080000e+001	1.756162e-005	7.954431e-006	2.438699e-004	1.000000e+000	4.499078e-008	4.357820e-009	0.000000e+000	0.000000e+000	-2.763989e-009	4.658461e-008	-1.592729e-011	-1.420023e-009
3.090000e+001	1.732285e-005	7.846573e-006	2.405940e-004	1.000000e+000	4.437785e-008	4.298344e-009	0.000000e+000	0.000000e+000	-2.726326e-009	4.594987e-008	-1.571134e-011	-1.400953e-009
3.100000e+001	1.708733e-005	7.740178e-006	2.373621e-004	1.000000e+000	4.377328e-008	4.239679e-009	0.000000e+000	0.000000e+000	-2.689176e-009	4.532378e-008	-1.549833e-011	-1.382140e-009
3.110000e+001	1.685501e-005	7.635226e-006	2.341736e-004	1.000000e+000	4.317693e-008	4.181816e-009	0.000000e+000	0.000000e+000	-2.652532e-009	4.470622e-008	-1.528820e-011	-1.363580e-009
3.120000e+001	1.662585e-005	7.531697e-006	2.310279e-004	1.000000e+000	4.258872e-008	4.124741e-009	0.000000e+000	0.000000e+000	-2.616387e-009	4.409707e-008	-1.508092e-011	-1.345268e-009
3.130000e+001	1.639980e-005	7.429571e-006	2.279244e-004	1.000000e+000	4.200851e-008	4.068446e-009	0.000000e+000	0.000000e+000	-2.580735e-009	4.349622e-008	-1.487644e-011	-1.327202e-009
3.140000e+001	1.617682e-005	7.328830e-006	2.248626e-004	1.000000e+000	4.143621e-008	4.012919e-009	0.000000e+000	0.000000e+000	-2.545568e-009	4.290356e-008	-1.467475e-011	-1.309379e-009
3.150000e+001	1.595688e-005	7.229454e-006	2.218419e-004	1.000000e+000	4.087171e-008	3.958150e-009	0.000000e+000	0.000000e+000	-2.510881e-009	4.231898e-008	-1.447578e-011	-1.291795e-009
3.160000e+001	1.573993e-005	7.131427e-006	2.188618e-004	1.000000e+000	4.031489e-008	3.904129e-009	0.000000e+000	0.000000e+000	-2.476666e-009	4.174236e-008	-1.427951e-011	-1.274448e-009
3.170000e+001	1.552593e-005	7.034728e-006	2.159217e-004	1.000000e+000	3.976566e-008	3.850845e-009	0.000000e+000	0.000000e+000	-2.442918e-009	4.117359e-008	-1.408591e-011	-1.257333e-009
3.180000e+001	1.531483e-005	6.939340e-006	2.130211e-004	1.000000e+000	3.922392e-008	3.798287e-009	0.000000e+000	0.000000e+000	-2.409629e-009	4.061258e-008	-1.389493e-011	-1.240447e-009
3.190000e+001	1.510661e-005	6.845246e-006	2.101595e-004	1.000000e+000	3.868955e-008	3.746448e-009	0.000000e+000	0.000000e+000	-2.376794e-009	4.005921e-008	-1.370653e-011	-1.223789e-009
3.200000e+001	1.490122e-005	6.752427e-006	2.073363e-004	1.000000e+000	3.816247e-008	3.695315e-009	0.000000e+000	0.000000e+000	-2.344407e-009	3.951337e-008	-1.352069e-011	-1.207354e-009
