TIME          	MC CONC       	STS CONC      	HTS CONC      	SED CONC      	ADV dm/dt     	DISP dm/dt    	DECAY dm/dt   	SORPTION dm/dt	STORAGE dm/dt 	MC dm/dt      	STS dm/dt     	HTS dm/dt     
(hr)          	mg/L          	mg/L          	mg/L          	mg/L          	(mg/L)·(m²/s)  	(mg/L)·(m²/s)  	(mg/L)·(m²/s)  	(mg/L)·(m²/s)  	(mg/L)·(m²/s)  	(mg/L)·(m²/s)  	(mg/L)·(m²/s)  	(mg/L)·(m²/s)  
0.000000e+000	2.090966e-004	2.737432e-006	1.023304e-007	0.000000e+000	6.357128e-007	7.309398e-008	0.000000e+000	0.000000e+000	-5.936952e-008	6.494372e-007	5.790830e-008	-4.006656e-027
1.000000e-001	1.996711e-004	6.974494e-005	7.693003e-007	1.000000e+000	6.070567e-007	6.979911e-008	0.000000e+000	0.000000e+000	-3.737975e-008	6.394760e-007	1.392461e-010	2.959366e-010
2.000000e-001	1.992866e-004	6.980522e-005	1.343812e-006	1.000000e+000	6.058877e-007	6.966470e-008	0.000000e+000	0.000000e+000	-3.725179e-008	6.383006e-007	-1.744840e-011	2.037921e-010
3.000000e-001	1.989300e-004	6.968378e-005	1.737962e-006	1.000000e+000	6.048034e-007	6.954003e-008	0.000000e+000	0.000000e+000	-3.718413e-008	6.371593e-007	-1.788865e-011	1.395953e-010
4.000000e-001	1.985759e-004	6.956180e-005	2.007709e-006	1.000000e+000	6.037270e-007	6.941627e-008	0.000000e+000	0.000000e+000	-3.711736e-008	6.360259e-007	-1.789055e-011	9.542664e-011
5.000000e-001	1.982238e-004	6.943985e-005	2.191868e-006	1.000000e+000	6.026569e-007	6.929344e-008	0.000000e+000	0.000000e+000	-3.705114e-008	6.348992e-007	-1.787763e-011	6.503951e-011
6.000000e-001	1.978742e-004	6.931821e-005	2.317145e-006	1.000000e+000	6.016058e-007	6.917754e-008	0.000000e+000	0.000000e+000	-3.698555e-008	6.337978e-007	-1.775506e-011	4.413538e-011
7.000000e-001	1.975381e-004	6.919980e-005	2.401928e-006	1.000000e+000	6.007007e-007	6.911464e-008	0.000000e+000	0.000000e+000	-3.692293e-008	6.328924e-007	-1.663845e-011	2.977088e-011
8.000000e-001	1.972729e-004	6.910082e-005	2.458969e-006	1.000000e+000	6.004546e-007	6.924949e-008	0.000000e+000	0.000000e+000	-3.687511e-008	6.328289e-007	-1.125454e-011	1.999043e-011
9.000000e-001	1.972323e-004	6.906856e-005	2.497406e-006	1.000000e+000	6.018920e-007	6.978243e-008	0.000000e+000	0.000000e+000	-3.687271e-008	6.348017e-007	3.805026e-012	1.360709e-011
1.000000e+000	1.976485e-004	6.918124e-005	2.524290e-006	1.000000e+000	6.060002e-007	7.077564e-008	0.000000e+000	0.000000e+000	-3.696003e-008	6.398158e-007	3.111477e-011	9.956514e-012
1.100000e+000	1.987051e-004	6.950948e-005	2.545388e-006	1.000000e+000	6.128400e-007	7.203580e-008	0.000000e+000	0.000000e+000	-3.716959e-008	6.477062e-007	6.551531e-011	8.535019e-012
1.200000e+000	2.003999e-004	7.006580e-005	2.565171e-006	1.000000e+000	6.212970e-007	7.323583e-008	0.000000e+000	0.000000e+000	-3.749713e-008	6.570357e-007	9.608797e-011	8.698329e-012
1.300000e+000	2.025237e-004	7.078868e-005	2.586390e-006	1.000000e+000	6.297167e-007	7.412812e-008	0.000000e+000	0.000000e+000	-3.790018e-008	6.659447e-007	1.132371e-010	9.632685e-012
1.400000e+000	2.047620e-004	7.157177e-005	2.609904e-006	1.000000e+000	6.367588e-007	7.464548e-008	0.000000e+000	0.000000e+000	-3.831882e-008	6.730854e-007	1.138350e-010	1.056020e-011
1.500000e+000	2.068270e-004	7.231044e-005	2.635027e-006	1.000000e+000	6.418305e-007	7.486057e-008	0.000000e+000	0.000000e+000	-3.870042e-008	6.779906e-007	1.011148e-010	1.096111e-011
1.600000e+000	2.085400e-004	7.293449e-005	2.660264e-006	1.000000e+000	6.450129e-007	7.489418e-008	0.000000e+000	0.000000e+000	-3.901370e-008	6.808934e-007	8.129473e-011	1.065380e-011
1.700000e+000	2.098424e-004	7.341632e-005	2.684032e-006	1.000000e+000	6.467474e-007	7.484903e-008	0.000000e+000	0.000000e+000	-3.924979e-008	6.823467e-007	6.021790e-011	9.726871e-012
1.800000e+000	2.107635e-004	7.376155e-005	2.705141e-006	1.000000e+000	6.475442e-007	7.478727e-008	0.000000e+000	0.000000e+000	-3.941546e-008	6.829160e-007	4.166093e-011	8.405950e-012
1.900000e+000	2.113765e-004	7.399389e-005	2.722964e-006	1.000000e+000	6.478190e-007	7.473613e-008	0.000000e+000	0.000000e+000	-3.952498e-008	6.830301e-007	2.721172e-011	6.934586e-012
2.000000e+000	2.117639e-004	7.414216e-005	2.737387e-006	1.000000e+000	6.478480e-007	7.470200e-008	0.000000e+000	0.000000e+000	-3.959378e-008	6.829562e-007	1.692743e-011	5.504592e-012
2.100000e+000	2.119983e-004	7.423260e-005	2.748659e-006	1.000000e+000	6.477870e-007	7.468226e-008	0.000000e+000	0.000000e+000	-3.963519e-008	6.828341e-007	1.010073e-011	4.234034e-012
2.200000e+000	2.121348e-004	7.428567e-005	2.757220e-006	1.000000e+000	6.477104e-007	7.467211e-008	0.000000e+000	0.000000e+000	-3.965919e-008	6.827233e-007	5.816597e-012	3.174958e-012
2.300000e+000	2.122118e-004	7.431580e-005	2.763576e-006	1.000000e+000	6.476465e-007	7.466748e-008	0.000000e+000	0.000000e+000	-3.967268e-008	6.826413e-007	3.249444e-012	2.332942e-012
2.400000e+000	2.122541e-004	7.433244e-005	2.768209e-006	1.000000e+000	6.476013e-007	7.466566e-008	0.000000e+000	0.000000e+000	-3.968006e-008	6.825870e-007	1.769301e-012	1.687004e-012
2.500000e+000	2.122768e-004	7.434141e-005	2.771539e-006	1.000000e+000	6.475724e-007	7.466511e-008	0.000000e+000	0.000000e+000	-3.968400e-008	6.825535e-007	9.430614e-013	1.204798e-012
2.600000e+000	2.122887e-004	7.434615e-005	2.773906e-006	1.000000e+000	6.475551e-007	7.466506e-008	0.000000e+000	0.000000e+000	-3.968607e-008	6.825340e-007	4.941826e-013	8.522239e-013
2.700000e+000	2.122949e-004	7.434862e-005	2.775574e-006	1.000000e+000	6.475452e-007	7.466516e-008	0.000000e+000	0.000000e+000	-3.968714e-008	6.825232e-007	2.557361e-013	5.984704e-013
2.800000e+000	2.122981e-004	7.434989e-005	2.776743e-006	1.000000e+000	6.475398e-007	7.466527e-008	0.000000e+000	0.000000e+000	-3.968769e-008	6.825173e-007	1.313425e-013	4.180021e-013
2.900000e+000	2.122997e-004	7.435055e-005	2.777557e-006	1.000000e+000	6.475369e-007	7.466535e-008	0.000000e+000	0.000000e+000	-3.968797e-008	6.825143e-007	6.732843e-014	2.907913e-013
3.000000e+000	2.123005e-004	7.435088e-005	2.778123e-006	1.000000e+000	6.475354e-007	7.466541e-008	0.000000e+000	0.000000e+000	-3.968811e-008	6.825127e-007	3.467729e-014	2.017092e-013
3.100000e+000	2.123009e-004	7.435105e-005	2.778515e-006	1.000000e+000	6.475347e-007	7.466544e-008	0.000000e+000	0.000000e+000	-3.968818e-008	6.825120e-007	1.808043e-014	1.396266e-013
3.200000e+000	2.123012e-004	7.435115e-005	2.778786e-006	1.000000e+000	6.475344e-007	7.466546e-008	0.000000e+000	0.000000e+000	-3.968822e-008	6.825116e-007	9.619692e-015	9.651010e-014
3.300000e+000	2.123013e-004	7.435120e-005	2.778973e-006	1.000000e+000	6.475342e-007	7.466547e-008	0.000000e+000	0.000000e+000	-3.968824e-008	6.825114e-007	5.262316e-015	6.663945e-014
3.400000e+000	2.123014e-004	7.435122e-005	2.779103e-006	1.000000e+000	6.475341e-007	7.466548e-008	0.000000e+000	0.000000e+000	-3.968826e-008	6.825114e-007	2.976853e-015	4.598139e-014
3.500000e+000	2.123014e-004	7.435124e-005	2.779192e-006	1.000000e+000	6.475341e-007	7.466548e-008	0.000000e+000	0.000000e+000	-3.968826e-008	6.825113e-007	1.746203e-015	3.171188e-014
3.600000e+000	2.123014e-004	7.435125e-005	2.779253e-006	1.000000e+000	6.475341e-007	7.466548e-008	0.000000e+000	0.000000e+000	-3.968827e-008	6.825113e-007	1.061334e-015	2.186349e-014
3.700000e+000	2.123014e-004	7.435125e-005	2.779296e-006	1.000000e+000	6.475341e-007	7.466548e-008	0.000000e+000	0.000000e+000	-3.968827e-008	6.825113e-007	6.658691e-016	1.507027e-014
3.800000e+000	2.123014e-004	7.435126e-005	2.779325e-006	1.000000e+000	6.475341e-007	7.466549e-008	0.000000e+000	0.000000e+000	-3.968827e-008	6.825113e-007	4.288501e-016	1.038625e-014
3.900000e+000	2.123015e-004	7.435126e-005	2.779345e-006	1.000000e+000	6.475341e-007	7.466549e-008	0.000000e+000	0.000000e+000	-3.968827e-008	6.825113e-007	2.818544e-016	7.157386e-015
4.000000e+000	2.123015e-004	7.435126e-005	2.779359e-006	1.000000e+000	6.475341e-007	7.466549e-008	0.000000e+000	0.000000e+000	-3.968827e-008	6.825113e-007	1.880225e-016	4.931990e-015
4.100000e+000	2.123015e-004	7.435126e-005	2.779369e-006	1.000000e+000	6.475341e-007	7.466549e-008	0.000000e+000	0.000000e+000	-3.968827e-008	6.825113e-007	1.267531e-016	3.398378e-015
4.200000e+000	2.123015e-004	7.435126e-005	2.779375e-006	1.000000e+000	6.475341e-007	7.466549e-008	0.000000e+000	0.000000e+000	-3.968827e-008	6.825113e-007	8.606654e-017	2.341581e-015
4.300000e+000	2.123015e-004	7.435126e-005	2.779380e-006	1.000000e+000	6.475341e-007	7.466549e-008	0.000000e+000	0.000000e+000	-3.968827e-008	6.825113e-007	5.872259e-017	1.613387e-015
4.400000e+000	2.123015e-004	7.435126e-005	2.779383e-006	1.000000e+000	6.475341e-007	7.466549e-008	0.000000e+000	0.000000e+000	-3.968827e-008	6.825113e-007	4.019355e-017	1.111637e-015
4.500000e+000	2.123015e-004	7.435126e-005	2.779385e-006	1.000000e+000	6.475341e-007	7.466549e-008	0.000000e+000	0.000000e+000	-3.968827e-008	6.825113e-007	2.756807e-017	7.659205e-016
4.600000e+000	2.123015e-004	7.435126e-005	2.779387e-006	1.000000e+000	6.475341e-007	7.466549e-008	0.000000e+000	0.000000e+000	-3.968827e-008	6.825113e-007	1.893369e-017	5.277181e-016
4.700000e+000	2.123015e-004	7.435126e-005	2.779388e-006	1.000000e+000	6.475341e-007	7.466549e-008	0.000000e+000	0.000000e+000	-3.968827e-008	6.825113e-007	1.301469e-017	3.635955e-016
4.800000e+000	2.123015e-004	7.435126e-005	2.779388e-006	1.000000e+000	6.475341e-007	7.466549e-008	0.000000e+000	0.000000e+000	-3.968827e-008	6.825113e-007	8.950912e-018	2.505150e-016
4.900000e+000	2.123015e-004	7.435126e-005	2.779389e-006	1.000000e+000	6.475341e-007	7.466549e-008	0.000000e+000	0.000000e+000	-3.968827e-008	6.825113e-007	6.158147e-018	1.726028e-016
5.000000e+000	2.123015e-004	7.435126e-005	2.779389e-006	1.000000e+000	6.475341e-007	7.466549e-008	0.000000e+000	0.000000e+000	-3.968827e-008	6.825113e-007	4.232175e-018	1.189217e-016
5.100000e+000	2.123015e-004	7.435126e-005	2.779389e-006	1.000000e+000	6.475341e-007	7.466548e-008	0.000000e+000	0.000000e+000	-3.968827e-008	6.825113e-007	-1.407256e-017	8.183715e-017
5.200000e+000	2.123014e-004	7.435126e-005	2.779389e-006	1.000000e+000	6.475337e-007	7.466525e-008	0.000000e+000	0.000000e+000	-3.968827e-008	6.825106e-007	-3.039853e-015	3.100376e-017
5.300000e+000	2.123005e-004	7.435105e-005	2.779389e-006	1.000000e+000	6.475202e-007	7.465917e-008	0.000000e+000	0.000000e+000	-3.968806e-008	6.824913e-007	-9.952012e-014	-1.112677e-015
5.400000e+000	2.122884e-004	7.434803e-005	2.779374e-006	1.000000e+000	6.473778e-007	7.460586e-008	0.000000e+000	0.000000e+000	-3.968545e-008	6.822983e-007	-1.091967e-012	-1.697517e-014
5.500000e+000	2.122159e-004	7.432816e-005	2.779248e-006	1.000000e+000	6.466834e-007	7.439224e-008	0.000000e+000	0.000000e+000	-3.967029e-008	6.814053e-007	-5.640448e-012	-1.162538e-013
5.600000e+000	2.119677e-004	7.425519e-005	2.778647e-006	1.000000e+000	6.447426e-007	7.390578e-008	0.000000e+000	0.000000e+000	-3.961990e-008	6.790285e-007	-1.707521e-011	-4.585868e-013
5.700000e+000	2.113905e-004	7.407692e-005	2.776783e-006	1.000000e+000	6.409348e-007	7.309068e-008	0.000000e+000	0.000000e+000	-3.950513e-008	6.745204e-007	-3.665473e-011	-1.231587e-012
5.800000e+000	2.102839e-004	7.372834e-005	2.772447e-006	1.000000e+000	6.341798e-007	7.166390e-008	0.000000e+000	0.000000e+000	-3.928703e-008	6.665567e-007	-6.862966e-011	-2.631569e-012
5.900000e+000	2.081921e-004	7.307226e-005	2.763696e-006	1.000000e+000	6.211944e-007	6.875898e-008	0.000000e+000	0.000000e+000	-3.887398e-008	6.510794e-007	-1.313742e-010	-5.171616e-012
6.000000e+000	2.041108e-004	7.179502e-005	2.746587e-006	1.000000e+000	5.956989e-007	6.314872e-008	0.000000e+000	0.000000e+000	-3.806725e-008	6.207804e-007	-2.561338e-010	-1.010474e-011
6.100000e+000	1.965229e-004	6.938957e-005	2.713477e-006	1.000000e+000	5.509494e-007	5.419943e-008	0.000000e+000	0.000000e+000	-3.657625e-008	5.685726e-007	-4.627790e-010	-1.925219e-011
6.200000e+000	1.840710e-004	6.535024e-005	2.652901e-006	1.000000e+000	4.852193e-007	4.291166e-008	0.000000e+000	0.000000e+000	-3.415596e-008	4.939750e-007	-7.263554e-010	-3.381185e-011
6.300000e+000	1.666269e-004	5.953490e-005	2.552960e-006	1.000000e+000	4.062167e-007	3.198588e-008	0.000000e+000	0.000000e+000	-3.081037e-008	4.073922e-007	-9.670370e-010	-5.272312e-011
6.400000e+000	1.459981e-004	5.245143e-005	2.407684e-006	1.000000e+000	3.301344e-007	2.463340e-008	0.000000e+000	0.000000e+000	-2.691336e-008	3.278545e-007	-1.082219e-009	-7.196762e-011
6.500000e+000	1.256671e-004	4.523196e-005	2.222963e-006	1.000000e+000	2.753860e-007	2.301277e-008	0.000000e+000	0.000000e+000	-2.314119e-008	2.752575e-007	-1.000164e-009	-8.567949e-011
6.600000e+000	1.095989e-004	3.926607e-005	2.018134e-006	1.000000e+000	2.544632e-007	2.711324e-008	0.000000e+000	0.000000e+000	-2.023476e-008	2.613417e-007	-7.219330e-010	-8.860799e-011
6.700000e+000	1.005946e-004	3.564073e-005	1.821406e-006	1.000000e+000	2.672893e-007	3.439781e-008	0.000000e+000	0.000000e+000	-1.868724e-008	2.829999e-007	-3.346309e-010	-7.875262e-011
6.800000e+000	9.886598e-005	3.461169e-005	1.660126e-006	1.000000e+000	2.991651e-007	4.057636e-008	0.000000e+000	0.000000e+000	-1.848596e-008	3.212555e-007	1.264529e-011	-5.897750e-011
6.900000e+000	1.016552e-004	3.538814e-005	1.549574e-006	1.000000e+000	3.265007e-007	4.180295e-008	0.000000e+000	0.000000e+000	-1.906504e-008	3.492386e-007	1.764177e-010	-3.650288e-011
7.000000e+000	1.044999e-004	3.647104e-005	1.486038e-006	1.000000e+000	3.295624e-007	3.714968e-008	0.000000e+000	0.000000e+000	-1.957191e-008	3.471402e-007	1.046197e-010	-1.975420e-011
7.100000e+000	1.035752e-004	3.643484e-005	1.449115e-006	1.000000e+000	3.032043e-007	2.891586e-008	0.000000e+000	0.000000e+000	-1.931629e-008	3.128039e-007	-1.318890e-010	-1.402677e-011
7.200000e+000	9.743181e-005	3.460750e-005	1.412383e-006	1.000000e+000	2.566519e-007	2.048119e-008	0.000000e+000	0.000000e+000	-1.807455e-008	2.590585e-007	-3.980144e-010	-1.911129e-011
7.300000e+000	8.705568e-005	3.119873e-005	1.355454e-006	1.000000e+000	2.047765e-007	1.415298e-008	0.000000e+000	0.000000e+000	-1.607005e-008	2.028594e-007	-5.825121e-010	-3.046269e-011
7.400000e+000	7.472479e-005	2.695333e-005	1.270515e-006	1.000000e+000	1.596858e-007	1.056757e-008	0.000000e+000	0.000000e+000	-1.374385e-008	1.565095e-007	-6.421033e-010	-4.233983e-011
7.500000e+000	6.269231e-005	2.268443e-005	1.161721e-006	1.000000e+000	1.267519e-007	9.048302e-009	0.000000e+000	0.000000e+000	-1.151027e-008	1.242899e-007	-5.966574e-010	-5.051733e-011
7.600000e+000	5.233531e-005	1.893706e-005	1.039964e-006	1.000000e+000	1.050858e-007	8.503808e-009	0.000000e+000	0.000000e+000	-9.608675e-009	1.039809e-007	-4.978207e-010	-5.346816e-011
7.700000e+000	4.419032e-005	1.593871e-005	9.169966e-007	1.000000e+000	9.288855e-008	8.911561e-009	0.000000e+000	0.000000e+000	-8.127987e-009	9.367213e-008	-3.780712e-010	-5.171576e-011
7.800000e+000	3.886007e-005	1.387500e-005	8.029386e-007	1.000000e+000	9.383304e-008	1.183145e-008	0.000000e+000	0.000000e+000	-7.188204e-009	9.847628e-008	-2.164792e-010	-4.577214e-011
7.900000e+000	3.769801e-005	1.317353e-005	7.083003e-007	1.000000e+000	1.157519e-007	1.855470e-008	0.000000e+000	0.000000e+000	-7.055693e-009	1.272509e-007	2.503607e-011	-3.475582e-011
8.000000e+000	4.217344e-005	1.436731e-005	6.463179e-007	1.000000e+000	1.617597e-007	2.822352e-008	0.000000e+000	0.000000e+000	-7.999823e-009	1.819834e-007	3.312931e-010	-1.758986e-011
8.100000e+000	5.318069e-005	1.778262e-005	6.310451e-007	1.000000e+000	2.342070e-007	4.249250e-008	0.000000e+000	0.000000e+000	-1.018403e-008	2.665155e-007	6.915659e-010	5.426744e-012
8.200000e+000	7.670010e-005	2.491973e-005	6.799675e-007	1.000000e+000	4.025775e-007	8.809806e-008	0.000000e+000	0.000000e+000	-1.489721e-008	4.757783e-007	1.593695e-009	4.050899e-011
8.300000e+000	1.445902e-004	4.474768e-005	8.600720e-007	1.000000e+000	9.483987e-007	2.426683e-007	0.000000e+000	0.000000e+000	-2.872470e-008	1.162342e-006	4.833756e-009	1.308572e-010
8.400000e+000	3.370445e-004	1.021947e-004	1.415448e-006	1.000000e+000	2.382502e-006	5.981029e-007	0.000000e+000	0.000000e+000	-6.756630e-008	2.913039e-006	1.300090e-008	3.872158e-010
8.500000e+000	7.649246e-004	2.352056e-004	2.897952e-006	1.000000e+000	5.125442e-006	1.164182e-006	0.000000e+000	0.000000e+000	-1.524002e-007	6.137224e-006	2.681327e-008	9.491238e-010
8.600000e+000	1.503337e-003	4.738414e-004	6.106562e-006	1.000000e+000	9.103849e-006	1.830672e-006	0.000000e+000	0.000000e+000	-2.961859e-007	1.063834e-005	4.318227e-008	1.868872e-009
8.700000e+000	2.531852e-003	8.175110e-004	1.176701e-005	1.000000e+000	1.370542e-005	2.439191e-006	0.000000e+000	0.000000e+000	-4.932158e-007	1.565139e-005	5.672008e-008	3.026048e-009
8.800000e+000	3.734764e-003	1.230890e-003	2.014881e-005	1.000000e+000	1.812156e-005	2.880632e-006	0.000000e+000	0.000000e+000	-7.203645e-007	2.028183e-005	6.316668e-008	4.164630e-009
8.900000e+000	4.954865e-003	1.660180e-003	3.088927e-005	1.000000e+000	2.173883e-005	3.132625e-006	0.000000e+000	0.000000e+000	-9.478810e-007	2.392357e-005	6.149908e-008	5.019188e-009
9.000000e+000	6.055409e-003	2.055218e-003	4.311471e-005	1.000000e+000	2.431148e-005	3.234903e-006	0.000000e+000	0.000000e+000	-1.150855e-006	2.639553e-005	5.358837e-008	5.428473e-009
9.100000e+000	6.955164e-003	2.383793e-003	5.574220e-005	1.000000e+000	2.590618e-005	3.246379e-006	0.000000e+000	0.000000e+000	-1.315183e-006	2.783737e-005	4.252771e-008	5.372962e-009
9.200000e+000	7.631076e-003	2.634421e-003	6.778147e-005	1.000000e+000	2.675086e-005	3.216354e-006	0.000000e+000	0.000000e+000	-1.437538e-006	2.852967e-005	3.111400e-008	4.942991e-009
9.300000e+000	8.101655e-003	2.811409e-003	7.852185e-005	1.000000e+000	2.710131e-005	3.175263e-006	0.000000e+000	0.000000e+000	-1.522004e-006	2.875457e-005	2.112975e-008	4.278908e-009
9.400000e+000	8.406035e-003	2.927552e-003	8.758413e-005	1.000000e+000	2.716731e-005	3.137279e-006	0.000000e+000	0.000000e+000	-1.576159e-006	2.872843e-005	1.331773e-008	3.518793e-009
9.500000e+000	8.587650e-003	2.998031e-003	9.487618e-005	1.000000e+000	2.709218e-005	3.106814e-006	0.000000e+000	0.000000e+000	-1.608133e-006	2.859086e-005	7.698495e-009	2.768861e-009
9.600000e+000	8.684991e-003	3.036743e-003	1.005061e-004	1.000000e+000	2.696126e-005	3.083683e-006	0.000000e+000	0.000000e+000	-1.625001e-006	2.841994e-005	3.926589e-009	2.095353e-009
9.700000e+000	8.727941e-003	3.054719e-003	1.046934e-004	1.000000e+000	2.681790e-005	3.065811e-006	0.000000e+000	0.000000e+000	-1.632186e-006	2.825152e-005	1.537476e-009	1.529318e-009
9.800000e+000	8.737566e-003	3.059862e-003	1.076981e-004	1.000000e+000	2.668010e-005	3.051323e-006	0.000000e+000	0.000000e+000	-1.633475e-006	2.809795e-005	9.874409e-011	1.076455e-009
9.900000e+000	8.727974e-003	3.057499e-003	1.097747e-004	1.000000e+000	2.655590e-005	3.039783e-006	0.000000e+000	0.000000e+000	-1.631396e-006	2.796428e-005	-7.063697e-010	7.278664e-010
1.000000e+001	8.708605e-003	3.051191e-003	1.111485e-004	1.000000e+000	2.645025e-005	3.031143e-006	0.000000e+000	0.000000e+000	-1.627638e-006	2.785375e-005	-1.087689e-009	4.686851e-010
1.010000e+001	8.685473e-003	3.043250e-003	1.120083e-004	1.000000e+000	2.636276e-005	3.024192e-006	0.000000e+000	0.000000e+000	-1.623268e-006	2.776368e-005	-1.212130e-009	2.824385e-010
1.020000e+001	8.661616e-003	3.034915e-003	1.125041e-004	1.000000e+000	2.628690e-005	3.017233e-006	0.000000e+000	0.000000e+000	-1.618802e-006	2.768533e-005	-1.223507e-009	1.524441e-010
1.030000e+001	8.637993e-003	3.026625e-003	1.127480e-004	1.000000e+000	2.621605e-005	3.009855e-006	0.000000e+000	0.000000e+000	-1.614391e-006	2.761152e-005	-1.206190e-009	6.326521e-011
1.040000e+001	8.614965e-003	3.018514e-003	1.128201e-004	1.000000e+000	2.614989e-005	3.003325e-006	0.000000e+000	0.000000e+000	-1.610099e-006	2.754311e-005	-1.166439e-009	2.836788e-012
1.050000e+001	8.593456e-003	3.010860e-003	1.127775e-004	1.000000e+000	2.609481e-005	2.999437e-006	0.000000e+000	0.000000e+000	-1.606113e-006	2.748814e-005	-1.065167e-009	-3.638021e-011
1.060000e+001	8.575085e-003	3.004196e-003	1.126645e-004	1.000000e+000	2.605857e-005	2.999008e-006	0.000000e+000	0.000000e+000	-1.602745e-006	2.745483e-005	-8.749265e-010	-5.829286e-011
1.070000e+001	8.561400e-003	2.999088e-003	1.125182e-004	1.000000e+000	2.604396e-005	3.001227e-006	0.000000e+000	0.000000e+000	-1.600277e-006	2.744491e-005	-6.164015e-010	-6.547698e-011
1.080000e+001	8.552858e-003	2.995786e-003	1.123692e-004	1.000000e+000	2.604513e-005	3.003730e-006	0.000000e+000	0.000000e+000	-1.598770e-006	2.745009e-005	-3.610529e-010	-6.135909e-011
1.090000e+001	8.548056e-003	2.993921e-003	1.122377e-004	1.000000e+000	2.604717e-005	3.003276e-006	0.000000e+000	0.000000e+000	-1.597924e-006	2.745252e-005	-2.115326e-010	-5.141680e-011
1.100000e+001	8.543947e-003	2.992505e-003	1.121295e-004	1.000000e+000	2.603403e-005	2.998542e-006	0.000000e+000	0.000000e+000	-1.597150e-006	2.743543e-005	-2.307186e-010	-4.250763e-011
1.110000e+001	8.537982e-003	2.990553e-003	1.120358e-004	1.000000e+000	2.600517e-005	2.993003e-006	0.000000e+000	0.000000e+000	-1.595995e-006	2.740217e-005	-3.429877e-010	-3.917324e-011
1.120000e+001	8.530800e-003	2.988056e-003	1.119445e-004	1.000000e+000	2.598164e-005	2.992619e-006	0.000000e+000	0.000000e+000	-1.594648e-006	2.737961e-005	-3.578104e-010	-3.950790e-011
1.130000e+001	8.526185e-003	2.986191e-003	1.118550e-004	1.000000e+000	2.598791e-005	2.999483e-006	0.000000e+000	0.000000e+000	-1.593856e-006	2.739354e-005	-1.534479e-010	-3.632680e-011
1.140000e+001	8.527610e-003	2.986278e-003	1.117829e-004	1.000000e+000	2.602691e-005	3.009327e-006	0.000000e+000	0.000000e+000	-1.594241e-006	2.744200e-005	1.845162e-010	-2.419274e-011
1.150000e+001	8.534998e-003	2.988539e-003	1.117483e-004	1.000000e+000	2.607814e-005	3.016284e-006	0.000000e+000	0.000000e+000	-1.595716e-006	2.749871e-005	4.521795e-010	-5.004566e-012
1.160000e+001	8.545199e-003	2.992009e-003	1.117595e-004	1.000000e+000	2.611965e-005	3.018727e-006	0.000000e+000	0.000000e+000	-1.597653e-006	2.754072e-005	5.352797e-010	1.407088e-011
1.170000e+001	8.555116e-003	2.995538e-003	1.118090e-004	1.000000e+000	2.614651e-005	3.019459e-006	0.000000e+000	0.000000e+000	-1.599491e-006	2.756648e-005	4.890531e-010	2.735031e-011
1.180000e+001	8.563932e-003	2.998681e-003	1.118818e-004	1.000000e+000	2.616895e-005	3.021886e-006	0.000000e+000	0.000000e+000	-1.601123e-006	2.758972e-005	4.424445e-010	3.455305e-011
1.190000e+001	8.572851e-003	3.001763e-003	1.119676e-004	1.000000e+000	2.619942e-005	3.027274e-006	0.000000e+000	0.000000e+000	-1.602802e-006	2.762390e-005	4.768837e-010	3.928363e-011
1.200000e+001	8.583510e-003	3.005361e-003	1.120652e-004	1.000000e+000	2.624307e-005	3.034705e-006	0.000000e+000	0.000000e+000	-1.604833e-006	2.767294e-005	5.873028e-010	4.521664e-011
1.210000e+001	8.596664e-003	3.009812e-003	1.121796e-004	1.000000e+000	2.629654e-005	3.042333e-006	0.000000e+000	0.000000e+000	-1.607337e-006	2.773153e-005	7.151223e-010	5.359537e-011
1.220000e+001	8.611673e-003	3.014983e-003	1.123150e-004	1.000000e+000	2.635005e-005	3.047886e-006	0.000000e+000	0.000000e+000	-1.610168e-006	2.778777e-005	7.852887e-010	6.291543e-011
1.230000e+001	8.626327e-003	3.020200e-003	1.124697e-004	1.000000e+000	2.638808e-005	3.048552e-006	0.000000e+000	0.000000e+000	-1.612883e-006	2.782375e-005	7.150715e-010	6.940897e-011
1.240000e+001	8.637017e-003	3.024272e-003	1.126312e-004	1.000000e+000	2.639321e-005	3.042384e-006	0.000000e+000	0.000000e+000	-1.614787e-006	2.782081e-005	4.451345e-010	6.791639e-011
1.250000e+001	8.640013e-003	3.025864e-003	1.127756e-004	1.000000e+000	2.635619e-005	3.030314e-006	0.000000e+000	0.000000e+000	-1.615191e-006	2.777131e-005	3.065743e-013	5.424096e-011
1.260000e+001	8.633386e-003	3.024151e-003	1.128734e-004	1.000000e+000	2.628323e-005	3.015968e-006	0.000000e+000	0.000000e+000	-1.613777e-006	2.768542e-005	-4.985304e-010	2.818405e-011
1.270000e+001	8.618146e-003	3.019299e-003	1.129006e-004	1.000000e+000	2.619356e-005	3.003620e-006	0.000000e+000	0.000000e+000	-1.610788e-006	2.758639e-005	-8.960207e-010	-5.398495e-012
1.280000e+001	8.597928e-003	3.012438e-003	1.128488e-004	1.000000e+000	2.611100e-005	2.996429e-006	0.000000e+000	0.000000e+000	-1.606946e-006	2.750048e-005	-1.074603e-009	-3.836129e-011
1.290000e+001	8.577562e-003	3.005221e-003	1.127293e-004	1.000000e+000	2.605412e-005	2.995120e-006	0.000000e+000	0.000000e+000	-1.603163e-006	2.744608e-005	-1.004239e-009	-6.255701e-011
1.300000e+001	8.561066e-003	2.999146e-003	1.125688e-004	1.000000e+000	2.602815e-005	2.997640e-006	0.000000e+000	0.000000e+000	-1.600165e-006	2.742563e-005	-7.591848e-010	-7.328290e-011
1.310000e+001	8.550144e-003	2.994967e-003	1.123990e-004	1.000000e+000	2.602513e-005	3.000974e-006	0.000000e+000	0.000000e+000	-1.598224e-006	2.742788e-005	-4.691194e-010	-7.109105e-011
1.320000e+001	8.544339e-003	2.992636e-003	1.122452e-004	1.000000e+000	2.603394e-005	3.003874e-006	0.000000e+000	0.000000e+000	-1.597225e-006	2.744059e-005	-2.246583e-010	-6.035652e-011
1.330000e+001	8.542715e-003	2.991814e-003	1.121218e-004	1.000000e+000	2.605192e-005	3.007909e-006	0.000000e+000	0.000000e+000	-1.596994e-006	2.746283e-005	-1.705981e-011	-4.543344e-011
1.340000e+001	8.545490e-003	2.992489e-003	1.120363e-004	1.000000e+000	2.608668e-005	3.015521e-006	0.000000e+000	0.000000e+000	-1.597599e-006	2.750461e-005	2.264262e-010	-2.761146e-011
1.350000e+001	8.553929e-003	2.995065e-003	1.119967e-004	1.000000e+000	2.614543e-005	3.026758e-006	0.000000e+000	0.000000e+000	-1.599285e-006	2.757290e-005	5.374292e-010	-5.728507e-012
1.360000e+001	8.568561e-003	2.999813e-003	1.120130e-004	1.000000e+000	2.622293e-005	3.038513e-006	0.000000e+000	0.000000e+000	-1.602129e-006	2.765931e-005	8.450479e-010	2.023435e-011
1.370000e+001	8.587809e-003	3.006319e-003	1.120912e-004	1.000000e+000	2.630303e-005	3.047421e-006	0.000000e+000	0.000000e+000	-1.605795e-006	2.774466e-005	1.037111e-009	4.679785e-011
1.380000e+001	8.608616e-003	3.013572e-003	1.122267e-004	1.000000e+000	2.637086e-005	3.052556e-006	0.000000e+000	0.000000e+000	-1.609694e-006	2.781372e-005	1.064021e-009	6.864739e-011
1.390000e+001	8.628151e-003	3.020536e-003	1.124035e-004	1.000000e+000	2.642102e-005	3.055120e-006	0.000000e+000	0.000000e+000	-1.613311e-006	2.786283e-005	9.633996e-010	8.208818e-011
1.400000e+001	8.644921e-003	3.026594e-003	1.126011e-004	1.000000e+000	2.645661e-005	3.056811e-006	0.000000e+000	0.000000e+000	-1.616393e-006	2.789703e-005	8.113387e-010	8.673511e-011
1.410000e+001	8.658842e-003	3.031636e-003	1.128013e-004	1.000000e+000	2.648443e-005	3.058908e-006	0.000000e+000	0.000000e+000	-1.618947e-006	2.792440e-005	6.743252e-010	8.484862e-011
1.420000e+001	8.670745e-003	3.035909e-003	1.129927e-004	1.000000e+000	2.651116e-005	3.062016e-006	0.000000e+000	0.000000e+000	-1.621142e-006	2.795203e-005	5.888271e-010	7.974241e-011
1.430000e+001	8.681696e-003	3.039786e-003	1.131715e-004	1.000000e+000	2.654035e-005	3.065846e-006	0.000000e+000	0.000000e+000	-1.623178e-006	2.798302e-005	5.548565e-010	7.429501e-011
1.440000e+001	8.692265e-003	3.043511e-003	1.133387e-004	1.000000e+000	2.657018e-005	3.069145e-006	0.000000e+000	0.000000e+000	-1.625147e-006	2.801417e-005	5.358573e-010	6.980016e-011
1.450000e+001	8.702067e-003	3.047010e-003	1.134959e-004	1.000000e+000	2.659429e-005	3.070532e-006	0.000000e+000	0.000000e+000	-1.626960e-006	2.803786e-005	4.813884e-010	6.553684e-011
1.460000e+001	8.710024e-003	3.049936e-003	1.136418e-004	1.000000e+000	2.660671e-005	3.069633e-006	0.000000e+000	0.000000e+000	-1.628407e-006	2.804794e-005	3.672373e-010	5.966002e-011
1.470000e+001	8.715016e-003	3.051894e-003	1.137707e-004	1.000000e+000	2.660373e-005	3.066066e-006	0.000000e+000	0.000000e+000	-1.629280e-006	2.804051e-005	1.949272e-010	5.069691e-011
1.480000e+001	8.714147e-003	3.052100e-003	1.138729e-004	1.000000e+000	2.655615e-005	3.048310e-006	0.000000e+000	0.000000e+000	-1.628971e-006	2.797549e-005	-2.237667e-010	3.548256e-011
1.490000e+001	8.690474e-003	3.045940e-003	1.139148e-004	1.000000e+000	2.630001e-005	2.965010e-006	0.000000e+000	0.000000e+000	-1.623932e-006	2.764109e-005	-1.972333e-009	-8.350659e-012
1.500000e+001	8.587969e-003	3.016712e-003	1.137537e-004	1.000000e+000	2.541872e-005	2.721526e-006	0.000000e+000	0.000000e+000	-1.602851e-006	2.653739e-005	-7.447034e-009	-1.583288e-010
1.510000e+001	8.304429e-003	2.931072e-003	1.129907e-004	1.000000e+000	2.339094e-005	2.256564e-006	0.000000e+000	0.000000e+000	-1.545915e-006	2.410159e-005	-1.865390e-008	-5.509645e-010
1.520000e+001	7.737776e-003	2.751783e-003	1.109169e-004	1.000000e+000	2.001803e-005	1.626418e-006	0.000000e+000	0.000000e+000	-1.434470e-006	2.020998e-005	-3.436746e-008	-1.296220e-009
1.530000e+001	6.859040e-003	2.462925e-003	1.067186e-004	1.000000e+000	1.568744e-005	9.824921e-007	0.000000e+000	0.000000e+000	-1.264762e-006	1.540516e-005	-4.984432e-008	-2.358913e-009
1.540000e+001	5.744621e-003	2.084834e-003	9.987164e-005	1.000000e+000	1.118085e-005	4.682780e-007	0.000000e+000	0.000000e+000	-1.052921e-006	1.059621e-005	-5.981935e-008	-3.532220e-009
1.550000e+001	4.542083e-003	1.665981e-003	9.044455e-005	1.000000e+000	7.244573e-006	1.451880e-007	0.000000e+000	0.000000e+000	-8.274546e-007	6.562307e-006	-6.166663e-008	-4.535438e-009
1.560000e+001	3.404063e-003	1.260776e-003	7.910948e-005	1.000000e+000	4.289758e-006	-6.766001e-009	0.000000e+000	0.000000e+000	-6.166236e-007	3.666368e-006	-5.617902e-008	-5.149279e-009
1.570000e+001	2.437212e-003	9.100665e-004	6.689315e-005	1.000000e+000	2.358167e-006	-4.620951e-008	0.000000e+000	0.000000e+000	-4.393598e-007	1.872597e-006	-4.623049e-008	-5.293209e-009
1.580000e+001	1.686140e-003	6.332963e-004	5.484736e-005	1.000000e+000	1.257667e-006	-3.076116e-008	0.000000e+000	0.000000e+000	-3.029033e-007	9.240026e-007	-3.495901e-008	-5.019541e-009
1.590000e+001	1.144867e-003	4.311284e-004	4.380032e-005	1.000000e+000	7.222999e-007	1.008617e-009	0.000000e+000	0.000000e+000	-2.053426e-007	5.179659e-007	-2.462464e-008	-4.457645e-009
1.600000e+001	7.787518e-004	2.927854e-004	3.425102e-005	1.000000e+000	5.166764e-007	3.015435e-008	0.000000e+000	0.000000e+000	-1.398125e-007	4.070182e-007	-1.633432e-008	-3.752738e-009
1.610000e+001	5.441237e-004	2.032296e-004	2.638472e-005	1.000000e+000	4.752354e-007	5.075696e-008	0.000000e+000	0.000000e+000	-9.807524e-008	4.279171e-007	-1.029446e-008	-3.025167e-009
1.620000e+001	4.005547e-004	1.479462e-004	2.015344e-005	1.000000e+000	4.997929e-007	6.320163e-008	0.000000e+000	0.000000e+000	-7.267546e-008	4.903191e-007	-6.209335e-009	-2.354573e-009
1.630000e+001	3.161349e-004	1.151864e-004	1.537087e-005	1.000000e+000	5.407824e-007	6.985185e-008	0.000000e+000	0.000000e+000	-5.781290e-008	5.528214e-007	-3.606307e-009	-1.781675e-009
1.640000e+001	2.681762e-004	9.644708e-005	1.179200e-005	1.000000e+000	5.777207e-007	7.301869e-008	0.000000e+000	0.000000e+000	-4.940646e-008	6.013330e-007	-2.027151e-009	-1.318204e-009
1.650000e+001	2.417323e-004	8.605042e-005	9.167225e-006	1.000000e+000	6.048962e-007	7.433905e-008	0.000000e+000	0.000000e+000	-4.478966e-008	6.344456e-007	-1.107735e-009	-9.581446e-010
1.660000e+001	2.275236e-004	8.043266e-005	7.272395e-006	1.000000e+000	6.227961e-007	7.478819e-008	0.000000e+000	0.000000e+000	-4.231805e-008	6.552662e-007	-5.907549e-010	-6.868550e-010
1.670000e+001	2.200573e-004	7.746526e-005	5.921212e-006	1.000000e+000	6.337543e-007	7.487749e-008	0.000000e+000	0.000000e+000	-4.102373e-008	6.676080e-007	-3.085668e-010	-4.871499e-010
1.680000e+001	2.162077e-004	7.592768e-005	4.966728e-006	1.000000e+000	6.401119e-007	7.484557e-008	0.000000e+000	0.000000e+000	-4.035855e-008	6.745990e-007	-1.583955e-010	-3.427146e-010
1.690000e+001	2.142538e-004	7.514350e-005	4.297261e-006	1.000000e+000	6.436490e-007	7.478982e-008	0.000000e+000	0.000000e+000	-4.002202e-008	6.784168e-007	-8.018428e-011	-2.396378e-010
1.700000e+001	2.132740e-004	7.474841e-005	3.830192e-006	1.000000e+000	6.455471e-007	7.474079e-008	0.000000e+000	0.000000e+000	-3.985383e-008	6.804341e-007	-4.020469e-011	-1.668089e-010
1.710000e+001	2.127807e-004	7.454956e-005	3.505597e-006	1.000000e+000	6.464484e-007	7.466785e-008	0.000000e+000	0.000000e+000	-3.976910e-008	6.813472e-007	-2.069662e-011	-1.157398e-010
1.720000e+001	2.124629e-004	7.443192e-005	3.280567e-006	1.000000e+000	6.460648e-007	7.431888e-008	0.000000e+000	0.000000e+000	-3.971151e-008	6.806722e-007	-1.681798e-011	-8.021361e-011
1.730000e+001	2.118926e-004	7.425950e-005	3.124216e-006	1.000000e+000	6.419910e-007	7.296512e-008	0.000000e+000	0.000000e+000	-3.959705e-008	6.753590e-007	-4.014041e-011	-5.607603e-011
1.740000e+001	2.102304e-004	7.376732e-005	3.012998e-006	1.000000e+000	6.292495e-007	6.961647e-008	0.000000e+000	0.000000e+000	-3.926042e-008	6.596055e-007	-1.146107e-010	-4.113025e-011
1.750000e+001	2.062761e-004	7.254967e-005	2.926668e-006	1.000000e+000	6.029050e-007	6.392920e-008	0.000000e+000	0.000000e+000	-3.847308e-008	6.283612e-007	-2.522206e-010	-3.455884e-011
1.760000e+001	1.990711e-004	7.023994e-005	2.846559e-006	1.000000e+000	5.624917e-007	5.681461e-008	0.000000e+000	0.000000e+000	-3.706472e-008	5.822416e-007	-4.276258e-010	-3.556245e-011
1.770000e+001	1.884919e-004	6.673916e-005	2.757071e-006	1.000000e+000	5.122321e-007	4.940844e-008	0.000000e+000	0.000000e+000	-3.502827e-008	5.266123e-007	-5.951285e-010	-4.222498e-011
1.780000e+001	1.749929e-004	6.218498e-005	2.647976e-006	1.000000e+000	4.555003e-007	4.169828e-008	0.000000e+000	0.000000e+000	-3.245483e-008	4.647438e-007	-7.372007e-010	-5.207117e-011
1.790000e+001	1.589690e-004	5.672465e-005	2.514075e-006	1.000000e+000	3.930479e-007	3.349883e-008	0.000000e+000	0.000000e+000	-2.941569e-008	3.971311e-007	-8.612284e-010	-6.337728e-011
1.800000e+001	1.409723e-004	5.052630e-005	2.353441e-006	1.000000e+000	3.287127e-007	2.609701e-008	0.000000e+000	0.000000e+000	-2.602130e-008	3.287884e-007	-9.465510e-010	-7.482118e-011
1.810000e+001	1.223723e-004	4.401352e-005	2.168118e-006	1.000000e+000	2.712750e-007	2.116679e-008	0.000000e+000	0.000000e+000	-2.254381e-008	2.698980e-007	-9.472020e-010	-8.418244e-011
1.820000e+001	1.049892e-004	3.781831e-005	1.966028e-006	1.000000e+000	2.268821e-007	1.848694e-008	0.000000e+000	0.000000e+000	-1.932507e-008	2.260440e-007	-8.587970e-010	-8.893234e-011
1.830000e+001	8.984888e-005	3.237152e-005	1.759174e-006	1.000000e+000	1.929241e-007	1.616669e-008	0.000000e+000	0.000000e+000	-1.653624e-008	1.925545e-007	-7.401855e-010	-8.841012e-011
1.840000e+001	7.666941e-005	2.764908e-005	1.558031e-006	1.000000e+000	1.622540e-007	1.297998e-008	0.000000e+000	0.000000e+000	-1.410315e-008	1.611308e-007	-6.526112e-010	-8.444756e-011
1.850000e+001	6.469671e-005	2.339059e-005	1.367669e-006	1.000000e+000	1.319070e-007	9.651597e-009	0.000000e+000	0.000000e+000	-1.188377e-008	1.296748e-007	-5.990228e-010	-7.942837e-011
1.860000e+001	5.385749e-005	1.951243e-005	1.189296e-006	1.000000e+000	1.062190e-007	7.902085e-009	0.000000e+000	0.000000e+000	-9.881073e-009	1.042400e-007	-5.317805e-010	-7.405024e-011
1.870000e+001	4.499777e-005	1.626352e-005	1.024887e-006	1.000000e+000	9.176594e-008	8.512671e-009	0.000000e+000	0.000000e+000	-8.266842e-009	9.201177e-008	-4.120221e-010	-6.713311e-011
1.880000e+001	3.899992e-005	1.397534e-005	8.796046e-007	1.000000e+000	8.961916e-008	1.033573e-008	0.000000e+000	0.000000e+000	-7.199571e-009	9.275532e-008	-2.582321e-010	-5.751289e-011
1.890000e+001	3.571302e-005	1.267290e-005	7.592710e-007	1.000000e+000	9.296515e-008	1.127928e-008	0.000000e+000	0.000000e+000	-6.628643e-009	9.761579e-008	-1.343574e-010	-4.597650e-011
1.900000e+001	3.381281e-005	1.195456e-005	6.654508e-007	1.000000e+000	9.240744e-008	1.015124e-008	0.000000e+000	0.000000e+000	-6.288619e-009	9.627006e-008	-9.133999e-011	-3.519347e-011
1.910000e+001	3.166898e-005	1.124616e-005	5.931060e-007	1.000000e+000	8.289103e-008	7.371087e-009	0.000000e+000	0.000000e+000	-5.875647e-009	8.438647e-008	-1.264480e-010	-2.780858e-011
1.920000e+001	2.831177e-005	1.015385e-005	5.329129e-007	1.000000e+000	6.578361e-008	4.200455e-009	0.000000e+000	0.000000e+000	-5.224034e-009	6.476003e-008	-1.951076e-010	-2.469116e-011
1.930000e+001	2.374177e-005	8.619756e-006	4.759267e-007	1.000000e+000	4.603284e-008	1.677026e-009	0.000000e+000	0.000000e+000	-4.350603e-009	4.335926e-008	-2.496471e-010	-2.474930e-011
1.940000e+001	1.860054e-005	6.838946e-006	4.170433e-007	1.000000e+000	2.833673e-008	1.680255e-010	0.000000e+000	0.000000e+000	-3.383811e-009	2.512094e-008	-2.658069e-010	-2.598700e-011
1.950000e+001	1.365387e-005	5.080899e-006	3.556559e-007	1.000000e+000	1.515511e-008	-4.773352e-010	0.000000e+000	0.000000e+000	-2.466444e-009	1.221133e-008	-2.447134e-010	-2.668447e-011
1.960000e+001	9.444272e-006	3.553414e-006	2.941964e-007	1.000000e+000	6.746737e-009	-5.963743e-010	0.000000e+000	0.000000e+000	-1.694800e-009	4.455563e-009	-2.010206e-010	-2.598257e-011
1.970000e+001	6.195072e-006	2.354219e-006	2.360884e-007	1.000000e+000	2.128524e-009	-4.849984e-010	0.000000e+000	0.000000e+000	-1.105013e-009	5.385123e-010	-1.507640e-010	-2.384424e-011
1.980000e+001	3.877867e-006	1.486846e-006	1.842097e-007	1.000000e+000	-4.589016e-013	-3.223894e-010	0.000000e+000	0.000000e+000	-6.878969e-010	-1.010745e-009	-1.049985e-010	-2.071167e-011
1.990000e+001	2.329606e-006	9.003683e-007	1.402044e-007	1.000000e+000	-7.376285e-010	-1.866035e-010	0.000000e+000	0.000000e+000	-4.111916e-010	-1.335424e-009	-6.877841e-011	-1.715611e-011
2.000000e+001	1.349966e-006	5.254966e-007	1.044674e-007	1.000000e+000	-8.191859e-010	-9.608881e-011	0.000000e+000	0.000000e+000	-2.371999e-010	-1.152475e-009	-4.279657e-011	-1.365818e-011
2.010000e+001	7.580031e-007	2.969794e-007	7.647217e-008	1.000000e+000	-6.608507e-010	-4.394716e-011	0.000000e+000	0.000000e+000	-1.326365e-010	-8.374344e-010	-2.549587e-011	-1.052591e-011
2.020000e+001	4.140657e-007	1.631875e-007	5.517562e-008	1.000000e+000	-4.607361e-010	-1.729954e-011	0.000000e+000	0.000000e+000	-7.217767e-011	-5.502133e-010	-1.463546e-011	-7.902076e-012
2.030000e+001	2.208486e-007	8.751532e-008	3.935205e-008	1.000000e+000	-2.937556e-010	-5.213986e-012	0.000000e+000	0.000000e+000	-3.835999e-011	-3.373296e-010	-8.137999e-012	-5.809664e-012
2.040000e+001	1.154023e-007	4.596677e-008	2.781254e-008	1.000000e+000	-1.758817e-010	-4.958214e-013	0.000000e+000	0.000000e+000	-1.997660e-011	-1.963541e-010	-4.403127e-012	-4.201670e-012
2.050000e+001	5.927221e-008	2.372760e-008	1.951940e-008	1.000000e+000	-1.003864e-010	9.160481e-013	0.000000e+000	0.000000e+000	-1.022618e-011	-1.096965e-010	-2.327321e-012	-3.000177e-012
2.060000e+001	3.002336e-008	1.207933e-008	1.362630e-008	1.000000e+000	-5.514215e-011	1.051069e-012	0.000000e+000	0.000000e+000	-5.162495e-012	-5.925357e-011	-1.206081e-012	-2.121389e-012
2.070000e+001	1.505285e-008	6.088071e-009	9.474592e-009	1.000000e+000	-2.934007e-011	8.087552e-013	0.000000e+000	0.000000e+000	-2.579166e-012	-3.111048e-011	-6.149512e-013	-1.488946e-012
2.080000e+001	7.501453e-009	3.051300e-009	6.568569e-009	1.000000e+000	-1.519128e-011	5.319395e-013	0.000000e+000	0.000000e+000	-1.280309e-012	-1.593965e-011	-3.096061e-013	-1.039299e-012
2.090000e+001	3.734337e-009	1.528802e-009	4.544214e-009	1.000000e+000	-7.678741e-012	3.201671e-013	0.000000e+000	0.000000e+000	-6.345326e-013	-7.993107e-012	-1.545244e-013	-7.225035e-013
2.100000e+001	1.868377e-009	7.706185e-010	3.138972e-009	1.000000e+000	-3.797399e-012	1.816683e-013	0.000000e+000	0.000000e+000	-3.158251e-013	-3.931556e-012	-7.680588e-014	-5.007962e-013
2.110000e+001	9.463397e-010	3.937216e-010	2.165962e-009	1.000000e+000	-1.839407e-012	9.875607e-014	0.000000e+000	0.000000e+000	-1.589882e-013	-1.899639e-012	-3.822935e-014	-3.463916e-013
2.120000e+001	4.892173e-010	2.055681e-010	1.493448e-009	1.000000e+000	-8.726785e-013	5.194837e-014	0.000000e+000	0.000000e+000	-8.160586e-014	-9.023360e-013	-1.918209e-014	-2.392365e-013
2.130000e+001	2.602545e-010	1.105593e-010	1.029215e-009	1.000000e+000	-4.048760e-013	2.662484e-014	0.000000e+000	0.000000e+000	-4.306731e-014	-4.213185e-013	-9.778415e-015	-1.650579e-013
2.140000e+001	1.434574e-010	6.163599e-011	7.090388e-010	1.000000e+000	-1.829430e-013	1.336439e-014	0.000000e+000	0.000000e+000	-2.354001e-014	-1.931186e-013	-5.106945e-015	-1.137979e-013
2.150000e+001	8.226185e-011	3.573056e-011	4.883498e-010	1.000000e+000	-7.982847e-014	6.597774e-015	0.000000e+000	0.000000e+000	-1.338705e-014	-8.661775e-014	-2.754275e-015	-7.841863e-014
2.160000e+001	4.907594e-011	2.152353e-011	3.362973e-010	1.000000e+000	-3.305577e-014	3.215848e-015	0.000000e+000	0.000000e+000	-7.926827e-015	-3.776675e-014	-1.542912e-015	-5.402077e-014
2.170000e+001	3.035264e-011	1.341840e-011	2.315635e-010	1.000000e+000	-1.248124e-014	1.553511e-015	0.000000e+000	0.000000e+000	-4.871981e-015	-1.579971e-014	-8.998748e-016	-3.720540e-014
2.180000e+001	1.934717e-011	8.605613e-012	1.594362e-010	1.000000e+000	-3.823622e-015	7.469661e-016	0.000000e+000	0.000000e+000	-3.090346e-015	-6.167002e-015	-5.455383e-016	-2.562049e-014
2.190000e+001	1.262504e-011	5.640696e-012	1.097701e-010	1.000000e+000	-4.406843e-016	3.592954e-016	0.000000e+000	0.000000e+000	-2.009396e-015	-2.090785e-015	-3.421160e-016	-1.764114e-014
2.200000e+001	8.381996e-012	3.756623e-012	7.557329e-011	1.000000e+000	6.948502e-016	1.739680e-016	0.000000e+000	0.000000e+000	-1.330720e-015	-4.619017e-016	-2.204982e-016	-1.214614e-014
2.210000e+001	5.633070e-012	2.529934e-012	5.202887e-011	1.000000e+000	9.293046e-016	8.543828e-017	0.000000e+000	0.000000e+000	-8.927722e-016	1.219706e-016	-1.450890e-016	-8.362419e-015
2.220000e+001	3.817216e-012	1.716790e-012	3.581914e-011	1.000000e+000	8.419215e-016	4.293514e-017	0.000000e+000	0.000000e+000	-6.042925e-016	2.805641e-016	-9.690362e-017	-5.757236e-015
2.230000e+001	2.601054e-012	1.170894e-012	2.465940e-011	1.000000e+000	6.695750e-016	2.227894e-017	0.000000e+000	0.000000e+000	-4.114569e-016	2.803970e-016	-6.539317e-017	-3.963589e-015
2.240000e+001	1.778788e-012	8.012219e-013	1.697648e-011	1.000000e+000	5.007127e-016	1.202993e-017	0.000000e+000	0.000000e+000	-2.812458e-016	2.314969e-016	-4.443727e-017	-2.728717e-015
2.250000e+001	1.219314e-012	5.494337e-013	1.168723e-011	1.000000e+000	3.621468e-016	6.789962e-018	0.000000e+000	0.000000e+000	-1.927245e-016	1.762122e-016	-3.033592e-017	-1.878561e-015
2.260000e+001	8.370617e-013	3.772868e-013	8.045894e-012	1.000000e+000	2.569040e-016	4.005888e-018	0.000000e+000	0.000000e+000	-1.322772e-016	1.286326e-016	-2.077131e-017	-1.293272e-015
2.270000e+001	5.751919e-013	2.593016e-013	5.539066e-012	1.000000e+000	1.801343e-016	2.459795e-018	0.000000e+000	0.000000e+000	-9.088164e-017	9.171244e-017	-1.424965e-017	-8.903352e-016
2.280000e+001	3.954842e-013	1.783106e-013	3.813278e-012	1.000000e+000	1.254053e-016	1.561132e-018	0.000000e+000	0.000000e+000	-6.248083e-017	6.448561e-017	-9.787590e-018	-6.129376e-016
2.290000e+001	2.720254e-013	1.226589e-013	2.625186e-012	1.000000e+000	8.691793e-017	1.016176e-018	0.000000e+000	0.000000e+000	-4.297274e-017	4.496136e-017	-6.727962e-018	-4.219670e-016
2.300000e+001	1.871511e-013	8.439462e-014	1.807263e-012	1.000000e+000	6.007620e-017	6.736602e-019	0.000000e+000	0.000000e+000	-2.956303e-017	3.118683e-017	-4.627036e-018	-2.904961e-016
2.310000e+001	1.287772e-013	5.807495e-014	1.244178e-012	1.000000e+000	4.145208e-017	4.522803e-019	0.000000e+000	0.000000e+000	-2.034105e-017	2.156331e-017	-3.183134e-018	-1.999871e-016
2.320000e+001	8.861874e-014	3.996679e-014	8.565325e-013	1.000000e+000	2.857081e-017	3.062368e-019	0.000000e+000	0.000000e+000	-1.399717e-017	1.487988e-017	-2.190229e-018	-1.376776e-016
2.330000e+001	6.098690e-014	2.750630e-014	5.896644e-013	1.000000e+000	1.967920e-017	2.085068e-019	0.000000e+000	0.000000e+000	-9.632369e-018	1.025534e-017	-1.507216e-018	-9.478172e-017
2.340000e+001	4.197230e-014	1.893124e-014	4.059438e-013	1.000000e+000	1.354913e-017	1.424751e-019	0.000000e+000	0.000000e+000	-6.628913e-018	7.062687e-018	-1.037274e-018	-6.525079e-017
2.350000e+001	2.888672e-014	1.302970e-014	2.794646e-013	1.000000e+000	9.326153e-018	9.757732e-020	0.000000e+000	0.000000e+000	-4.562066e-018	4.861664e-018	-7.138896e-019	-4.492074e-017
2.360000e+001	1.988106e-014	8.967986e-015	1.923923e-013	1.000000e+000	6.418361e-018	6.692447e-020	0.000000e+000	0.000000e+000	-3.139691e-018	3.345595e-018	-4.913385e-019	-3.092487e-017
2.370000e+001	1.368309e-014	6.172466e-015	1.324489e-013	1.000000e+000	4.416749e-018	4.594241e-020	0.000000e+000	0.000000e+000	-2.160807e-018	2.301885e-018	-3.381722e-019	-2.128967e-017
2.380000e+001	9.417402e-015	4.248391e-015	9.118201e-014	1.000000e+000	3.039169e-018	3.155642e-020	0.000000e+000	0.000000e+000	-1.487124e-018	1.583601e-018	-2.327553e-019	-1.465648e-017
2.390000e+001	6.481556e-015	2.924095e-015	6.277256e-014	1.000000e+000	2.091176e-018	2.168273e-020	0.000000e+000	0.000000e+000	-1.023482e-018	1.089378e-018	-1.602006e-019	-1.008999e-017
2.400000e+001	4.460959e-015	2.012608e-015	4.321459e-014	1.000000e+000	1.438853e-018	1.490165e-020	0.000000e+000	0.000000e+000	-7.043907e-019	7.493641e-019	-1.102631e-019	-6.946265e-018
2.410000e+001	3.070278e-015	1.385247e-015	2.975027e-014	1.000000e+000	9.900021e-019	1.024266e-020	0.000000e+000	0.000000e+000	-4.847834e-019	5.154614e-019	-7.589227e-020	-4.782027e-018
2.420000e+001	2.113136e-015	9.534449e-016	2.048101e-014	1.000000e+000	6.811645e-019	7.040873e-021	0.000000e+000	0.000000e+000	-3.336431e-019	3.545623e-019	-5.223546e-020	-3.292098e-018
2.430000e+001	1.454378e-015	6.562421e-016	1.409977e-014	1.000000e+000	4.686683e-019	4.840187e-021	0.000000e+000	0.000000e+000	-2.296237e-019	2.438848e-019	-3.595287e-020	-2.266383e-018
2.440000e+001	1.000984e-015	4.516819e-016	9.706714e-015	1.000000e+000	3.224614e-019	3.327445e-021	0.000000e+000	0.000000e+000	-1.580343e-019	1.677545e-019	-2.474583e-020	-1.560249e-018
2.450000e+001	6.889336e-016	3.108861e-016	6.682401e-015	1.000000e+000	2.218651e-019	2.287534e-021	0.000000e+000	0.000000e+000	-1.087643e-019	1.153884e-019	-1.703219e-020	-1.074124e-018
2.460000e+001	4.741628e-016	2.139784e-016	4.600370e-015	1.000000e+000	1.526511e-019	1.572638e-021	0.000000e+000	0.000000e+000	-7.485503e-020	7.936867e-020	-1.172301e-020	-7.394600e-019
2.470000e+001	3.263454e-016	1.472783e-016	3.167036e-015	1.000000e+000	1.050292e-019	1.081167e-021	0.000000e+000	0.000000e+000	-5.151762e-020	5.459279e-020	-8.068780e-021	-5.090671e-019
2.480000e+001	2.246092e-016	1.013695e-016	2.180284e-015	1.000000e+000	7.226374e-020	7.432901e-022	0.000000e+000	0.000000e+000	-3.545607e-020	3.755096e-020	-5.553625e-021	-3.504574e-019
2.490000e+001	1.545887e-016	6.977117e-017	1.500974e-015	1.000000e+000	4.971993e-020	5.110043e-022	0.000000e+000	0.000000e+000	-2.440200e-020	2.582893e-020	-3.822480e-021	-2.412657e-019
2.500000e+001	1.063966e-016	4.802249e-017	1.033316e-015	1.000000e+000	3.420901e-020	3.513105e-022	0.000000e+000	0.000000e+000	-1.679424e-020	1.776608e-020	-2.630958e-021	-1.660947e-019
2.510000e+001	7.322812e-017	3.305318e-017	7.113660e-016	1.000000e+000	2.353696e-020	2.415225e-022	0.000000e+000	0.000000e+000	-1.155833e-020	1.222015e-020	-1.810851e-021	-1.143446e-019
2.520000e+001	5.039970e-017	2.275003e-017	4.897258e-016	1.000000e+000	1.619422e-020	1.660443e-022	0.000000e+000	0.000000e+000	-7.954811e-021	8.405458e-021	-1.246382e-021	-7.871832e-020
2.530000e+001	3.468790e-017	1.565851e-017	3.371420e-016	1.000000e+000	1.114217e-020	1.141538e-022	0.000000e+000	0.000000e+000	-5.474755e-021	5.781573e-021	-8.578669e-022	-5.419208e-020
2.540000e+001	2.387416e-017	1.077753e-017	2.320986e-016	1.000000e+000	7.666192e-021	7.847947e-023	0.000000e+000	0.000000e+000	-3.767901e-021	3.976771e-021	-5.904574e-022	-3.730746e-020
2.550000e+001	1.643153e-017	7.418015e-018	1.597836e-016	1.000000e+000	5.274598e-021	5.395374e-023	0.000000e+000	0.000000e+000	-2.593189e-021	2.735363e-021	-4.064032e-022	-2.568358e-020
2.560000e+001	1.130910e-017	5.105711e-018	1.099998e-016	1.000000e+000	3.629101e-021	3.709255e-023	0.000000e+000	0.000000e+000	-1.784716e-021	1.881478e-021	-2.797215e-022	-1.768135e-020
2.570000e+001	7.783558e-018	3.514187e-018	7.572713e-017	1.000000e+000	2.496944e-021	2.550066e-023	0.000000e+000	0.000000e+000	-1.228298e-021	1.294146e-021	-1.925282e-022	-1.217237e-020
2.580000e+001	5.357081e-018	2.418763e-018	5.213280e-017	1.000000e+000	1.717981e-021	1.753137e-023	0.000000e+000	0.000000e+000	-8.453539e-022	8.901584e-022	-1.325144e-022	-8.379823e-021
2.590000e+001	3.687043e-018	1.664799e-018	3.588976e-017	1.000000e+000	1.182028e-021	1.205257e-023	0.000000e+000	0.000000e+000	-5.817995e-022	6.122815e-022	-9.120770e-023	-5.768919e-021
2.600000e+001	2.537629e-018	1.145857e-018	2.470756e-017	1.000000e+000	8.132751e-022	8.285968e-024	0.000000e+000	0.000000e+000	-4.004129e-022	4.211482e-022	-6.277693e-023	-3.971495e-021
2.610000e+001	1.746538e-018	7.886765e-019	1.700941e-017	1.000000e+000	5.595604e-022	5.696478e-024	0.000000e+000	0.000000e+000	-2.755769e-022	2.896800e-022	-4.320844e-023	-2.734095e-021
2.620000e+001	1.202065e-018	5.428344e-019	1.170978e-017	1.000000e+000	3.849962e-022	3.916239e-024	0.000000e+000	0.000000e+000	-1.896608e-022	1.992517e-022	-2.973974e-023	-1.882231e-021
2.630000e+001	8.273287e-019	3.736249e-019	8.061351e-018	1.000000e+000	2.648902e-022	2.692350e-024	0.000000e+000	0.000000e+000	-1.305306e-022	1.370520e-022	-2.046942e-023	-1.295783e-021
2.640000e+001	5.694138e-019	2.571605e-019	5.549668e-018	1.000000e+000	1.822533e-022	1.850945e-024	0.000000e+000	0.000000e+000	-8.983528e-023	9.426894e-023	-1.408880e-023	-8.920552e-022
2.650000e+001	3.919024e-019	1.769998e-019	3.820552e-018	1.000000e+000	1.253963e-022	1.272492e-024	0.000000e+000	0.000000e+000	-6.182749e-023	6.484131e-023	-9.697116e-024	-6.141168e-022
2.660000e+001	2.697291e-019	1.218263e-019	2.630178e-018	1.000000e+000	8.627682e-023	8.748147e-025	0.000000e+000	0.000000e+000	-4.255164e-023	4.459999e-023	-6.674382e-024	-4.227759e-022
2.670000e+001	1.856427e-019	8.385125e-020	1.810690e-018	1.000000e+000	5.936131e-023	6.014185e-025	0.000000e+000	0.000000e+000	-2.928539e-023	3.067734e-023	-4.593878e-024	-2.910512e-022
2.680000e+001	1.277696e-019	5.771357e-020	1.246531e-018	1.000000e+000	4.084254e-023	4.134634e-025	0.000000e+000	0.000000e+000	-2.015513e-023	2.110087e-023	-3.161898e-024	-2.003681e-022
2.690000e+001	8.793821e-020	3.972339e-020	8.581476e-019	1.000000e+000	2.810102e-023	2.842477e-025	0.000000e+000	0.000000e+000	-1.387140e-023	1.451386e-023	-2.176288e-024	-1.379391e-022
2.700000e+001	6.052398e-020	2.734102e-020	5.907733e-019	1.000000e+000	1.933443e-023	1.954143e-025	0.000000e+000	0.000000e+000	-9.546739e-024	9.983102e-024	-1.497907e-024	-9.496127e-023
2.710000e+001	4.165598e-020	1.881841e-020	4.067051e-019	1.000000e+000	1.330272e-023	1.343431e-025	0.000000e+000	0.000000e+000	-6.570368e-024	6.866697e-024	-1.030987e-024	-6.537405e-023
2.720000e+001	2.866997e-020	1.295243e-020	2.799873e-019	1.000000e+000	9.152710e-024	9.235792e-026	0.000000e+000	0.000000e+000	-4.521935e-024	4.723132e-024	-7.096129e-025	-4.500536e-023
2.730000e+001	1.973227e-020	8.914965e-021	1.927511e-019	1.000000e+000	6.297365e-024	6.349395e-026	0.000000e+000	0.000000e+000	-3.112139e-024	3.248720e-024	-4.884159e-025	-3.098297e-023
2.740000e+001	1.358085e-020	6.136037e-021	1.326953e-019	1.000000e+000	4.332793e-024	4.365060e-026	0.000000e+000	0.000000e+000	-2.141872e-024	2.234571e-024	-3.361694e-025	-2.132956e-023
2.750000e+001	9.347097e-021	4.223342e-021	9.135116e-020	1.000000e+000	2.981103e-024	3.000873e-026	0.000000e+000	0.000000e+000	-1.474104e-024	1.537008e-024	-2.313804e-025	-1.468387e-023
2.760000e+001	6.433193e-021	2.906863e-021	6.288869e-020	1.000000e+000	2.051097e-024	2.063025e-026	0.000000e+000	0.000000e+000	-1.014525e-024	1.057202e-024	-1.592556e-025	-1.010879e-023
2.770000e+001	4.427682e-021	2.000750e-021	4.329432e-020	1.000000e+000	1.411221e-024	1.418277e-026	0.000000e+000	0.000000e+000	-6.982283e-025	7.271758e-025	-1.096133e-025	-6.959175e-024
2.780000e+001	3.047377e-021	1.377086e-021	2.980501e-020	1.000000e+000	9.709663e-025	9.750284e-027	0.000000e+000	0.000000e+000	-4.805428e-025	5.001738e-025	-7.544516e-026	-4.790891e-024
2.790000e+001	2.097374e-021	9.478273e-022	2.051860e-020	1.000000e+000	6.680564e-025	6.703058e-027	0.000000e+000	0.000000e+000	-3.307247e-025	3.440347e-025	-5.192777e-026	-3.298183e-024
2.800000e+001	1.443530e-021	6.523752e-022	1.412557e-020	1.000000e+000	4.596445e-025	4.608168e-027	0.000000e+000	0.000000e+000	-2.276152e-025	2.366375e-025	-3.574110e-026	-2.270561e-024
2.810000e+001	9.935175e-022	4.490199e-022	9.724428e-021	1.000000e+000	3.162503e-025	3.167985e-027	0.000000e+000	0.000000e+000	-1.566519e-025	1.627664e-025	-2.460006e-026	-1.563117e-024
2.820000e+001	6.837940e-022	3.090536e-022	6.694562e-021	1.000000e+000	2.175905e-025	2.177898e-027	0.000000e+000	0.000000e+000	-1.078128e-025	1.119555e-025	-1.693185e-026	-1.076093e-024
2.830000e+001	4.706250e-022	2.127169e-022	4.608719e-021	1.000000e+000	1.497093e-025	1.497241e-027	0.000000e+000	0.000000e+000	-7.420017e-026	7.700634e-026	-1.165393e-026	-7.408119e-025
2.840000e+001	3.239103e-022	1.464098e-022	3.172768e-021	1.000000e+000	1.030048e-025	1.029308e-027	0.000000e+000	0.000000e+000	-5.106689e-026	5.296722e-026	-8.021226e-027	-5.099952e-025
2.850000e+001	2.229331e-022	1.007716e-022	2.184219e-021	1.000000e+000	7.087063e-026	7.076173e-028	0.000000e+000	0.000000e+000	-3.514584e-026	3.643240e-026	-5.520888e-027	-3.510947e-025
2.860000e+001	1.534349e-022	6.935957e-023	1.503675e-021	1.000000e+000	4.876127e-026	4.864645e-028	0.000000e+000	0.000000e+000	-2.418848e-026	2.505926e-026	-3.799943e-027	-2.417031e-025
2.870000e+001	1.056024e-022	4.773913e-023	1.035171e-021	1.000000e+000	3.354932e-026	3.344287e-028	0.000000e+000	0.000000e+000	-1.664727e-026	1.723648e-026	-2.615443e-027	-1.663950e-025
2.880000e+001	7.268145e-023	3.285811e-023	7.126392e-022	1.000000e+000	2.308301e-026	2.299087e-028	0.000000e+000	0.000000e+000	-1.145717e-026	1.185574e-026	-1.800169e-027	-1.145508e-025
2.890000e+001	5.002341e-023	2.261573e-023	4.905999e-022	1.000000e+000	1.588185e-026	1.580545e-028	0.000000e+000	0.000000e+000	-7.885188e-027	8.154717e-027	-1.239029e-027	-7.885987e-026
2.900000e+001	3.442888e-023	1.556606e-023	3.377420e-022	1.000000e+000	1.092722e-026	1.086571e-028	0.000000e+000	0.000000e+000	-5.426834e-027	5.609044e-027	-8.528047e-028	-5.428925e-026
2.910000e+001	2.369587e-023	1.071388e-023	2.325106e-022	1.000000e+000	7.518277e-027	7.469793e-029	0.000000e+000	0.000000e+000	-3.734918e-027	3.858057e-027	-5.869724e-028	-3.737418e-026
2.920000e+001	1.630881e-023	7.374198e-024	1.600664e-022	1.000000e+000	5.172815e-027	5.135216e-029	0.000000e+000	0.000000e+000	-2.570488e-027	2.653679e-027	-4.040041e-028	-2.572938e-026
2.930000e+001	1.122463e-023	5.075547e-024	1.101939e-022	1.000000e+000	3.559061e-027	3.530275e-029	0.000000e+000	0.000000e+000	-1.769090e-027	1.825274e-027	-2.780698e-028	-1.771279e-026
2.940000e+001	7.725410e-024	3.493420e-024	7.586041e-023	1.000000e+000	2.448747e-027	2.426933e-029	0.000000e+000	0.000000e+000	-1.217543e-027	1.255473e-027	-1.913912e-028	-1.219395e-026
2.950000e+001	5.317055e-024	2.404467e-024	5.222429e-023	1.000000e+000	1.684816e-027	1.668425e-029	0.000000e+000	0.000000e+000	-8.379516e-028	8.635485e-028	-1.317316e-028	-8.394640e-027
2.960000e+001	3.659492e-024	1.654957e-024	3.595256e-023	1.000000e+000	1.159207e-027	1.146978e-029	0.000000e+000	0.000000e+000	-5.767045e-028	5.939719e-028	-9.066881e-029	-5.779091e-027
2.970000e+001	2.518665e-024	1.139081e-024	2.475068e-023	1.000000e+000	7.975709e-028	7.885027e-030	0.000000e+000	0.000000e+000	-3.969061e-028	4.085498e-028	-6.240594e-029	-3.978478e-027
2.980000e+001	1.733484e-024	7.840120e-025	1.703901e-023	1.000000e+000	5.487540e-028	5.420642e-030	0.000000e+000	0.000000e+000	-2.731632e-028	2.810114e-028	-4.295304e-029	-2.738888e-027
2.990000e+001	1.193080e-024	5.396232e-025	1.173009e-023	1.000000e+000	3.775600e-028	3.726472e-030	0.000000e+000	0.000000e+000	-1.879995e-028	1.932870e-028	-2.956391e-029	-1.885522e-027
3.000000e+001	8.211436e-025	3.714143e-025	8.075298e-024	1.000000e+000	2.597732e-028	2.561796e-030	0.000000e+000	0.000000e+000	-1.293871e-028	1.329479e-028	-2.034838e-029	-1.298042e-027
3.010000e+001	5.651564e-025	2.556386e-025	5.559242e-024	1.000000e+000	1.787321e-028	1.761128e-030	0.000000e+000	0.000000e+000	-8.904827e-029	9.144499e-029	-1.400547e-029	-8.936060e-028
3.020000e+001	3.889719e-025	1.759521e-025	3.827124e-024	1.000000e+000	1.229733e-028	1.210700e-030	0.000000e+000	0.000000e+000	-6.128580e-029	6.289822e-029	-9.639748e-030	-6.151814e-028
3.030000e+001	2.677119e-025	1.211050e-025	2.634690e-024	1.000000e+000	8.460950e-029	8.323042e-031	0.000000e+000	0.000000e+000	-4.217881e-029	4.326300e-029	-6.634888e-030	-4.235067e-028
3.040000e+001	1.842541e-025	8.335470e-026	1.813787e-024	1.000000e+000	5.821398e-029	5.721726e-031	0.000000e+000	0.000000e+000	-2.902877e-029	2.975738e-029	-4.566690e-030	-2.915528e-028
3.050000e+001	1.268139e-025	5.737173e-026	1.248657e-024	1.000000e+000	4.005304e-029	3.933431e-031	0.000000e+000	0.000000e+000	-1.997851e-029	2.046788e-029	-3.143181e-030	-2.007124e-028
3.060000e+001	8.728031e-026	3.948806e-026	8.596069e-025	1.000000e+000	2.755774e-029	2.704056e-031	0.000000e+000	0.000000e+000	-1.374983e-029	1.407831e-029	-2.163402e-030	-1.381755e-028
3.070000e+001	6.007113e-026	2.717901e-026	5.917749e-025	1.000000e+000	1.896058e-029	1.858914e-031	0.000000e+000	0.000000e+000	-9.463064e-030	9.683412e-030	-1.489036e-030	-9.512353e-029
3.080000e+001	4.134427e-026	1.870688e-026	4.073926e-025	1.000000e+000	1.304547e-029	1.277916e-031	0.000000e+000	0.000000e+000	-6.512776e-030	6.660488e-030	-1.024880e-030	-6.548544e-029
3.090000e+001	2.845540e-026	1.287565e-026	2.804592e-025	1.000000e+000	8.975690e-030	8.785068e-032	0.000000e+000	0.000000e+000	-4.482295e-030	4.581245e-030	-7.054086e-031	-4.508182e-029
3.100000e+001	1.958458e-026	8.862106e-027	1.930751e-025	1.000000e+000	6.175553e-030	6.039311e-032	0.000000e+000	0.000000e+000	-3.084855e-030	3.151091e-030	-4.855216e-031	-3.103546e-029
3.110000e+001	1.347919e-026	6.099647e-027	1.329177e-025	1.000000e+000	4.248972e-030	4.151731e-032	0.000000e+000	0.000000e+000	-2.123094e-030	2.167395e-030	-3.341768e-031	-2.136558e-029
3.120000e+001	9.277119e-027	4.198290e-027	9.150380e-026	1.000000e+000	2.923424e-030	2.854110e-032	0.000000e+000	0.000000e+000	-1.461179e-030	1.490786e-030	-2.300086e-031	-1.470860e-029
3.130000e+001	6.385024e-027	2.889616e-027	6.299346e-026	1.000000e+000	2.011406e-030	1.962057e-032	0.000000e+000	0.000000e+000	-1.005629e-030	1.025397e-030	-1.583113e-031	-1.012576e-029
3.140000e+001	4.394525e-027	1.988877e-027	4.336624e-026	1.000000e+000	1.383909e-030	1.348814e-032	0.000000e+000	0.000000e+000	-6.921051e-031	7.052922e-031	-1.089632e-031	-6.970826e-030
3.150000e+001	3.024554e-027	1.368912e-027	2.985438e-026	1.000000e+000	9.521721e-031	9.272399e-033	0.000000e+000	0.000000e+000	-4.763283e-031	4.851162e-031	-7.499760e-032	-4.798888e-030
3.160000e+001	2.081665e-027	9.422003e-028	2.055248e-026	1.000000e+000	6.551236e-031	6.374288e-033	0.000000e+000	0.000000e+000	-3.278239e-031	3.336740e-031	-5.161966e-032	-3.303672e-030
3.170000e+001	1.432716e-027	6.485014e-028	1.414882e-026	1.000000e+000	4.507452e-031	4.381984e-033	0.000000e+000	0.000000e+000	-2.256186e-031	2.295085e-031	-3.552899e-032	-2.274329e-030
3.180000e+001	9.860741e-028	4.463531e-028	9.740390e-027	1.000000e+000	3.101265e-031	3.012378e-033	0.000000e+000	0.000000e+000	-1.552777e-031	1.578611e-031	-2.445403e-032	-1.565703e-030
3.190000e+001	6.786704e-028	3.072177e-028	6.705518e-027	1.000000e+000	2.133765e-031	2.070846e-033	0.000000e+000	0.000000e+000	-1.068670e-031	1.085804e-031	-1.683132e-032	-1.077868e-030
3.200000e+001	4.670983e-028	2.114530e-028	4.616239e-027	1.000000e+000	1.468095e-031	1.423592e-033	0.000000e+000	0.000000e+000	-7.354916e-032	7.468397e-032	-1.158473e-032	-7.420304e-031
