TIME          	MC CONC       	STS CONC      	HTS CONC      	SED CONC      	ADV dm/dt     	DISP dm/dt    	DECAY dm/dt   	SORPTION dm/dt	STORAGE dm/dt 	MC dm/dt      	STS dm/dt     	HTS dm/dt     
(hr)          	mg/L          	mg/L          	mg/L          	mg/L          	(mg/L)·(m²/s)  	(mg/L)·(m²/s)  	(mg/L)·(m²/s)  	(mg/L)·(m²/s)  	(mg/L)·(m²/s)  	(mg/L)·(m²/s)  	(mg/L)·(m²/s)  	(mg/L)·(m²/s)  
0.000000e+000	0.000000e+000	0.000000e+000	0.000000e+000	0.000000e+000	0.000000e+000	0.000000e+000	0.000000e+000	0.000000e+000	0.000000e+000	0.000000e+000	0.000000e+000	0.000000e+000
1.000000e-001	1.906755e-029	1.436899e-030	8.124818e-034	1.000000e+000	3.806543e-032	1.200886e-031	0.000000e+000	0.000000e+000	-5.167157e-033	1.529868e-031	5.158481e-033	8.675814e-036
2.000000e-001	1.341486e-020	1.594893e-021	1.473422e-024	1.000000e+000	4.974620e-024	4.878990e-023	0.000000e+000	0.000000e+000	-3.464172e-024	5.030035e-023	3.454546e-024	9.626308e-027
3.000000e-001	1.773691e-015	3.087257e-016	4.403195e-019	1.000000e+000	-1.499416e-018	3.927983e-018	0.000000e+000	0.000000e+000	-4.293491e-019	1.999218e-018	4.274867e-019	1.862442e-021
4.000000e-001	3.440942e-012	8.131799e-013	1.685489e-015	1.000000e+000	-6.223960e-015	4.917627e-015	0.000000e+000	0.000000e+000	-7.701394e-016	-2.076473e-015	7.652370e-016	4.902474e-018
5.000000e-001	6.309811e-010	1.901742e-010	5.442858e-013	1.000000e+000	-1.641037e-012	6.113124e-013	0.000000e+000	0.000000e+000	-1.291908e-013	-1.158915e-012	1.280452e-013	1.145610e-015
6.000000e-001	2.763037e-008	1.010668e-008	3.832394e-011	1.000000e+000	-9.020492e-011	1.888024e-011	0.000000e+000	0.000000e+000	-5.135808e-012	-7.646048e-011	5.074982e-012	6.082584e-014
7.000000e-001	4.793940e-007	2.047442e-007	9.950383e-010	1.000000e+000	-1.835408e-009	2.383856e-010	0.000000e+000	0.000000e+000	-8.049384e-011	-1.677517e-009	7.926293e-011	1.230908e-012
8.000000e-001	4.430700e-006	2.144405e-006	1.300521e-008	1.000000e+000	-1.911030e-008	1.642754e-009	0.000000e+000	0.000000e+000	-6.700629e-010	-1.813761e-008	6.571865e-010	1.287641e-011
9.000000e-001	2.618088e-005	1.403183e-005	1.039409e-007	1.000000e+000	-1.239485e-007	7.372554e-009	0.000000e+000	0.000000e+000	-3.560617e-009	-1.201366e-007	3.476475e-009	8.414245e-011
1.000000e+000	1.112711e-004	6.486989e-005	5.768307e-007	1.000000e+000	-5.679705e-007	2.412748e-008	0.000000e+000	0.000000e+000	-1.359918e-008	-5.574422e-007	1.321077e-008	3.884131e-010
1.100000e+000	3.681675e-004	2.302323e-004	2.423175e-006	1.000000e+000	-2.000168e-006	6.208217e-008	0.000000e+000	0.000000e+000	-4.042578e-008	-1.978512e-006	3.904952e-008	1.376261e-009
1.200000e+000	1.002131e-003	6.648231e-004	8.186955e-006	1.000000e+000	-5.738853e-006	1.323061e-007	0.000000e+000	0.000000e+000	-9.885760e-008	-5.705404e-006	9.489067e-008	3.966929e-009
1.300000e+000	2.334798e-003	1.628731e-003	2.324407e-005	1.000000e+000	-1.398899e-005	2.423593e-007	0.000000e+000	0.000000e+000	-2.069328e-007	-1.395356e-005	1.972336e-007	9.699214e-009
1.400000e+000	4.794772e-003	3.491975e-003	5.729384e-005	1.000000e+000	-2.987917e-005	3.921053e-007	0.000000e+000	0.000000e+000	-3.818211e-007	-2.986889e-005	3.610712e-007	2.074991e-008
1.500000e+000	8.874611e-003	6.708080e-003	1.256817e-004	1.000000e+000	-5.724329e-005	5.717932e-007	0.000000e+000	0.000000e+000	-6.349624e-007	-5.730646e-005	5.951962e-007	3.976618e-008
1.600000e+000	1.506219e-002	1.175869e-002	2.501247e-004	1.000000e+000	-1.001630e-004	7.632947e-007	0.000000e+000	0.000000e+000	-9.681834e-007	-1.003679e-004	8.986568e-007	6.952661e-008
1.700000e+000	2.376329e-002	1.908167e-002	4.585216e-004	1.000000e+000	-1.623716e-004	9.439332e-007	0.000000e+000	0.000000e+000	-1.372081e-006	-1.627998e-004	1.259573e-006	1.125078e-007
1.800000e+000	3.523407e-002	2.900011e-002	7.837515e-004	1.000000e+000	-2.466614e-004	1.091418e-006	0.000000e+000	0.000000e+000	-1.827034e-006	-2.473970e-004	1.656571e-006	1.704632e-007
1.900000e+000	4.953801e-002	4.166864e-002	1.261605e-003	1.000000e+000	-3.544271e-004	1.188279e-006	0.000000e+000	0.000000e+000	-2.306340e-006	-3.555451e-004	2.062229e-006	2.441106e-007
2.000000e+000	6.653385e-002	5.704682e-002	1.928180e-003	1.000000e+000	-4.854316e-004	1.224687e-006	0.000000e+000	0.000000e+000	-2.780438e-006	-4.869874e-004	2.447450e-006	3.329877e-007
2.100000e+000	8.589323e-002	7.490248e-002	2.817151e-003	1.000000e+000	-6.378170e-004	1.199274e-006	0.000000e+000	0.000000e+000	-3.221147e-006	-6.398389e-004	2.785658e-006	4.354884e-007
2.200000e+000	1.071412e-001	9.484049e-002	3.957311e-003	1.000000e+000	-8.083296e-004	1.118200e-006	0.000000e+000	0.000000e+000	-3.605061e-006	-8.108164e-004	3.056009e-006	5.490517e-007
2.300000e+000	1.297093e-001	1.163488e-001	5.370678e-003	1.000000e+000	-9.926945e-004	9.930664e-007	0.000000e+000	0.000000e+000	-3.915660e-006	-9.956171e-004	3.245209e-006	6.704513e-007
2.400000e+000	1.529920e-001	1.388522e-001	7.071334e-003	1.000000e+000	-1.186059e-003	8.383814e-007	0.000000e+000	0.000000e+000	-4.144061e-006	-1.189365e-003	3.347934e-006	7.961267e-007
2.500000e+000	1.763976e-001	1.617645e-001	9.065026e-003	1.000000e+000	-1.383435e-003	6.691634e-007	0.000000e+000	0.000000e+000	-4.288628e-006	-1.387055e-003	3.366126e-006	9.225020e-007
2.600000e+000	1.993889e-001	1.845335e-001	1.134945e-002	1.000000e+000	-1.580081e-003	4.990505e-007	0.000000e+000	0.000000e+000	-4.353782e-006	-1.583935e-003	3.307527e-006	1.046255e-006
2.700000e+000	2.215113e-001	2.066743e-001	1.391510e-002	1.000000e+000	-1.771792e-003	3.390844e-007	0.000000e+000	0.000000e+000	-4.348389e-006	-1.775801e-003	3.183875e-006	1.164514e-006
2.800000e+000	2.424080e-001	2.277905e-001	1.674643e-002	1.000000e+000	-1.955094e-003	1.971532e-007	0.000000e+000	0.000000e+000	-4.284068e-006	-1.959181e-003	3.009090e-006	1.274979e-006
2.900000e+000	2.618241e-001	2.475834e-001	1.982330e-002	1.000000e+000	-2.127328e-003	7.797410e-008	0.000000e+000	0.000000e+000	-4.173635e-006	-2.131424e-003	2.797671e-006	1.375965e-006
3.000000e+000	2.796011e-001	2.658510e-001	2.312235e-002	1.000000e+000	-2.286663e-003	-1.654788e-008	0.000000e+000	0.000000e+000	-4.029844e-006	-2.290710e-003	2.563450e-006	1.466394e-006
3.100000e+000	2.956668e-001	2.824810e-001	2.661838e-002	1.000000e+000	-2.432034e-003	-8.675331e-008	0.000000e+000	0.000000e+000	-3.864468e-006	-2.435985e-003	2.318727e-006	1.545741e-006
3.200000e+000	3.100210e-001	2.974382e-001	3.028553e-002	1.000000e+000	-2.563044e-003	-1.345902e-007	0.000000e+000	0.000000e+000	-3.687725e-006	-2.566867e-003	2.073777e-006	1.613947e-006
3.300000e+000	3.227192e-001	3.107497e-001	3.409827e-002	1.000000e+000	-2.679849e-003	-1.630052e-007	0.000000e+000	0.000000e+000	-3.507989e-006	-2.683520e-003	1.836657e-006	1.671332e-006
3.400000e+000	3.338581e-001	3.224900e-001	3.803214e-002	1.000000e+000	-2.783027e-003	-1.754233e-007	0.000000e+000	0.000000e+000	-3.331743e-006	-2.786534e-003	1.613251e-006	1.718493e-006
3.500000e+000	3.435616e-001	3.327669e-001	4.206430e-002	1.000000e+000	-2.873455e-003	-1.753455e-007	0.000000e+000	0.000000e+000	-3.163683e-006	-2.876794e-003	1.407464e-006	1.756219e-006
3.600000e+000	3.519687e-001	3.417088e-001	4.617391e-002	1.000000e+000	-2.952207e-003	-1.660645e-007	0.000000e+000	0.000000e+000	-3.006929e-006	-2.955380e-003	1.221516e-006	1.785412e-006
3.700000e+000	3.592242e-001	3.494545e-001	5.034226e-002	1.000000e+000	-3.020457e-003	-1.504906e-007	0.000000e+000	0.000000e+000	-2.863284e-006	-3.023470e-003	1.056260e-006	1.807024e-006
3.800000e+000	3.654716e-001	3.561447e-001	5.455288e-002	1.000000e+000	-3.079409e-003	-1.310637e-007	0.000000e+000	0.000000e+000	-2.733508e-006	-3.082273e-003	9.115038e-007	1.822004e-006
3.900000e+000	3.708476e-001	3.619163e-001	5.879144e-002	1.000000e+000	-3.130243e-003	-1.097329e-007	0.000000e+000	0.000000e+000	-2.617575e-006	-3.132971e-003	7.863102e-007	1.831265e-006
4.000000e+000	3.754787e-001	3.668977e-001	6.304568e-002	1.000000e+000	-3.174075e-003	-8.798029e-008	0.000000e+000	0.000000e+000	-2.514904e-006	-3.176678e-003	6.792460e-007	1.835658e-006
4.100000e+000	3.794795e-001	3.712068e-001	6.730523e-002	1.000000e+000	-3.211932e-003	-6.687248e-008	0.000000e+000	0.000000e+000	-2.424549e-006	-3.214424e-003	5.885913e-007	1.835958e-006
4.200000e+000	3.829516e-001	3.749491e-001	7.156140e-002	1.000000e+000	-3.244739e-003	-4.712513e-008	0.000000e+000	0.000000e+000	-2.345354e-006	-3.247132e-003	5.125012e-007	1.832853e-006
4.300000e+000	3.859835e-001	3.782174e-001	7.580701e-002	1.000000e+000	-3.273314e-003	-2.917108e-008	0.000000e+000	0.000000e+000	-2.276074e-006	-3.275620e-003	4.491243e-007	1.826949e-006
4.400000e+000	3.886516e-001	3.810923e-001	8.003619e-002	1.000000e+000	-3.298369e-003	-1.322509e-008	0.000000e+000	0.000000e+000	-2.215454e-006	-3.300598e-003	3.966861e-007	1.818767e-006
4.500000e+000	3.910204e-001	3.836425e-001	8.424418e-002	1.000000e+000	-3.320514e-003	6.586037e-010	0.000000e+000	0.000000e+000	-2.162295e-006	-3.322675e-003	3.535421e-007	1.808752e-006
4.600000e+000	3.931444e-001	3.859263e-001	8.842718e-002	1.000000e+000	-3.340266e-003	1.253768e-008	0.000000e+000	0.000000e+000	-2.115486e-006	-3.342369e-003	3.182076e-007	1.797278e-006
4.700000e+000	3.950689e-001	3.879922e-001	9.258218e-002	1.000000e+000	-3.358060e-003	2.254246e-008	0.000000e+000	0.000000e+000	-2.074028e-006	-3.360112e-003	2.893705e-007	1.784658e-006
4.800000e+000	3.968310e-001	3.898805e-001	9.670682e-002	1.000000e+000	-3.374257e-003	3.084553e-008	0.000000e+000	0.000000e+000	-2.037039e-006	-3.376263e-003	2.658912e-007	1.771147e-006
4.900000e+000	3.984612e-001	3.916243e-001	1.007993e-001	1.000000e+000	-3.389153e-003	3.763909e-008	0.000000e+000	0.000000e+000	-2.003753e-006	-3.391119e-003	2.467951e-007	1.756958e-006
5.000000e+000	3.999844e-001	3.932506e-001	1.048582e-001	1.000000e+000	-3.402992e-003	4.311898e-008	0.000000e+000	0.000000e+000	-1.973521e-006	-3.404922e-003	2.312590e-007	1.742262e-006
5.100000e+000	4.014204e-001	3.947812e-001	1.088826e-001	1.000000e+000	-3.415970e-003	4.747384e-008	0.000000e+000	0.000000e+000	-1.945792e-006	-3.417868e-003	2.185956e-007	1.727196e-006
5.200000e+000	4.027853e-001	3.962337e-001	1.128718e-001	1.000000e+000	-3.428246e-003	5.087842e-008	0.000000e+000	0.000000e+000	-1.920109e-006	-3.430115e-003	2.082368e-007	1.711872e-006
5.300000e+000	4.040918e-001	3.976222e-001	1.168251e-001	1.000000e+000	-3.439947e-003	5.348902e-008	0.000000e+000	0.000000e+000	-1.896093e-006	-3.441790e-003	1.997169e-007	1.696377e-006
5.400000e+000	4.053500e-001	3.989577e-001	1.207424e-001	1.000000e+000	-3.451175e-003	5.543230e-008	0.000000e+000	0.000000e+000	-1.873433e-006	-3.452993e-003	1.926535e-007	1.680780e-006
5.500000e+000	4.065678e-001	4.002492e-001	1.246235e-001	1.000000e+000	-3.462010e-003	5.676563e-008	0.000000e+000	0.000000e+000	-1.851849e-006	-3.463805e-003	1.867139e-007	1.665135e-006
5.600000e+000	4.077507e-001	4.015031e-001	1.284682e-001	1.000000e+000	-3.472511e-003	5.740202e-008	0.000000e+000	0.000000e+000	-1.831030e-006	-3.474285e-003	1.815465e-007	1.649483e-006
5.700000e+000	4.089007e-001	4.027231e-001	1.322766e-001	1.000000e+000	-3.482713e-003	5.703696e-008	0.000000e+000	0.000000e+000	-1.810525e-006	-3.484467e-003	1.766796e-007	1.633846e-006
5.800000e+000	4.100153e-001	4.039090e-001	1.360488e-001	1.000000e+000	-3.492617e-003	5.506770e-008	0.000000e+000	0.000000e+000	-1.789620e-006	-3.494351e-003	1.713987e-007	1.618222e-006
5.900000e+000	4.110840e-001	4.050545e-001	1.397847e-001	1.000000e+000	-3.502168e-003	5.035203e-008	0.000000e+000	0.000000e+000	-1.767114e-006	-3.503885e-003	1.645418e-007	1.602572e-006
6.000000e+000	4.120823e-001	4.061424e-001	1.434842e-001	1.000000e+000	-3.511225e-003	4.065895e-008	0.000000e+000	0.000000e+000	-1.740853e-006	-3.512925e-003	1.540580e-007	1.586795e-006
6.100000e+000	4.129609e-001	4.071367e-001	1.471467e-001	1.000000e+000	-3.519478e-003	2.199857e-008	0.000000e+000	0.000000e+000	-1.706921e-006	-3.521162e-003	1.362459e-007	1.570675e-006
6.200000e+000	4.136277e-001	4.079680e-001	1.507711e-001	1.000000e+000	-3.526335e-003	-1.149710e-008	0.000000e+000	0.000000e+000	-1.658730e-006	-3.528005e-003	1.049293e-007	1.553801e-006
6.300000e+000	4.139294e-001	4.085155e-001	1.543548e-001	1.000000e+000	-3.530769e-003	-6.635353e-008	0.000000e+000	0.000000e+000	-1.586702e-006	-3.532422e-003	5.124408e-008	1.535458e-006
6.400000e+000	4.136391e-001	4.085915e-001	1.578933e-001	1.000000e+000	-3.531188e-003	-1.470175e-007	0.000000e+000	0.000000e+000	-1.479337e-006	-3.532815e-003	-3.520451e-008	1.514541e-006
6.500000e+000	4.124646e-001	4.079402e-001	1.613787e-001	1.000000e+000	-3.525424e-003	-2.524692e-007	0.000000e+000	0.000000e+000	-1.325997e-006	-3.527003e-003	-1.635524e-007	1.489550e-006
6.600000e+000	4.100827e-001	4.062583e-001	1.647998e-001	1.000000e+000	-3.510911e-003	-3.738205e-007	0.000000e+000	0.000000e+000	-1.120846e-006	-3.512406e-003	-3.378749e-007	1.458721e-006
6.700000e+000	4.061987e-001	4.032421e-001	1.681409e-001	1.000000e+000	-3.485076e-003	-4.945576e-007	0.000000e+000	0.000000e+000	-8.665079e-007	-3.486437e-003	-5.538064e-007	1.420314e-006
6.800000e+000	4.006150e-001	3.986507e-001	1.713828e-001	1.000000e+000	-3.445863e-003	-5.942095e-007	0.000000e+000	0.000000e+000	-5.756928e-007	-3.447033e-003	-7.972984e-007	1.372991e-006
6.900000e+000	3.932866e-001	3.923670e-001	1.745039e-001	1.000000e+000	-3.392244e-003	-6.546060e-007	0.000000e+000	0.000000e+000	-2.694991e-007	-3.393168e-003	-1.046676e-006	1.316175e-006
7.000000e+000	3.843401e-001	3.844339e-001	1.774824e-001	1.000000e+000	-3.324516e-003	-6.661997e-007	0.000000e+000	0.000000e+000	2.749731e-008	-3.325155e-003	-1.277751e-006	1.250254e-006
7.100000e+000	3.740472e-001	3.750490e-001	1.802987e-001	1.000000e+000	-3.244273e-003	-6.314445e-007	0.000000e+000	0.000000e+000	2.936295e-007	-3.244611e-003	-1.470173e-006	1.176544e-006
7.200000e+000	3.627620e-001	3.645208e-001	1.829367e-001	1.000000e+000	-3.154045e-003	-5.636407e-007	0.000000e+000	0.000000e+000	5.154607e-007	-3.154093e-003	-1.612463e-006	1.097002e-006
7.300000e+000	3.508444e-001	3.531991e-001	1.853856e-001	1.000000e+000	-3.056739e-003	-4.820076e-007	0.000000e+000	0.000000e+000	6.900935e-007	-3.056531e-003	-1.703903e-006	1.013810e-006
7.400000e+000	3.385940e-001	3.414056e-001	1.876393e-001	1.000000e+000	-2.955063e-003	-4.053756e-007	0.000000e+000	0.000000e+000	8.240090e-007	-2.954645e-003	-1.752956e-006	9.289472e-007
7.500000e+000	3.262130e-001	3.293842e-001	1.896956e-001	1.000000e+000	-2.851111e-003	-3.470752e-007	0.000000e+000	0.000000e+000	9.294099e-007	-2.850529e-003	-1.773309e-006	8.438993e-007
7.600000e+000	3.138009e-001	3.172805e-001	1.915553e-001	1.000000e+000	-2.746184e-003	-3.126004e-007	0.000000e+000	0.000000e+000	1.019780e-006	-2.745476e-003	-1.779323e-006	7.595426e-007
7.700000e+000	3.013767e-001	3.051511e-001	1.932204e-001	1.000000e+000	-2.640842e-003	-2.999857e-007	0.000000e+000	0.000000e+000	1.106178e-006	-2.640036e-003	-1.782383e-006	6.762055e-007
7.800000e+000	2.889146e-001	2.929915e-001	1.946934e-001	1.000000e+000	-2.535135e-003	-3.015355e-007	0.000000e+000	0.000000e+000	1.194857e-006	-2.534241e-003	-1.788704e-006	5.938473e-007
7.900000e+000	2.763881e-001	2.807760e-001	1.959764e-001	1.000000e+000	-2.428912e-003	-3.056552e-007	0.000000e+000	0.000000e+000	1.285984e-006	-2.427931e-003	-1.798283e-006	5.122992e-007
8.000000e+000	2.638152e-001	2.685006e-001	1.970710e-001	1.000000e+000	-2.322188e-003	-2.987057e-007	0.000000e+000	0.000000e+000	1.373185e-006	-2.321114e-003	-1.804712e-006	4.315270e-007
8.100000e+000	2.512983e-001	2.562251e-001	1.979794e-001	1.000000e+000	-2.215498e-003	-2.667566e-007	0.000000e+000	0.000000e+000	1.443957e-006	-2.214321e-003	-1.795837e-006	3.518796e-007
8.200000e+000	2.390648e-001	2.441115e-001	1.987052e-001	1.000000e+000	-2.110222e-003	-1.917220e-007	0.000000e+000	0.000000e+000	1.479092e-006	-2.108935e-003	-1.753405e-006	2.743128e-007
8.300000e+000	2.275711e-001	2.324906e-001	1.992552e-001	1.000000e+000	-2.009184e-003	-2.658574e-008	0.000000e+000	0.000000e+000	1.441805e-006	-2.007768e-003	-1.642590e-006	2.007850e-007
8.400000e+000	2.178467e-001	2.220798e-001	1.996430e-001	1.000000e+000	-1.918552e-003	3.587127e-007	0.000000e+000	0.000000e+000	1.240628e-006	-1.916953e-003	-1.376175e-006	1.355471e-007
8.500000e+000	2.122824e-001	2.145443e-001	1.998979e-001	1.000000e+000	-1.852672e-003	1.231364e-006	0.000000e+000	0.000000e+000	6.628867e-007	-1.850778e-003	-7.513698e-007	8.848304e-008
8.600000e+000	2.158608e-001	2.135036e-001	2.000838e-001	1.000000e+000	-1.842566e-003	2.989522e-006	0.000000e+000	0.000000e+000	-6.908576e-007	-1.840268e-003	6.097847e-007	8.107291e-008
8.700000e+000	2.374471e-001	2.257840e-001	2.003354e-001	1.000000e+000	-1.946396e-003	6.058961e-006	0.000000e+000	0.000000e+000	-3.418192e-006	-1.943755e-003	3.264450e-006	1.537423e-007
8.800000e+000	2.904970e-001	2.623993e-001	2.009088e-001	1.000000e+000	-2.257580e-003	1.072075e-005	0.000000e+000	0.000000e+000	-8.234794e-006	-2.255094e-003	7.863311e-006	3.714824e-007
8.900000e+000	3.926184e-001	3.386661e-001	2.022404e-001	1.000000e+000	-2.905711e-003	1.694932e-005	0.000000e+000	0.000000e+000	-1.581225e-005	-2.904574e-003	1.498806e-005	8.241871e-007
9.000000e+000	5.638147e-001	4.730984e-001	2.049981e-001	1.000000e+000	-4.047421e-003	2.433947e-005	0.000000e+000	0.000000e+000	-2.658695e-005	-4.049669e-003	2.496727e-005	1.619672e-006
9.100000e+000	8.237271e-001	6.851705e-001	2.101077e-001	1.000000e+000	-5.847876e-003	3.215614e-005	0.000000e+000	0.000000e+000	-4.060792e-005	-5.856328e-003	3.773793e-005	2.869992e-006
9.200000e+000	1.188536e+000	9.924327e-001	2.187436e-001	1.000000e+000	-8.456851e-003	3.948511e-005	0.000000e+000	0.000000e+000	-5.747357e-005	-8.474840e-003	5.279949e-005	4.674081e-006
9.300000e+000	1.668258e+000	1.407672e+000	2.322775e-001	1.000000e+000	-1.198498e-002	4.542773e-005	0.000000e+000	0.000000e+000	-7.637193e-005	-1.201593e-002	6.927103e-005	7.100901e-006
9.400000e+000	2.265011e+000	1.936754e+000	2.521938e-001	1.000000e+000	-1.648545e-002	4.927735e-005	0.000000e+000	0.000000e+000	-9.620514e-005	-1.653238e-002	8.602823e-005	1.017692e-005
9.500000e+000	2.972524e+000	2.577549e+000	2.799825e-001	1.000000e+000	-2.194449e-002	5.063334e-005	0.000000e+000	0.000000e+000	-1.157586e-004	-2.200961e-002	1.018783e-004	1.388027e-005
9.600000e+000	3.776840e+000	3.320061e+000	3.170279e-001	1.000000e+000	-2.828179e-002	4.943674e-005	0.000000e+000	0.000000e+000	-1.338717e-004	-2.836622e-002	1.157295e-004	1.814220e-005
9.700000e+000	4.657955e+000	4.147589e+000	3.645070e-001	1.000000e+000	-3.535961e-002	4.593553e-005	0.000000e+000	0.000000e+000	-1.495771e-004	-3.546325e-002	1.267224e-004	2.285470e-005
9.800000e+000	5.591998e+000	5.038602e+000	4.233119e-001	1.000000e+000	-4.299802e-002	4.060284e-005	0.000000e+000	0.000000e+000	-1.621882e-004	-4.311960e-002	1.343059e-004	2.788231e-005
9.900000e+000	6.553532e+000	5.968934e+000	4.940017e-001	1.000000e+000	-5.099308e-002	3.403545e-005	0.000000e+000	0.000000e+000	-1.713329e-004	-5.113038e-002	1.382573e-004	3.307566e-005
1.000000e+001	7.517690e+000	6.913959e+000	5.767858e-001	1.000000e+000	-5.913514e-002	2.685650e-005	0.000000e+000	0.000000e+000	-1.769402e-004	-5.928522e-002	1.386555e-004	3.828470e-005
1.010000e+001	8.461875e+000	7.850456e+000	6.715360e-001	1.000000e+000	-6.722476e-002	1.963748e-005	0.000000e+000	0.000000e+000	-1.791935e-004	-6.738432e-002	1.358236e-004	4.336994e-005
1.020000e+001	9.366967e+000	8.758030e+000	7.778207e-001	1.000000e+000	-7.508514e-002	1.284607e-005	0.000000e+000	0.000000e+000	-1.784659e-004	-7.525076e-002	1.302552e-004	4.821076e-005
1.030000e+001	1.021798e+001	9.620014e+000	8.949562e-001	1.000000e+000	-8.257017e-002	6.820254e-006	0.000000e+000	0.000000e+000	-1.752498e-004	-8.273860e-002	1.225392e-004	5.271061e-005
1.040000e+001	1.100424e+001	1.042388e+001	1.022065e+000	1.000000e+000	-8.956844e-002	1.765111e-006	0.000000e+000	0.000000e+000	-1.700912e-004	-8.973677e-002	1.132921e-004	5.679910e-005
1.050000e+001	1.171923e+001	1.116124e+001	1.158135e+000	1.000000e+000	-9.600367e-002	-2.233346e-006	0.000000e+000	0.000000e+000	-1.635358e-004	-9.616944e-002	1.031042e-004	6.043165e-005
1.060000e+001	1.236011e+001	1.182752e+001	1.302081e+000	1.000000e+000	-1.018324e-001	-5.184304e-006	0.000000e+000	0.000000e+000	-1.560902e-004	-1.019937e-001	9.250296e-005	6.358721e-005
1.070000e+001	1.292712e+001	1.242146e+001	1.452792e+000	1.000000e+000	-1.070400e-001	-7.164903e-006	0.000000e+000	0.000000e+000	-1.481968e-004	-1.071954e-001	8.193183e-005	6.626493e-005
1.080000e+001	1.342298e+001	1.294453e+001	1.609174e+000	1.000000e+000	-1.116356e-001	-8.294940e-006	0.000000e+000	0.000000e+000	-1.402221e-004	-1.117841e-001	7.174191e-005	6.848019e-005
1.090000e+001	1.385219e+001	1.340025e+001	1.770185e+000	1.000000e+000	-1.156468e-001	-8.716749e-006	0.000000e+000	0.000000e+000	-1.324534e-004	-1.157880e-001	6.219275e-005	7.026063e-005
1.100000e+001	1.422048e+001	1.379363e+001	1.934856e+000	1.000000e+000	-1.191146e-001	-8.580737e-006	0.000000e+000	0.000000e+000	-1.251007e-004	-1.192483e-001	5.345841e-005	7.164231e-005
1.110000e+001	1.453424e+001	1.413059e+001	2.102309e+000	1.000000e+000	-1.220887e-001	-8.034467e-006	0.000000e+000	0.000000e+000	-1.183030e-004	-1.222150e-001	4.563665e-005	7.266633e-005
1.120000e+001	1.480010e+001	1.441749e+001	2.271764e+000	1.000000e+000	-1.246228e-001	-7.212746e-006	0.000000e+000	0.000000e+000	-1.121370e-004	-1.247421e-001	3.876121e-005	7.337583e-005
1.130000e+001	1.502457e+001	1.466074e+001	2.442542e+000	1.000000e+000	-1.267720e-001	-6.228823e-006	0.000000e+000	0.000000e+000	-1.066305e-004	-1.268848e-001	3.281682e-005	7.381370e-005
1.140000e+001	1.521382e+001	1.486655e+001	2.614061e+000	1.000000e+000	-1.285896e-001	-5.169556e-006	0.000000e+000	0.000000e+000	-1.017761e-004	-1.286965e-001	2.775528e-005	7.402086e-005
1.150000e+001	1.537353e+001	1.504070e+001	2.785830e+000	1.000000e+000	-1.301259e-001	-4.096643e-006	0.000000e+000	0.000000e+000	-9.754463e-005	-1.302275e-001	2.350938e-005	7.403525e-005
1.160000e+001	1.550887e+001	1.518850e+001	2.957442e+000	1.000000e+000	-1.314272e-001	-3.052470e-006	0.000000e+000	0.000000e+000	-9.389370e-005	-1.315242e-001	2.000235e-005	7.389135e-005
1.170000e+001	1.562441e+001	1.531469e+001	3.128567e+000	1.000000e+000	-1.325353e-001	-2.066630e-006	0.000000e+000	0.000000e+000	-9.077301e-005	-1.326281e-001	1.715311e-005	7.361989e-005
1.180000e+001	1.572417e+001	1.542348e+001	3.298941e+000	1.000000e+000	-1.334871e-001	-1.160061e-006	0.000000e+000	0.000000e+000	-8.812695e-005	-1.335763e-001	1.487910e-005	7.324785e-005
1.190000e+001	1.581159e+001	1.551850e+001	3.468357e+000	1.000000e+000	-1.343147e-001	-3.463520e-007	0.000000e+000	0.000000e+000	-8.589726e-005	-1.344009e-001	1.309882e-005	7.279844e-005
1.200000e+001	1.588957e+001	1.560287e+001	3.636661e+000	1.000000e+000	-1.350456e-001	3.682345e-007	0.000000e+000	0.000000e+000	-8.402596e-005	-1.351292e-001	1.173464e-005	7.229131e-005
1.210000e+001	1.596050e+001	1.567915e+001	3.803738e+000	1.000000e+000	-1.357028e-001	9.842704e-007	0.000000e+000	0.000000e+000	-8.245832e-005	-1.357843e-001	1.071552e-005	7.174280e-005
1.220000e+001	1.602635e+001	1.574948e+001	3.969507e+000	1.000000e+000	-1.363055e-001	1.507266e-006	0.000000e+000	0.000000e+000	-8.114485e-005	-1.363851e-001	9.978603e-006	7.116625e-005
1.230000e+001	1.608871e+001	1.581560e+001	4.133916e+000	1.000000e+000	-1.368691e-001	1.944319e-006	0.000000e+000	0.000000e+000	-8.004166e-005	-1.369472e-001	9.469209e-006	7.057245e-005
1.240000e+001	1.614881e+001	1.587889e+001	4.296937e+000	1.000000e+000	-1.374061e-001	2.300170e-006	0.000000e+000	0.000000e+000	-7.910871e-005	-1.374829e-001	9.138796e-006	6.996992e-005
1.250000e+001	1.620759e+001	1.594040e+001	4.458556e+000	1.000000e+000	-1.379262e-001	2.574471e-006	0.000000e+000	0.000000e+000	-7.830689e-005	-1.380019e-001	8.941738e-006	6.936515e-005
1.260000e+001	1.626566e+001	1.600090e+001	4.618774e+000	1.000000e+000	-1.384362e-001	2.762043e-006	0.000000e+000	0.000000e+000	-7.759524e-005	-1.385110e-001	8.832530e-006	6.876271e-005
1.270000e+001	1.632331e+001	1.606082e+001	4.777600e+000	1.000000e+000	-1.389402e-001	2.856495e-006	0.000000e+000	0.000000e+000	-7.693034e-005	-1.390143e-001	8.765141e-006	6.816520e-005
1.280000e+001	1.638053e+001	1.612030e+001	4.935047e+000	1.000000e+000	-1.394399e-001	2.855851e-006	0.000000e+000	0.000000e+000	-7.626872e-005	-1.395133e-001	8.695370e-006	6.757335e-005
1.290000e+001	1.643704e+001	1.617918e+001	5.091126e+000	1.000000e+000	-1.399341e-001	2.767624e-006	0.000000e+000	0.000000e+000	-7.557178e-005	-1.400069e-001	8.585610e-006	6.698617e-005
1.300000e+001	1.649237e+001	1.623711e+001	5.245846e+000	1.000000e+000	-1.404199e-001	2.610766e-006	0.000000e+000	0.000000e+000	-7.481156e-005	-1.404921e-001	8.410161e-006	6.640140e-005
1.310000e+001	1.654599e+001	1.629358e+001	5.399210e+000	1.000000e+000	-1.408935e-001	2.413323e-006	0.000000e+000	0.000000e+000	-7.397479e-005	-1.409651e-001	8.158748e-006	6.581604e-005
1.320000e+001	1.659739e+001	1.634809e+001	5.551212e+000	1.000000e+000	-1.413505e-001	2.206954e-006	0.000000e+000	0.000000e+000	-7.306384e-005	-1.414214e-001	7.836766e-006	6.522708e-005
1.330000e+001	1.664621e+001	1.640022e+001	5.701841e+000	1.000000e+000	-1.417875e-001	2.021127e-006	0.000000e+000	0.000000e+000	-7.209445e-005	-1.418575e-001	7.462449e-006	6.463200e-005
1.340000e+001	1.669226e+001	1.644969e+001	5.851081e+000	1.000000e+000	-1.422020e-001	1.879448e-006	0.000000e+000	0.000000e+000	-7.109183e-005	-1.422712e-001	7.062547e-006	6.402928e-005
1.350000e+001	1.673558e+001	1.649644e+001	5.998914e+000	1.000000e+000	-1.425933e-001	1.798496e-006	0.000000e+000	0.000000e+000	-7.008676e-005	-1.426616e-001	6.668140e-006	6.341862e-005
1.360000e+001	1.677643e+001	1.654062e+001	6.145321e+000	1.000000e+000	-1.429627e-001	1.787602e-006	0.000000e+000	0.000000e+000	-6.911211e-005	-1.430300e-001	6.311112e-006	6.280099e-005
1.370000e+001	1.681527e+001	1.658257e+001	6.290290e+000	1.000000e+000	-1.433130e-001	1.848220e-006	0.000000e+000	0.000000e+000	-6.819941e-005	-1.433793e-001	6.020759e-006	6.217865e-005
1.380000e+001	1.685273e+001	1.662284e+001	6.433812e+000	1.000000e+000	-1.436486e-001	1.973162e-006	0.000000e+000	0.000000e+000	-6.737509e-005	-1.437140e-001	5.820210e-006	6.155488e-005
1.390000e+001	1.688953e+001	1.666209e+001	6.575890e+000	1.000000e+000	-1.439753e-001	2.146941e-006	0.000000e+000	0.000000e+000	-6.665684e-005	-1.440398e-001	5.723156e-006	6.093368e-005
1.400000e+001	1.692642e+001	1.670105e+001	6.716533e+000	1.000000e+000	-1.442989e-001	2.348009e-006	0.000000e+000	0.000000e+000	-6.605125e-005	-1.443626e-001	5.731898e-006	6.031935e-005
1.410000e+001	1.696407e+001	1.674040e+001	6.855763e+000	1.000000e+000	-1.446256e-001	2.552583e-006	0.000000e+000	0.000000e+000	-6.555339e-005	-1.446886e-001	5.837437e-006	5.971595e-005
1.420000e+001	1.700304e+001	1.678075e+001	6.993610e+000	1.000000e+000	-1.449604e-001	2.738951e-006	0.000000e+000	0.000000e+000	-6.514863e-005	-1.450228e-001	6.021680e-006	5.912695e-005
1.430000e+001	1.704371e+001	1.682256e+001	7.130110e+000	1.000000e+000	-1.453073e-001	2.890908e-006	0.000000e+000	0.000000e+000	-6.481596e-005	-1.453692e-001	6.261079e-006	5.855488e-005
1.440000e+001	1.708630e+001	1.686611e+001	7.265303e+000	1.000000e+000	-1.456691e-001	2.999271e-006	0.000000e+000	0.000000e+000	-6.453185e-005	-1.457306e-001	6.530580e-006	5.800127e-005
1.450000e+001	1.713084e+001	1.691154e+001	7.399234e+000	1.000000e+000	-1.460468e-001	3.061210e-006	0.000000e+000	0.000000e+000	-6.427332e-005	-1.461080e-001	6.806744e-006	5.746658e-005
1.460000e+001	1.717725e+001	1.695881e+001	7.531947e+000	1.000000e+000	-1.464404e-001	3.078146e-006	0.000000e+000	0.000000e+000	-6.401978e-005	-1.465013e-001	7.069387e-006	5.695040e-005
1.470000e+001	1.722530e+001	1.700777e+001	7.663482e+000	1.000000e+000	-1.468488e-001	3.053376e-006	0.000000e+000	0.000000e+000	-6.375344e-005	-1.469095e-001	7.301872e-006	5.645157e-005
1.480000e+001	1.727470e+001	1.705818e+001	7.793879e+000	1.000000e+000	-1.472698e-001	2.988108e-006	0.000000e+000	0.000000e+000	-6.345826e-005	-1.473303e-001	7.489937e-006	5.596832e-005
1.490000e+001	1.732501e+001	1.710966e+001	7.923170e+000	1.000000e+000	-1.477005e-001	2.866173e-006	0.000000e+000	0.000000e+000	-6.311318e-005	-1.477608e-001	7.614899e-006	5.549828e-005
1.500000e+001	1.737549e+001	1.716167e+001	8.051384e+000	1.000000e+000	-1.481361e-001	2.612299e-006	0.000000e+000	0.000000e+000	-6.266666e-005	-1.481961e-001	7.628785e-006	5.503787e-005
1.510000e+001	1.742453e+001	1.721305e+001	8.178534e+000	1.000000e+000	-1.485666e-001	2.031842e-006	0.000000e+000	0.000000e+000	-6.198055e-005	-1.486265e-001	7.400402e-006	5.458014e-005
1.520000e+001	1.746861e+001	1.726130e+001	8.304611e+000	1.000000e+000	-1.489705e-001	7.815978e-007	0.000000e+000	0.000000e+000	-6.075658e-005	-1.490305e-001	6.646603e-006	5.410997e-005
1.530000e+001	1.750092e+001	1.730134e+001	8.429557e+000	1.000000e+000	-1.493043e-001	-1.572228e-006	0.000000e+000	0.000000e+000	-5.849189e-005	-1.493644e-001	4.894866e-006	5.359702e-005
1.540000e+001	1.751031e+001	1.732431e+001	8.553214e+000	1.000000e+000	-1.494928e-001	-5.404344e-006	0.000000e+000	0.000000e+000	-5.451405e-005	-1.495527e-001	1.525317e-006	5.298873e-005
1.550000e+001	1.748114e+001	1.731698e+001	8.675276e+000	1.000000e+000	-1.494239e-001	-1.085066e-005	0.000000e+000	0.000000e+000	-4.811006e-005	-1.494829e-001	-4.097010e-006	5.220707e-005
1.560000e+001	1.739438e+001	1.726229e+001	8.795229e+000	1.000000e+000	-1.489532e-001	-1.768609e-005	0.000000e+000	0.000000e+000	-3.871315e-005	-1.490096e-001	-1.243881e-005	5.115196e-005
1.570000e+001	1.723001e+001	1.714102e+001	8.912309e+000	1.000000e+000	-1.479181e-001	-2.531863e-005	0.000000e+000	0.000000e+000	-2.608066e-005	-1.479695e-001	-2.363137e-005	4.971203e-005
1.580000e+001	1.697001e+001	1.693452e+001	9.025498e+000	1.000000e+000	-1.461600e-001	-3.290167e-005	0.000000e+000	0.000000e+000	-1.040087e-005	-1.462033e-001	-3.737982e-005	4.778069e-005
1.590000e+001	1.660129e+001	1.662758e+001	9.133552e+000	1.000000e+000	-1.435482e-001	-3.951832e-005	0.000000e+000	0.000000e+000	7.702698e-006	-1.435800e-001	-5.297627e-005	4.527358e-005
1.600000e+001	1.611790e+001	1.621093e+001	9.235072e+000	1.000000e+000	-1.400013e-001	-4.437271e-005	0.000000e+000	0.000000e+000	2.726323e-005	-1.400184e-001	-6.940640e-005	4.214317e-005
1.610000e+001	1.552201e+001	1.568280e+001	9.328600e+000	1.000000e+000	-1.355004e-001	-4.693353e-005	0.000000e+000	0.000000e+000	4.712523e-005	-1.355002e-001	-8.551283e-005	3.838759e-005
1.620000e+001	1.482371e+001	1.504931e+001	9.412730e+000	1.000000e+000	-1.300928e-001	-4.700159e-005	0.000000e+000	0.000000e+000	6.611771e-005	-1.300736e-001	-1.001699e-004	3.405222e-005
1.630000e+001	1.403977e+001	1.432367e+001	9.486211e+000	1.000000e+000	-1.238864e-001	-4.470091e-005	0.000000e+000	0.000000e+000	8.320715e-005	-1.238479e-001	-1.124317e-004	2.922452e-005
1.640000e+001	1.319163e+001	1.352466e+001	9.548034e+000	1.000000e+000	-1.170372e-001	-4.041253e-005	0.000000e+000	0.000000e+000	9.760517e-005	-1.169800e-001	-1.216292e-004	2.402398e-005
1.650000e+001	1.230322e+001	1.267453e+001	9.597494e+000	1.000000e+000	-1.097320e-001	-3.467828e-005	0.000000e+000	0.000000e+000	1.088218e-004	-1.096579e-001	-1.274111e-004	1.858927e-005
1.660000e+001	1.139877e+001	1.179685e+001	9.634215e+000	1.000000e+000	-1.021709e-001	-2.810047e-005	0.000000e+000	0.000000e+000	1.166685e-004	-1.020823e-001	-1.297336e-004	1.306511e-005
1.670000e+001	1.050096e+001	1.091458e+001	9.658151e+000	1.000000e+000	-9.454999e-002	-2.125639e-005	0.000000e+000	0.000000e+000	1.212227e-004	-9.445002e-002	-1.288131e-004	7.590453e-006
1.680000e+001	9.629610e+000	1.004851e+001	9.669567e+000	1.000000e+000	-8.704888e-002	-1.463767e-005	0.000000e+000	0.000000e+000	1.227690e-004	-8.694075e-002	-1.250583e-004	2.289278e-006
1.690000e+001	8.800825e+000	9.216183e+000	9.668988e+000	1.000000e+000	-7.982066e-002	-8.616753e-006	0.000000e+000	0.000000e+000	1.217321e-004	-7.970754e-002	-1.189966e-004	-2.735528e-006
1.700000e+001	8.026662e+000	8.431369e+000	9.657150e+000	1.000000e+000	-7.298680e-002	-3.437468e-006	0.000000e+000	0.000000e+000	1.186107e-004	-7.287163e-002	-1.112054e-004	-7.405305e-006
1.710000e+001	7.315174e+000	7.703882e+000	9.634946e+000	1.000000e+000	-6.663556e-002	7.764972e-007	0.000000e+000	0.000000e+000	1.139218e-004	-6.652086e-002	-1.022556e-004	-1.166612e-005
1.720000e+001	6.670756e+000	7.039797e+000	9.603364e+000	1.000000e+000	-6.082312e-002	4.001839e-006	0.000000e+000	0.000000e+000	1.081578e-004	-6.071096e-002	-9.267058e-005	-1.548725e-005
1.730000e+001	6.094660e+000	6.441864e+000	9.563439e+000	1.000000e+000	-5.557697e-002	6.290591e-006	0.000000e+000	0.000000e+000	1.017579e-004	-5.546892e-002	-8.289958e-005	-1.885834e-005
1.740000e+001	5.585603e+000	5.910062e+000	9.516210e+000	1.000000e+000	-5.090032e-002	7.744368e-006	0.000000e+000	0.000000e+000	9.509169e-005	-5.079749e-002	-7.330591e-005	-2.178579e-005
1.750000e+001	5.140384e+000	5.442195e+000	9.462687e+000	1.000000e+000	-4.677715e-002	8.491201e-006	0.000000e+000	0.000000e+000	8.845431e-005	-4.668021e-002	-6.416535e-005	-2.428896e-005
1.760000e+001	4.754448e+000	5.034472e+000	9.403822e+000	1.000000e+000	-4.317705e-002	8.667212e-006	0.000000e+000	0.000000e+000	8.206889e-005	-4.308631e-002	-5.567237e-005	-2.639652e-005
1.770000e+001	4.422387e+000	4.682023e+000	9.340494e+000	1.000000e+000	-4.005970e-002	8.404008e-006	0.000000e+000	0.000000e+000	7.609367e-005	-3.997520e-002	-4.795049e-005	-2.814318e-005
1.780000e+001	4.138349e+000	4.379348e+000	9.273496e+000	1.000000e+000	-3.737877e-002	7.821122e-006	0.000000e+000	0.000000e+000	7.063131e-005	-3.730032e-002	-4.106434e-005	-2.956697e-005
1.790000e+001	3.896364e+000	4.120668e+000	9.203531e+000	1.000000e+000	-3.508508e-002	7.022132e-006	0.000000e+000	0.000000e+000	6.573876e-005	-3.501231e-002	-3.503171e-005	-3.070705e-005
1.800000e+001	3.690590e+000	3.900216e+000	9.131213e+000	1.000000e+000	-3.312905e-002	6.093584e-006	0.000000e+000	0.000000e+000	6.143661e-005	-3.306152e-002	-2.983463e-005	-3.160197e-005
1.810000e+001	3.515501e+000	3.712436e+000	9.057068e+000	1.000000e+000	-3.146268e-002	5.106097e-006	0.000000e+000	0.000000e+000	5.771738e-005	-3.139986e-002	-2.542891e-005	-3.228847e-005
1.820000e+001	3.366010e+000	3.552145e+000	8.981538e+000	1.000000e+000	-3.004091e-002	4.116436e-006	0.000000e+000	0.000000e+000	5.455211e-005	-2.998224e-002	-2.175157e-005	-3.280054e-005
1.830000e+001	3.237562e+000	3.414634e+000	8.904993e+000	1.000000e+000	-2.882257e-002	3.169083e-006	0.000000e+000	0.000000e+000	5.189593e-005	-2.876751e-002	-1.872707e-005	-3.316886e-005
1.840000e+001	3.126177e+000	3.295734e+000	8.827734e+000	1.000000e+000	-2.777109e-002	2.296830e-006	0.000000e+000	0.000000e+000	4.969324e-005	-2.771910e-002	-1.627282e-005	-3.342042e-005
1.850000e+001	3.028469e+000	3.191848e+000	8.750004e+000	1.000000e+000	-2.685473e-002	1.521142e-006	0.000000e+000	0.000000e+000	4.788283e-005	-2.680532e-002	-1.430440e-005	-3.357843e-005
1.860000e+001	2.941622e+000	3.099949e+000	8.671996e+000	1.000000e+000	-2.604664e-002	8.533622e-007	0.000000e+000	0.000000e+000	4.640233e-005	-2.599939e-002	-1.273998e-005	-3.366236e-005
1.870000e+001	2.863353e+000	3.017549e+000	8.593865e+000	1.000000e+000	-2.532465e-002	2.969365e-007	0.000000e+000	0.000000e+000	4.519152e-005	-2.527916e-002	-1.150338e-005	-3.368814e-005
1.880000e+001	2.791859e+000	2.942653e+000	8.515728e+000	1.000000e+000	-2.467085e-002	-1.502293e-007	0.000000e+000	0.000000e+000	4.419426e-005	-2.462680e-002	-1.052570e-005	-3.366856e-005
1.890000e+001	2.725764e+000	2.873710e+000	8.437679e+000	1.000000e+000	-2.407124e-002	-4.943260e-007	0.000000e+000	0.000000e+000	4.335967e-005	-2.402837e-002	-9.746113e-006	-3.361355e-005
1.900000e+001	2.664050e+000	2.809552e+000	8.359791e+000	1.000000e+000	-2.351518e-002	-7.452656e-007	0.000000e+000	0.000000e+000	4.264333e-005	-2.347328e-002	-9.112717e-006	-3.353061e-005
1.910000e+001	2.605997e+000	2.749333e+000	8.282123e+000	1.000000e+000	-2.299488e-002	-9.165543e-007	0.000000e+000	0.000000e+000	4.200855e-005	-2.295379e-002	-8.583355e-006	-3.342519e-005
1.920000e+001	2.551106e+000	2.692459e+000	8.204722e+000	1.000000e+000	-2.250479e-002	-1.024478e-006	0.000000e+000	0.000000e+000	4.142735e-005	-2.246439e-002	-8.126173e-006	-3.330118e-005
1.930000e+001	2.499031e+000	2.638518e+000	8.127627e+000	1.000000e+000	-2.204102e-002	-1.086337e-006	0.000000e+000	0.000000e+000	4.088058e-005	-2.200123e-002	-7.719275e-006	-3.316130e-005
1.940000e+001	2.449517e+000	2.587217e+000	8.050873e+000	1.000000e+000	-2.160077e-002	-1.118219e-006	0.000000e+000	0.000000e+000	4.035682e-005	-2.156153e-002	-7.349291e-006	-3.300753e-005
1.950000e+001	2.402360e+000	2.538332e+000	7.974491e+000	1.000000e+000	-2.118191e-002	-1.133106e-006	0.000000e+000	0.000000e+000	3.985054e-005	-2.114320e-002	-7.009132e-006	-3.284141e-005
1.960000e+001	2.357375e+000	2.491673e+000	7.898507e+000	1.000000e+000	-2.078267e-002	-1.139891e-006	0.000000e+000	0.000000e+000	3.935977e-005	-2.074445e-002	-6.695520e-006	-3.266425e-005
1.970000e+001	2.314389e+000	2.447064e+000	7.822945e+000	1.000000e+000	-2.040144e-002	-1.143442e-006	0.000000e+000	0.000000e+000	3.888409e-005	-2.036370e-002	-6.406832e-006	-3.247726e-005
1.980000e+001	2.273238e+000	2.404340e+000	7.747828e+000	1.000000e+000	-2.003676e-002	-1.145458e-006	0.000000e+000	0.000000e+000	3.842319e-005	-1.999948e-002	-6.141629e-006	-3.228156e-005
1.990000e+001	2.233772e+000	2.363349e+000	7.673173e+000	1.000000e+000	-1.968725e-002	-1.145681e-006	0.000000e+000	0.000000e+000	3.797612e-005	-1.965042e-002	-5.897928e-006	-3.207819e-005
2.000000e+001	2.195858e+000	2.323951e+000	7.598999e+000	1.000000e+000	-1.935171e-002	-1.143069e-006	0.000000e+000	0.000000e+000	3.754119e-005	-1.931532e-002	-5.673093e-006	-3.186809e-005
2.010000e+001	2.159387e+000	2.286029e+000	7.525319e+000	1.000000e+000	-1.902909e-002	-1.136662e-006	0.000000e+000	0.000000e+000	3.711617e-005	-1.899311e-002	-5.464100e-006	-3.165207e-005
2.020000e+001	2.124267e+000	2.249486e+000	7.452146e+000	1.000000e+000	-1.871853e-002	-1.126062e-006	0.000000e+000	0.000000e+000	3.669873e-005	-1.868295e-002	-5.267949e-006	-3.143078e-005
2.030000e+001	2.090429e+000	2.214242e+000	7.379492e+000	1.000000e+000	-1.841931e-002	-1.111557e-006	0.000000e+000	0.000000e+000	3.628681e-005	-1.838413e-002	-5.082038e-006	-3.120478e-005
2.040000e+001	2.057814e+000	2.180235e+000	7.307367e+000	1.000000e+000	-1.813087e-002	-1.094010e-006	0.000000e+000	0.000000e+000	3.587890e-005	-1.809609e-002	-4.904409e-006	-3.097450e-005
2.050000e+001	2.026374e+000	2.147414e+000	7.235782e+000	1.000000e+000	-1.785275e-002	-1.074617e-006	0.000000e+000	0.000000e+000	3.547414e-005	-1.781835e-002	-4.733834e-006	-3.074031e-005
2.060000e+001	1.996063e+000	2.115732e+000	7.164743e+000	1.000000e+000	-1.758453e-002	-1.054660e-006	0.000000e+000	0.000000e+000	3.507231e-005	-1.755051e-002	-4.569768e-006	-3.050254e-005
2.070000e+001	1.966837e+000	2.085146e+000	7.094261e+000	1.000000e+000	-1.732582e-002	-1.035293e-006	0.000000e+000	0.000000e+000	3.467372e-005	-1.729218e-002	-4.412206e-006	-3.026152e-005
2.080000e+001	1.938648e+000	2.055610e+000	7.024340e+000	1.000000e+000	-1.707621e-002	-1.017405e-006	0.000000e+000	0.000000e+000	3.427905e-005	-1.704295e-002	-4.261506e-006	-3.001754e-005
2.090000e+001	1.911444e+000	2.027076e+000	6.954989e+000	1.000000e+000	-1.683529e-002	-1.001567e-006	0.000000e+000	0.000000e+000	3.388916e-005	-1.680240e-002	-4.118200e-006	-2.977096e-005
2.100000e+001	1.885169e+000	1.999490e+000	6.886213e+000	1.000000e+000	-1.660259e-002	-9.880293e-007	0.000000e+000	0.000000e+000	3.350495e-005	-1.657007e-002	-3.982841e-006	-2.952211e-005
2.110000e+001	1.859767e+000	1.972799e+000	6.818016e+000	1.000000e+000	-1.637764e-002	-9.767747e-007	0.000000e+000	0.000000e+000	3.312725e-005	-1.634549e-002	-3.855883e-006	-2.927137e-005
2.120000e+001	1.835175e+000	1.946943e+000	6.750403e+000	1.000000e+000	-1.615993e-002	-9.675814e-007	0.000000e+000	0.000000e+000	3.275671e-005	-1.612814e-002	-3.737611e-006	-2.901910e-005
2.130000e+001	1.811333e+000	1.921862e+000	6.683376e+000	1.000000e+000	-1.594895e-002	-9.600992e-007	0.000000e+000	0.000000e+000	3.239379e-005	-1.591752e-002	-3.628104e-006	-2.876569e-005
2.140000e+001	1.788180e+000	1.897498e+000	6.616939e+000	1.000000e+000	-1.574418e-002	-9.539150e-007	0.000000e+000	0.000000e+000	3.203875e-005	-1.571310e-002	-3.527239e-006	-2.851151e-005
2.150000e+001	1.765659e+000	1.873792e+000	6.551091e+000	1.000000e+000	-1.554512e-002	-9.486079e-007	0.000000e+000	0.000000e+000	3.169163e-005	-1.551438e-002	-3.434708e-006	-2.825692e-005
2.160000e+001	1.743714e+000	1.850690e+000	6.485834e+000	1.000000e+000	-1.535130e-002	-9.437873e-007	0.000000e+000	0.000000e+000	3.135231e-005	-1.532089e-002	-3.350054e-006	-2.800225e-005
2.170000e+001	1.722295e+000	1.828138e+000	6.421168e+000	1.000000e+000	-1.516224e-002	-9.391178e-007	0.000000e+000	0.000000e+000	3.102054e-005	-1.513216e-002	-3.272711e-006	-2.774783e-005
2.180000e+001	1.701354e+000	1.806091e+000	6.357091e+000	1.000000e+000	-1.497756e-002	-9.343309e-007	0.000000e+000	0.000000e+000	3.069596e-005	-1.494779e-002	-3.202046e-006	-2.749392e-005
2.190000e+001	1.680852e+000	1.784504e+000	6.293603e+000	1.000000e+000	-1.479685e-002	-9.292269e-007	0.000000e+000	0.000000e+000	3.037817e-005	-1.476740e-002	-3.137389e-006	-2.724078e-005
2.200000e+001	1.660749e+000	1.763339e+000	6.230701e+000	1.000000e+000	-1.461979e-002	-9.236715e-007	0.000000e+000	0.000000e+000	3.006671e-005	-1.459065e-002	-3.078073e-006	-2.698863e-005
2.210000e+001	1.641015e+000	1.742561e+000	6.168382e+000	1.000000e+000	-1.444607e-002	-9.175864e-007	0.000000e+000	0.000000e+000	2.976112e-005	-1.441723e-002	-3.023450e-006	-2.673767e-005
2.220000e+001	1.621619e+000	1.722142e+000	6.106644e+000	1.000000e+000	-1.427543e-002	-9.109401e-007	0.000000e+000	0.000000e+000	2.946096e-005	-1.424688e-002	-2.972910e-006	-2.648805e-005
2.230000e+001	1.602538e+000	1.702054e+000	6.045484e+000	1.000000e+000	-1.410764e-002	-9.037367e-007	0.000000e+000	0.000000e+000	2.916582e-005	-1.407938e-002	-2.925896e-006	-2.623992e-005
2.240000e+001	1.583752e+000	1.682276e+000	5.984897e+000	1.000000e+000	-1.394250e-002	-8.960063e-007	0.000000e+000	0.000000e+000	2.887529e-005	-1.391452e-002	-2.881905e-006	-2.599338e-005
2.250000e+001	1.565241e+000	1.662788e+000	5.924880e+000	1.000000e+000	-1.377985e-002	-8.877963e-007	0.000000e+000	0.000000e+000	2.858903e-005	-1.375215e-002	-2.840493e-006	-2.574853e-005
2.260000e+001	1.546991e+000	1.643575e+000	5.865429e+000	1.000000e+000	-1.361954e-002	-8.791642e-007	0.000000e+000	0.000000e+000	2.830672e-005	-1.359211e-002	-2.801273e-006	-2.550545e-005
2.270000e+001	1.528989e+000	1.624623e+000	5.806540e+000	1.000000e+000	-1.346144e-002	-8.701720e-007	0.000000e+000	0.000000e+000	2.802809e-005	-1.343428e-002	-2.763912e-006	-2.526418e-005
2.280000e+001	1.511225e+000	1.605919e+000	5.748209e+000	1.000000e+000	-1.330546e-002	-8.608822e-007	0.000000e+000	0.000000e+000	2.775290e-005	-1.327857e-002	-2.728128e-006	-2.502477e-005
2.290000e+001	1.493688e+000	1.587455e+000	5.690431e+000	1.000000e+000	-1.315150e-002	-8.513546e-007	0.000000e+000	0.000000e+000	2.748095e-005	-1.312487e-002	-2.693685e-006	-2.478727e-005
2.300000e+001	1.476372e+000	1.569221e+000	5.633201e+000	1.000000e+000	-1.299950e-002	-8.416448e-007	0.000000e+000	0.000000e+000	2.721207e-005	-1.297313e-002	-2.660383e-006	-2.455168e-005
2.310000e+001	1.459269e+000	1.551211e+000	5.576516e+000	1.000000e+000	-1.284938e-002	-8.318027e-007	0.000000e+000	0.000000e+000	2.694610e-005	-1.282327e-002	-2.628058e-006	-2.431804e-005
2.320000e+001	1.442374e+000	1.533418e+000	5.520371e+000	1.000000e+000	-1.270110e-002	-8.218725e-007	0.000000e+000	0.000000e+000	2.668292e-005	-1.267524e-002	-2.596578e-006	-2.408634e-005
2.330000e+001	1.425682e+000	1.515837e+000	5.464760e+000	1.000000e+000	-1.255460e-002	-8.118922e-007	0.000000e+000	0.000000e+000	2.642243e-005	-1.252899e-002	-2.565832e-006	-2.385660e-005
2.340000e+001	1.409187e+000	1.498462e+000	5.409681e+000	1.000000e+000	-1.240984e-002	-8.018942e-007	0.000000e+000	0.000000e+000	2.616454e-005	-1.238448e-002	-2.535730e-006	-2.362881e-005
2.350000e+001	1.392888e+000	1.481291e+000	5.355128e+000	1.000000e+000	-1.226680e-002	-7.919057e-007	0.000000e+000	0.000000e+000	2.590917e-005	-1.224168e-002	-2.506202e-006	-2.340297e-005
2.360000e+001	1.376779e+000	1.464320e+000	5.301096e+000	1.000000e+000	-1.212543e-002	-7.819490e-007	0.000000e+000	0.000000e+000	2.565627e-005	-1.210055e-002	-2.477188e-006	-2.317908e-005
2.370000e+001	1.360858e+000	1.447544e+000	5.247581e+000	1.000000e+000	-1.198570e-002	-7.720425e-007	0.000000e+000	0.000000e+000	2.540577e-005	-1.196107e-002	-2.448644e-006	-2.295713e-005
2.380000e+001	1.345122e+000	1.430961e+000	5.194580e+000	1.000000e+000	-1.184760e-002	-7.622008e-007	0.000000e+000	0.000000e+000	2.515764e-005	-1.182320e-002	-2.420530e-006	-2.273711e-005
2.390000e+001	1.329568e+000	1.414569e+000	5.142086e+000	1.000000e+000	-1.171109e-002	-7.524356e-007	0.000000e+000	0.000000e+000	2.491183e-005	-1.168693e-002	-2.392817e-006	-2.251901e-005
2.400000e+001	1.314194e+000	1.398364e+000	5.090096e+000	1.000000e+000	-1.157615e-002	-7.427562e-007	0.000000e+000	0.000000e+000	2.466831e-005	-1.155223e-002	-2.365480e-006	-2.230283e-005
2.410000e+001	1.298997e+000	1.382343e+000	5.038605e+000	1.000000e+000	-1.144277e-002	-7.331694e-007	0.000000e+000	0.000000e+000	2.442704e-005	-1.141907e-002	-2.338501e-006	-2.208854e-005
2.420000e+001	1.283975e+000	1.366506e+000	4.987610e+000	1.000000e+000	-1.131091e-002	-7.236807e-007	0.000000e+000	0.000000e+000	2.418800e-005	-1.128745e-002	-2.311863e-006	-2.187614e-005
2.430000e+001	1.269126e+000	1.350849e+000	4.937105e+000	1.000000e+000	-1.118057e-002	-7.142939e-007	0.000000e+000	0.000000e+000	2.395117e-005	-1.115733e-002	-2.285553e-006	-2.166561e-005
2.440000e+001	1.254447e+000	1.335369e+000	4.887086e+000	1.000000e+000	-1.105172e-002	-7.050118e-007	0.000000e+000	0.000000e+000	2.371651e-005	-1.102871e-002	-2.259561e-006	-2.145695e-005
2.450000e+001	1.239937e+000	1.320066e+000	4.837549e+000	1.000000e+000	-1.092435e-002	-6.958364e-007	0.000000e+000	0.000000e+000	2.348401e-005	-1.090156e-002	-2.233877e-006	-2.125013e-005
2.460000e+001	1.225594e+000	1.304937e+000	4.788489e+000	1.000000e+000	-1.079843e-002	-6.867687e-007	0.000000e+000	0.000000e+000	2.325365e-005	-1.077586e-002	-2.208494e-006	-2.104515e-005
2.470000e+001	1.211416e+000	1.289980e+000	4.739903e+000	1.000000e+000	-1.067396e-002	-6.778094e-007	0.000000e+000	0.000000e+000	2.302540e-005	-1.065161e-002	-2.183405e-006	-2.084199e-005
2.480000e+001	1.197400e+000	1.275192e+000	4.691787e+000	1.000000e+000	-1.055090e-002	-6.689587e-007	0.000000e+000	0.000000e+000	2.279924e-005	-1.052877e-002	-2.158605e-006	-2.064064e-005
2.490000e+001	1.183545e+000	1.260573e+000	4.644135e+000	1.000000e+000	-1.042926e-002	-6.602164e-007	0.000000e+000	0.000000e+000	2.257517e-005	-1.040734e-002	-2.134089e-006	-2.044108e-005
2.500000e+001	1.169849e+000	1.246119e+000	4.596944e+000	1.000000e+000	-1.030900e-002	-6.515820e-007	0.000000e+000	0.000000e+000	2.235316e-005	-1.028730e-002	-2.109852e-006	-2.024331e-005
2.510000e+001	1.156310e+000	1.231830e+000	4.550210e+000	1.000000e+000	-1.019012e-002	-6.430549e-007	0.000000e+000	0.000000e+000	2.213319e-005	-1.016863e-002	-2.085890e-006	-2.004730e-005
2.520000e+001	1.142927e+000	1.217703e+000	4.503929e+000	1.000000e+000	-1.007260e-002	-6.346343e-007	0.000000e+000	0.000000e+000	2.191524e-005	-1.005132e-002	-2.062199e-006	-1.985305e-005
2.530000e+001	1.129697e+000	1.203737e+000	4.458096e+000	1.000000e+000	-9.956419e-003	-6.263193e-007	0.000000e+000	0.000000e+000	2.169931e-005	-9.935346e-003	-2.038776e-006	-1.966053e-005
2.540000e+001	1.116619e+000	1.189929e+000	4.412708e+000	1.000000e+000	-9.841568e-003	-6.181088e-007	0.000000e+000	0.000000e+000	2.148536e-005	-9.820701e-003	-2.015617e-006	-1.946975e-005
2.550000e+001	1.103691e+000	1.176278e+000	4.367761e+000	1.000000e+000	-9.728031e-003	-6.100019e-007	0.000000e+000	0.000000e+000	2.127339e-005	-9.707367e-003	-1.992719e-006	-1.928068e-005
2.560000e+001	1.090912e+000	1.162782e+000	4.323250e+000	1.000000e+000	-9.615792e-003	-6.019975e-007	0.000000e+000	0.000000e+000	2.106338e-005	-9.595330e-003	-1.970078e-006	-1.909331e-005
2.570000e+001	1.078279e+000	1.149439e+000	4.279171e+000	1.000000e+000	-9.504836e-003	-5.940943e-007	0.000000e+000	0.000000e+000	2.085532e-005	-9.484575e-003	-1.947693e-006	-1.890762e-005
2.580000e+001	1.065792e+000	1.136248e+000	4.235522e+000	1.000000e+000	-9.395149e-003	-5.862913e-007	0.000000e+000	0.000000e+000	2.064917e-005	-9.375086e-003	-1.925559e-006	-1.872362e-005
2.590000e+001	1.053447e+000	1.123207e+000	4.192298e+000	1.000000e+000	-9.286717e-003	-5.785873e-007	0.000000e+000	0.000000e+000	2.044494e-005	-9.266851e-003	-1.903674e-006	-1.854127e-005
2.600000e+001	1.041245e+000	1.110314e+000	4.149494e+000	1.000000e+000	-9.179525e-003	-5.709812e-007	0.000000e+000	0.000000e+000	2.024261e-005	-9.159854e-003	-1.882035e-006	-1.836057e-005
2.610000e+001	1.029183e+000	1.097568e+000	4.107108e+000	1.000000e+000	-9.073560e-003	-5.634717e-007	0.000000e+000	0.000000e+000	2.004215e-005	-9.054081e-003	-1.860639e-006	-1.818151e-005
2.620000e+001	1.017259e+000	1.084966e+000	4.065136e+000	1.000000e+000	-8.968807e-003	-5.560577e-007	0.000000e+000	0.000000e+000	1.984355e-005	-8.949519e-003	-1.839484e-006	-1.800407e-005
2.630000e+001	1.005472e+000	1.072508e+000	4.023573e+000	1.000000e+000	-8.865252e-003	-5.487381e-007	0.000000e+000	0.000000e+000	1.964681e-005	-8.846154e-003	-1.818567e-006	-1.782824e-005
2.640000e+001	9.938207e-001	1.060192e+000	3.982416e+000	1.000000e+000	-8.762883e-003	-5.415116e-007	0.000000e+000	0.000000e+000	1.945189e-005	-8.743972e-003	-1.797884e-006	-1.765401e-005
2.650000e+001	9.823032e-001	1.048015e+000	3.941662e+000	1.000000e+000	-8.661685e-003	-5.343773e-007	0.000000e+000	0.000000e+000	1.925879e-005	-8.642960e-003	-1.777435e-006	-1.748136e-005
2.660000e+001	9.709181e-001	1.035978e+000	3.901306e+000	1.000000e+000	-8.561646e-003	-5.273339e-007	0.000000e+000	0.000000e+000	1.906750e-005	-8.543105e-003	-1.757215e-006	-1.731028e-005
2.670000e+001	9.596638e-001	1.024077e+000	3.861346e+000	1.000000e+000	-8.462751e-003	-5.203803e-007	0.000000e+000	0.000000e+000	1.887799e-005	-8.444394e-003	-1.737223e-006	-1.714077e-005
2.680000e+001	9.485389e-001	1.012311e+000	3.821777e+000	1.000000e+000	-8.364990e-003	-5.135155e-007	0.000000e+000	0.000000e+000	1.869025e-005	-8.346813e-003	-1.717456e-006	-1.697280e-005
2.690000e+001	9.375419e-001	1.000680e+000	3.782595e+000	1.000000e+000	-8.268347e-003	-5.067383e-007	0.000000e+000	0.000000e+000	1.850427e-005	-8.250350e-003	-1.697910e-006	-1.680636e-005
2.700000e+001	9.266713e-001	9.891804e-001	3.743799e+000	1.000000e+000	-8.172812e-003	-5.000476e-007	0.000000e+000	0.000000e+000	1.832003e-005	-8.154992e-003	-1.678585e-006	-1.664145e-005
2.710000e+001	9.159257e-001	9.778120e-001	3.705382e+000	1.000000e+000	-8.078370e-003	-4.934424e-007	0.000000e+000	0.000000e+000	1.813752e-005	-8.060726e-003	-1.659478e-006	-1.647805e-005
2.720000e+001	9.053037e-001	9.665731e-001	3.667344e+000	1.000000e+000	-7.985011e-003	-4.869216e-007	0.000000e+000	0.000000e+000	1.795672e-005	-7.967541e-003	-1.640585e-006	-1.631614e-005
2.730000e+001	8.948038e-001	9.554622e-001	3.629679e+000	1.000000e+000	-7.892721e-003	-4.804842e-007	0.000000e+000	0.000000e+000	1.777762e-005	-7.875424e-003	-1.621905e-006	-1.615572e-005
2.740000e+001	8.844247e-001	9.444777e-001	3.592384e+000	1.000000e+000	-7.801488e-003	-4.741292e-007	0.000000e+000	0.000000e+000	1.760021e-005	-7.784362e-003	-1.603435e-006	-1.599677e-005
2.750000e+001	8.741651e-001	9.336184e-001	3.555457e+000	1.000000e+000	-7.711301e-003	-4.678555e-007	0.000000e+000	0.000000e+000	1.742446e-005	-7.694345e-003	-1.585174e-006	-1.583929e-005
2.760000e+001	8.640234e-001	9.228827e-001	3.518893e+000	1.000000e+000	-7.622148e-003	-4.616620e-007	0.000000e+000	0.000000e+000	1.725037e-005	-7.605359e-003	-1.567118e-006	-1.568325e-005
2.770000e+001	8.539985e-001	9.122694e-001	3.482690e+000	1.000000e+000	-7.534016e-003	-4.555480e-007	0.000000e+000	0.000000e+000	1.707792e-005	-7.517394e-003	-1.549265e-006	-1.552866e-005
2.780000e+001	8.440889e-001	9.017769e-001	3.446843e+000	1.000000e+000	-7.446895e-003	-4.495122e-007	0.000000e+000	0.000000e+000	1.690710e-005	-7.430437e-003	-1.531613e-006	-1.537549e-005
2.790000e+001	8.342933e-001	8.914040e-001	3.411351e+000	1.000000e+000	-7.360772e-003	-4.435538e-007	0.000000e+000	0.000000e+000	1.673789e-005	-7.344478e-003	-1.514161e-006	-1.522373e-005
2.800000e+001	8.246105e-001	8.811493e-001	3.376208e+000	1.000000e+000	-7.275637e-003	-4.376718e-007	0.000000e+000	0.000000e+000	1.657028e-005	-7.259504e-003	-1.496905e-006	-1.507338e-005
2.810000e+001	8.150392e-001	8.710115e-001	3.341413e+000	1.000000e+000	-7.191478e-003	-4.318653e-007	0.000000e+000	0.000000e+000	1.640426e-005	-7.175506e-003	-1.479843e-006	-1.492441e-005
2.820000e+001	8.055781e-001	8.609893e-001	3.306962e+000	1.000000e+000	-7.108285e-003	-4.261333e-007	0.000000e+000	0.000000e+000	1.623981e-005	-7.092471e-003	-1.462974e-006	-1.477683e-005
2.830000e+001	7.962259e-001	8.510813e-001	3.272852e+000	1.000000e+000	-7.026045e-003	-4.204749e-007	0.000000e+000	0.000000e+000	1.607691e-005	-7.010389e-003	-1.446295e-006	-1.463062e-005
2.840000e+001	7.869814e-001	8.412862e-001	3.239079e+000	1.000000e+000	-6.944749e-003	-4.148891e-007	0.000000e+000	0.000000e+000	1.591557e-005	-6.929248e-003	-1.429804e-006	-1.448576e-005
2.850000e+001	7.778433e-001	8.316029e-001	3.205641e+000	1.000000e+000	-6.864386e-003	-4.093751e-007	0.000000e+000	0.000000e+000	1.575575e-005	-6.849039e-003	-1.413499e-006	-1.434225e-005
2.860000e+001	7.688105e-001	8.220300e-001	3.172534e+000	1.000000e+000	-6.784945e-003	-4.039320e-007	0.000000e+000	0.000000e+000	1.559745e-005	-6.769751e-003	-1.397378e-006	-1.420008e-005
2.870000e+001	7.598818e-001	8.125663e-001	3.139755e+000	1.000000e+000	-6.706415e-003	-3.985589e-007	0.000000e+000	0.000000e+000	1.544066e-005	-6.691373e-003	-1.381438e-006	-1.405922e-005
2.880000e+001	7.510559e-001	8.032105e-001	3.107302e+000	1.000000e+000	-6.628787e-003	-3.932549e-007	0.000000e+000	0.000000e+000	1.528536e-005	-6.613894e-003	-1.365679e-006	-1.391968e-005
2.890000e+001	7.423317e-001	7.939615e-001	3.075170e+000	1.000000e+000	-6.552049e-003	-3.880192e-007	0.000000e+000	0.000000e+000	1.513154e-005	-6.537306e-003	-1.350097e-006	-1.378145e-005
2.900000e+001	7.337081e-001	7.848180e-001	3.043358e+000	1.000000e+000	-6.476193e-003	-3.828508e-007	0.000000e+000	0.000000e+000	1.497919e-005	-6.461596e-003	-1.334691e-006	-1.364450e-005
2.910000e+001	7.251838e-001	7.757788e-001	3.011863e+000	1.000000e+000	-6.401207e-003	-3.777491e-007	0.000000e+000	0.000000e+000	1.482829e-005	-6.386756e-003	-1.319459e-006	-1.350883e-005
2.920000e+001	7.167577e-001	7.668428e-001	2.980680e+000	1.000000e+000	-6.327082e-003	-3.727130e-007	0.000000e+000	0.000000e+000	1.467883e-005	-6.312776e-003	-1.304399e-006	-1.337443e-005
2.930000e+001	7.084288e-001	7.580088e-001	2.949808e+000	1.000000e+000	-6.253809e-003	-3.677419e-007	0.000000e+000	0.000000e+000	1.453080e-005	-6.239646e-003	-1.289509e-006	-1.324130e-005
2.940000e+001	7.001960e-001	7.492757e-001	2.919243e+000	1.000000e+000	-6.181377e-003	-3.628349e-007	0.000000e+000	0.000000e+000	1.438419e-005	-6.167356e-003	-1.274788e-006	-1.310940e-005
2.950000e+001	6.920580e-001	7.406423e-001	2.888983e+000	1.000000e+000	-6.109777e-003	-3.579912e-007	0.000000e+000	0.000000e+000	1.423898e-005	-6.095896e-003	-1.260232e-006	-1.297875e-005
2.960000e+001	6.840138e-001	7.321074e-001	2.859024e+000	1.000000e+000	-6.039000e-003	-3.532100e-007	0.000000e+000	0.000000e+000	1.409516e-005	-6.025258e-003	-1.245841e-006	-1.284932e-005
2.970000e+001	6.760625e-001	7.236700e-001	2.829365e+000	1.000000e+000	-5.969035e-003	-3.484905e-007	0.000000e+000	0.000000e+000	1.395273e-005	-5.955431e-003	-1.231613e-006	-1.272111e-005
2.980000e+001	6.682028e-001	7.153290e-001	2.800001e+000	1.000000e+000	-5.899875e-003	-3.438320e-007	0.000000e+000	0.000000e+000	1.381165e-005	-5.886407e-003	-1.217545e-006	-1.259411e-005
2.990000e+001	6.604338e-001	7.070833e-001	2.770930e+000	1.000000e+000	-5.831509e-003	-3.392337e-007	0.000000e+000	0.000000e+000	1.367194e-005	-5.818176e-003	-1.203636e-006	-1.246830e-005
3.000000e+001	6.527544e-001	6.989317e-001	2.742150e+000	1.000000e+000	-5.763929e-003	-3.346948e-007	0.000000e+000	0.000000e+000	1.353356e-005	-5.750730e-003	-1.189884e-006	-1.234368e-005
3.010000e+001	6.451636e-001	6.908733e-001	2.713658e+000	1.000000e+000	-5.697125e-003	-3.302146e-007	0.000000e+000	0.000000e+000	1.339652e-005	-5.684059e-003	-1.176288e-006	-1.222023e-005
3.020000e+001	6.376604e-001	6.829070e-001	2.685451e+000	1.000000e+000	-5.631090e-003	-3.257924e-007	0.000000e+000	0.000000e+000	1.326080e-005	-5.618155e-003	-1.162846e-006	-1.209795e-005
3.030000e+001	6.302438e-001	6.750318e-001	2.657526e+000	1.000000e+000	-5.565814e-003	-3.214274e-007	0.000000e+000	0.000000e+000	1.312638e-005	-5.553009e-003	-1.149555e-006	-1.197682e-005
3.040000e+001	6.229127e-001	6.672465e-001	2.629881e+000	1.000000e+000	-5.501288e-003	-3.171189e-007	0.000000e+000	0.000000e+000	1.299326e-005	-5.488612e-003	-1.136415e-006	-1.185684e-005
3.050000e+001	6.156663e-001	6.595502e-001	2.602513e+000	1.000000e+000	-5.437504e-003	-3.128663e-007	0.000000e+000	0.000000e+000	1.286142e-005	-5.424956e-003	-1.123424e-006	-1.173800e-005
3.060000e+001	6.085035e-001	6.519420e-001	2.575419e+000	1.000000e+000	-5.374454e-003	-3.086687e-007	0.000000e+000	0.000000e+000	1.273086e-005	-5.362032e-003	-1.110579e-006	-1.162028e-005
3.070000e+001	6.014234e-001	6.444207e-001	2.548597e+000	1.000000e+000	-5.312129e-003	-3.045256e-007	0.000000e+000	0.000000e+000	1.260156e-005	-5.299832e-003	-1.097880e-006	-1.150368e-005
3.080000e+001	5.944251e-001	6.369854e-001	2.522044e+000	1.000000e+000	-5.250521e-003	-3.004361e-007	0.000000e+000	0.000000e+000	1.247351e-005	-5.238348e-003	-1.085324e-006	-1.138819e-005
3.090000e+001	5.875075e-001	6.296352e-001	2.495758e+000	1.000000e+000	-5.189621e-003	-2.963998e-007	0.000000e+000	0.000000e+000	1.234670e-005	-5.177571e-003	-1.072911e-006	-1.127379e-005
3.100000e+001	5.806699e-001	6.223690e-001	2.469736e+000	1.000000e+000	-5.129422e-003	-2.924158e-007	0.000000e+000	0.000000e+000	1.222112e-005	-5.117494e-003	-1.060638e-006	-1.116048e-005
3.110000e+001	5.739112e-001	6.151860e-001	2.443975e+000	1.000000e+000	-5.069916e-003	-2.884836e-007	0.000000e+000	0.000000e+000	1.209675e-005	-5.058108e-003	-1.048504e-006	-1.104825e-005
3.120000e+001	5.672305e-001	6.080852e-001	2.418474e+000	1.000000e+000	-5.011095e-003	-2.846024e-007	0.000000e+000	0.000000e+000	1.197359e-005	-4.999406e-003	-1.036507e-006	-1.093709e-005
3.130000e+001	5.606271e-001	6.010656e-001	2.393230e+000	1.000000e+000	-4.952951e-003	-2.807717e-007	0.000000e+000	0.000000e+000	1.185163e-005	-4.941380e-003	-1.024647e-006	-1.082698e-005
3.140000e+001	5.540999e-001	5.941263e-001	2.368239e+000	1.000000e+000	-4.895475e-003	-2.769907e-007	0.000000e+000	0.000000e+000	1.173085e-005	-4.884022e-003	-1.012920e-006	-1.071793e-005
3.150000e+001	5.476481e-001	5.872664e-001	2.343500e+000	1.000000e+000	-4.838662e-003	-2.732590e-007	0.000000e+000	0.000000e+000	1.161125e-005	-4.827324e-003	-1.001327e-006	-1.060992e-005
3.160000e+001	5.412709e-001	5.804851e-001	2.319011e+000	1.000000e+000	-4.782503e-003	-2.695758e-007	0.000000e+000	0.000000e+000	1.149281e-005	-4.771279e-003	-9.898643e-007	-1.050294e-005
3.170000e+001	5.349674e-001	5.737814e-001	2.294769e+000	1.000000e+000	-4.726990e-003	-2.659405e-007	0.000000e+000	0.000000e+000	1.137552e-005	-4.715880e-003	-9.785319e-007	-1.039699e-005
3.180000e+001	5.287368e-001	5.671544e-001	2.270771e+000	1.000000e+000	-4.672116e-003	-2.623526e-007	0.000000e+000	0.000000e+000	1.125937e-005	-4.661119e-003	-9.673279e-007	-1.029204e-005
3.190000e+001	5.225781e-001	5.606034e-001	2.247016e+000	1.000000e+000	-4.617875e-003	-2.588114e-007	0.000000e+000	0.000000e+000	1.114436e-005	-4.606989e-003	-9.562509e-007	-1.018811e-005
3.200000e+001	5.164907e-001	5.541273e-001	2.223500e+000	1.000000e+000	-4.564258e-003	-2.553164e-007	0.000000e+000	0.000000e+000	1.103047e-005	-4.553483e-003	-9.452994e-007	-1.008517e-005
