TIME          	MC CONC       	STS CONC      	HTS CONC      	SED CONC      	ADV dm/dt     	DISP dm/dt    	DECAY dm/dt   	SORPTION dm/dt	STORAGE dm/dt 	MC dm/dt      	STS dm/dt     	HTS dm/dt     
(hr)          	mg/L          	mg/L          	mg/L          	mg/L          	(mg/L)·(m²/s)  	(mg/L)·(m²/s)  	(mg/L)·(m²/s)  	(mg/L)·(m²/s)  	(mg/L)·(m²/s)  	(mg/L)·(m²/s)  	(mg/L)·(m²/s)  	(mg/L)·(m²/s)  
0.000000e+00	4.816508e-01	4.816508e-01	4.816508e-01	0.000000e+00	6.923762e-06	5.416988e-08	0.000000e+00	0.000000e+00	0.000000e+00	6.977932e-06	0.000000e+00	0.000000e+00
1.000000e-01	4.816508e-01	4.816508e-01	4.816508e-01	1.000000e+00	6.923762e-06	5.416988e-08	0.000000e+00	0.000000e+00	-1.080129e-19	6.977932e-06	9.521273e-20	1.280016e-20
2.000000e-01	4.816508e-01	4.816508e-01	4.816508e-01	1.000000e+00	6.923762e-06	5.416988e-08	0.000000e+00	0.000000e+00	-1.151241e-19	6.977932e-06	9.521273e-20	1.991136e-20
3.000000e-01	4.816508e-01	4.816508e-01	4.816508e-01	1.000000e+00	6.923762e-06	5.416988e-08	0.000000e+00	0.000000e+00	-1.222353e-19	6.977932e-06	9.521273e-20	2.702256e-20
4.000000e-01	4.816508e-01	4.816508e-01	4.816508e-01	1.000000e+00	6.923762e-06	5.416989e-08	0.000000e+00	0.000000e+00	-5.322319e-18	6.977932e-06	5.105782e-18	2.165361e-19
5.000000e-01	4.816508e-01	4.816508e-01	4.816508e-01	1.000000e+00	6.923762e-06	5.416995e-08	0.000000e+00	0.000000e+00	-1.271528e-15	6.977932e-06	1.223948e-15	4.757998e-17
6.000000e-01	4.816508e-01	4.816508e-01	4.816508e-01	1.000000e+00	6.923769e-06	5.417275e-08	0.000000e+00	0.000000e+00	-6.896280e-14	6.977942e-06	6.619296e-14	2.769844e-15
7.000000e-01	4.816508e-01	4.816508e-01	4.816508e-01	1.000000e+00	6.923887e-06	5.421433e-08	0.000000e+00	0.000000e+00	-1.369321e-12	6.978100e-06	1.309868e-12	5.945281e-14
8.000000e-01	4.816509e-01	4.816509e-01	4.816508e-01	1.000000e+00	6.924911e-06	5.452501e-08	0.000000e+00	0.000000e+00	-1.362191e-11	6.979423e-06	1.297945e-11	6.424599e-13
9.000000e-01	4.816515e-01	4.816511e-01	4.816508e-01	1.000000e+00	6.930336e-06	5.594147e-08	0.000000e+00	0.000000e+00	-8.278921e-11	6.986194e-06	7.853247e-11	4.256735e-12
1.000000e+00	4.816539e-01	4.816524e-01	4.816508e-01	1.000000e+00	6.950277e-06	6.042570e-08	0.000000e+00	0.000000e+00	-3.502107e-10	7.010353e-06	3.305301e-10	1.968063e-11
1.100000e+00	4.816618e-01	4.816568e-01	4.816509e-01	1.000000e+00	7.005893e-06	7.118162e-08	0.000000e+00	0.000000e+00	-1.126474e-09	7.075948e-06	1.057159e-09	6.931501e-11
1.200000e+00	4.816821e-01	4.816694e-01	4.816512e-01	1.000000e+00	7.131063e-06	9.193003e-08	0.000000e+00	0.000000e+00	-2.930667e-09	7.220062e-06	2.732950e-09	1.977169e-10
1.300000e+00	4.817265e-01	4.816987e-01	4.816520e-01	1.000000e+00	7.368602e-06	1.254630e-07	0.000000e+00	0.000000e+00	-6.445899e-09	7.487619e-06	5.968619e-09	4.772792e-10
1.400000e+00	4.818109e-01	4.817579e-01	4.816537e-01	1.000000e+00	7.760930e-06	1.721391e-07	0.000000e+00	0.000000e+00	-1.238180e-08	7.920687e-06	1.137475e-08	1.007047e-09
1.500000e+00	4.819542e-01	4.818638e-01	4.816571e-01	1.000000e+00	8.338107e-06	2.290671e-07	0.000000e+00	0.000000e+00	-2.128469e-08	8.545889e-06	1.938169e-08	1.903000e-09
1.600000e+00	4.821755e-01	4.820352e-01	4.816632e-01	1.000000e+00	9.107466e-06	2.903667e-07	0.000000e+00	0.000000e+00	-3.336317e-08	9.364470e-06	3.008177e-08	3.281395e-09
1.700000e+00	4.824912e-01	4.822899e-01	4.816732e-01	1.000000e+00	1.004835e-05	3.483850e-07	0.000000e+00	0.000000e+00	-4.838891e-08	1.034834e-05	4.314966e-08	5.239251e-09
1.800000e+00	4.829122e-01	4.826423e-01	4.816887e-01	1.000000e+00	1.111337e-05	3.953908e-07	0.000000e+00	0.000000e+00	-6.570105e-08	1.144306e-05	5.786420e-08	7.836848e-09
1.900000e+00	4.834419e-01	4.831004e-01	4.817111e-01	1.000000e+00	1.223551e-05	4.251777e-07	0.000000e+00	0.000000e+00	-8.430531e-08	1.257638e-05	7.321914e-08	1.108618e-08
2.000000e+00	4.840756e-01	4.836648e-01	4.817420e-01	1.000000e+00	1.333860e-05	4.341511e-07	0.000000e+00	0.000000e+00	-1.030333e-07	1.366971e-05	8.808599e-08	1.494735e-08
2.100000e+00	4.848011e-01	4.843282e-01	4.817828e-01	1.000000e+00	1.434853e-05	4.217142e-07	0.000000e+00	0.000000e+00	-1.207180e-07	1.464952e-05	1.013851e-07	1.933288e-08
2.200000e+00	4.855999e-01	4.850765e-01	4.818345e-01	1.000000e+00	1.520282e-05	3.900063e-07	0.000000e+00	0.000000e+00	-1.363462e-07	1.545648e-05	1.122281e-07	2.411813e-08
2.300000e+00	4.864498e-01	4.858901e-01	4.818980e-01	1.000000e+00	1.585698e-05	3.431897e-07	0.000000e+00	0.000000e+00	-1.491645e-07	1.605101e-05	1.200092e-07	2.915533e-08
2.400000e+00	4.873268e-01	4.867464e-01	4.819736e-01	1.000000e+00	1.628726e-05	2.865351e-07	0.000000e+00	0.000000e+00	-1.587287e-07	1.641507e-05	1.244403e-07	3.428846e-08
2.500000e+00	4.882075e-01	4.876220e-01	4.820614e-01	1.000000e+00	1.649011e-05	2.255287e-07	0.000000e+00	0.000000e+00	-1.649024e-07	1.655073e-05	1.255354e-07	3.936694e-08
2.600000e+00	4.890706e-01	4.884943e-01	4.821612e-01	1.000000e+00	1.647924e-05	1.651521e-07	0.000000e+00	0.000000e+00	-1.678163e-07	1.647657e-05	1.235600e-07	4.425634e-08
2.700000e+00	4.898982e-01	4.893433e-01	4.822722e-01	1.000000e+00	1.628120e-05	1.094088e-07	0.000000e+00	0.000000e+00	-1.678053e-07	1.622280e-05	1.189596e-07	4.884570e-08
2.800000e+00	4.906763e-01	4.901526e-01	4.823938e-01	1.000000e+00	1.593055e-05	6.110106e-08	0.000000e+00	0.000000e+00	-1.653359e-07	1.582632e-05	1.122847e-07	5.305126e-08
2.900000e+00	4.913953e-01	4.909097e-01	4.825248e-01	1.000000e+00	1.546529e-05	2.181949e-08	0.000000e+00	0.000000e+00	-1.609387e-07	1.532617e-05	1.041217e-07	5.681709e-08
3.000000e+00	4.920494e-01	4.916061e-01	4.826643e-01	1.000000e+00	1.492304e-05	-7.918312e-09	0.000000e+00	0.000000e+00	-1.551504e-07	1.475997e-05	9.503712e-08	6.011331e-08
3.100000e+00	4.926363e-01	4.922374e-01	4.828111e-01	1.000000e+00	1.433826e-05	-2.844355e-08	0.000000e+00	0.000000e+00	-1.484709e-07	1.416134e-05	8.553820e-08	6.293268e-08
3.200000e+00	4.931567e-01	4.928020e-01	4.829640e-01	1.000000e+00	1.374045e-05	-4.068245e-08	0.000000e+00	0.000000e+00	-1.413353e-07	1.355843e-05	7.604898e-08	6.528637e-08
3.300000e+00	4.936134e-01	4.933014e-01	4.831220e-01	1.000000e+00	1.315330e-05	-4.591389e-08	0.000000e+00	0.000000e+00	-1.341000e-07	1.297329e-05	6.690062e-08	6.719940e-08
3.400000e+00	4.940108e-01	4.937387e-01	4.832841e-01	1.000000e+00	1.259456e-05	-4.556354e-08	0.000000e+00	0.000000e+00	-1.270385e-07	1.242196e-05	5.833217e-08	6.870634e-08
3.500000e+00	4.943541e-01	4.941186e-01	4.834493e-01	1.000000e+00	1.207639e-05	-4.104632e-08	0.000000e+00	0.000000e+00	-1.203461e-07	1.191500e-05	5.049867e-08	6.984744e-08
3.600000e+00	4.946494e-01	4.944466e-01	4.836169e-01	1.000000e+00	1.160609e-05	-3.365852e-08	0.000000e+00	0.000000e+00	-1.141491e-07	1.145828e-05	4.348357e-08	7.066548e-08
3.700000e+00	4.949025e-01	4.947285e-01	4.837861e-01	1.000000e+00	1.118696e-05	-2.451449e-08	0.000000e+00	0.000000e+00	-1.085162e-07	1.105393e-05	3.731294e-08	7.120326e-08
3.800000e+00	4.951193e-01	4.949702e-01	4.839562e-01	1.000000e+00	1.081922e-05	-1.451936e-08	0.000000e+00	0.000000e+00	-1.034714e-07	1.070123e-05	3.196964e-08	7.150177e-08
3.900000e+00	4.953051e-01	4.951773e-01	4.841268e-01	1.000000e+00	1.050085e-05	-4.368197e-09	0.000000e+00	0.000000e+00	-9.900538e-08	1.039748e-05	2.740632e-08	7.159906e-08
4.000000e+00	4.954649e-01	4.953550e-01	4.842975e-01	1.000000e+00	1.022832e-05	5.437299e-09	0.000000e+00	0.000000e+00	-9.508589e-08	1.013868e-05	2.355648e-08	7.152941e-08
4.100000e+00	4.956030e-01	4.955081e-01	4.844678e-01	1.000000e+00	9.997226e-06	1.456224e-08	0.000000e+00	0.000000e+00	-9.166655e-08	9.920121e-06	2.034344e-08	7.132311e-08
4.200000e+00	4.957232e-01	4.956407e-01	4.846375e-01	1.000000e+00	9.802749e-06	2.280791e-08	0.000000e+00	0.000000e+00	-8.869353e-08	9.736863e-06	1.768717e-08	7.100636e-08
4.300000e+00	4.958288e-01	4.957565e-01	4.848063e-01	1.000000e+00	9.640036e-06	3.008115e-08	0.000000e+00	0.000000e+00	-8.611065e-08	9.584006e-06	1.550914e-08	7.060150e-08
4.400000e+00	4.959226e-01	4.958585e-01	4.849741e-01	1.000000e+00	9.504431e-06	3.636634e-08	0.000000e+00	0.000000e+00	-8.386293e-08	9.456935e-06	1.373566e-08	7.012726e-08
4.500000e+00	4.960067e-01	4.959493e-01	4.851406e-01	1.000000e+00	9.391636e-06	4.170136e-08	0.000000e+00	0.000000e+00	-8.189895e-08	9.351438e-06	1.229978e-08	6.959916e-08
4.600000e+00	4.960831e-01	4.960311e-01	4.853059e-01	1.000000e+00	9.297795e-06	4.615801e-08	0.000000e+00	0.000000e+00	-8.017218e-08	9.263781e-06	1.114226e-08	6.902992e-08
4.700000e+00	4.961533e-01	4.961056e-01	4.854698e-01	1.000000e+00	9.219533e-06	4.982686e-08	0.000000e+00	0.000000e+00	-7.864162e-08	9.190718e-06	1.021178e-08	6.842984e-08
4.800000e+00	4.962184e-01	4.961743e-01	4.856322e-01	1.000000e+00	9.153951e-06	5.280609e-08	0.000000e+00	0.000000e+00	-7.727189e-08	9.129485e-06	9.464721e-09	6.780717e-08
4.900000e+00	4.962796e-01	4.962383e-01	4.857931e-01	1.000000e+00	9.098601e-06	5.519367e-08	0.000000e+00	0.000000e+00	-7.603303e-08	9.077761e-06	8.864541e-09	6.716849e-08
5.000000e+00	4.963376e-01	4.962985e-01	4.859524e-01	1.000000e+00	9.051444e-06	5.708225e-08	0.000000e+00	0.000000e+00	-7.490004e-08	9.033627e-06	8.381057e-09	6.651898e-08
5.100000e+00	4.963929e-01	4.963557e-01	4.861103e-01	1.000000e+00	9.010807e-06	5.855618e-08	0.000000e+00	0.000000e+00	-7.385232e-08	8.995511e-06	7.989635e-09	6.586269e-08
5.200000e+00	4.964461e-01	4.964104e-01	4.862665e-01	1.000000e+00	8.975328e-06	5.968994e-08	0.000000e+00	0.000000e+00	-7.287315e-08	8.962145e-06	7.670381e-09	6.520277e-08
5.300000e+00	4.964976e-01	4.964630e-01	4.864211e-01	1.000000e+00	8.943901e-06	6.054372e-08	0.000000e+00	0.000000e+00	-7.194892e-08	8.932496e-06	7.407290e-09	6.454163e-08
5.400000e+00	4.965475e-01	4.965140e-01	4.865742e-01	1.000000e+00	8.915477e-06	6.111060e-08	0.000000e+00	0.000000e+00	-7.106692e-08	8.905521e-06	7.185880e-09	6.388104e-08
5.500000e+00	4.965961e-01	4.965635e-01	4.867257e-01	1.000000e+00	8.888003e-06	6.104136e-08	0.000000e+00	0.000000e+00	-7.020197e-08	8.878843e-06	6.980374e-09	6.322160e-08
5.600000e+00	4.966428e-01	4.966115e-01	4.868757e-01	1.000000e+00	8.855100e-06	5.899844e-08	0.000000e+00	0.000000e+00	-6.927017e-08	8.844828e-06	6.710030e-09	6.256014e-08
5.700000e+00	4.966854e-01	4.966567e-01	4.870240e-01	1.000000e+00	8.800122e-06	5.194229e-08	0.000000e+00	0.000000e+00	-6.803826e-08	8.784026e-06	6.155167e-09	6.188309e-08
5.800000e+00	4.967184e-01	4.966958e-01	4.871707e-01	1.000000e+00	8.688571e-06	3.454545e-08	0.000000e+00	0.000000e+00	-6.600421e-08	8.657112e-06	4.849254e-09	6.115496e-08
5.900000e+00	4.967297e-01	4.967208e-01	4.873155e-01	1.000000e+00	8.456048e-06	-2.424710e-09	0.000000e+00	0.000000e+00	-6.222089e-08	8.391402e-06	1.921057e-09	6.029983e-08
6.000000e+00	4.966954e-01	4.967152e-01	4.874580e-01	1.000000e+00	7.981796e-06	-7.646490e-08	0.000000e+00	0.000000e+00	-5.491744e-08	7.850413e-06	-4.249705e-09	5.916714e-08
6.100000e+00	4.965690e-01	4.966469e-01	4.875972e-01	1.000000e+00	7.039652e-06	-2.196386e-07	0.000000e+00	0.000000e+00	-4.076021e-08	6.779253e-06	-1.670565e-08	5.746585e-08
6.200000e+00	4.962645e-01	4.964547e-01	4.877312e-01	1.000000e+00	5.237874e-06	-4.813958e-07	0.000000e+00	0.000000e+00	-1.386449e-08	4.742613e-06	-4.079311e-08	5.465760e-08
6.300000e+00	4.956356e-01	4.960306e-01	4.878562e-01	1.000000e+00	1.988726e-06	-9.202244e-07	0.000000e+00	0.000000e+00	3.485464e-08	1.103356e-06	-8.468288e-08	4.982824e-08
6.400000e+00	4.944603e-01	4.952005e-01	4.879661e-01	1.000000e+00	-3.438411e-06	-1.580874e-06	0.000000e+00	0.000000e+00	1.171159e-07	-4.902170e-06	-1.587125e-07	4.159659e-08
6.500000e+00	4.924438e-01	4.937173e-01	4.880504e-01	1.000000e+00	-1.175113e-05	-2.463414e-06	0.000000e+00	0.000000e+00	2.449042e-07	-1.396964e-05	-2.730447e-07	2.814048e-08
6.600000e+00	4.892498e-01	4.912739e-01	4.880944e-01	1.000000e+00	-2.338135e-05	-3.498433e-06	0.000000e+00	0.000000e+00	4.265606e-07	-2.645323e-05	-4.339610e-07	7.400460e-09
6.700000e+00	4.845590e-01	4.875442e-01	4.880784e-01	1.000000e+00	-3.823074e-05	-4.544241e-06	0.000000e+00	0.000000e+00	6.625649e-07	-4.211242e-05	-6.400226e-07	-2.254227e-08
6.800000e+00	4.781427e-01	4.822465e-01	4.879786e-01	1.000000e+00	-5.553062e-05	-5.415318e-06	0.000000e+00	0.000000e+00	9.428572e-07	-6.000308e-05	-8.798564e-07	-6.300081e-08
6.900000e+00	4.699269e-01	4.752117e-01	4.877693e-01	1.000000e+00	-7.391197e-05	-5.937443e-06	0.000000e+00	0.000000e+00	1.247352e-06	-7.860206e-05	-1.133067e-06	-1.142846e-07
7.000000e+00	4.600215e-01	4.664329e-01	4.874257e-01	1.000000e+00	-9.170007e-05	-6.008585e-06	0.000000e+00	0.000000e+00	1.550133e-06	-9.615852e-05	-1.374604e-06	-1.755291e-07
7.100000e+00	4.487011e-01	4.560761e-01	4.869259e-01	1.000000e+00	-1.073375e-04	-5.636763e-06	0.000000e+00	0.000000e+00	1.826038e-06	-1.111482e-04	-1.581200e-06	-2.448379e-07
7.200000e+00	4.363420e-01	4.444454e-01	4.862538e-01	1.000000e+00	-1.197709e-04	-4.936353e-06	0.000000e+00	0.000000e+00	2.057065e-06	-1.226501e-04	-1.737370e-06	-3.196954e-07
7.300000e+00	4.233398e-01	4.319156e-01	4.853992e-01	1.000000e+00	-1.286587e-04	-4.086309e-06	0.000000e+00	0.000000e+00	2.236147e-06	-1.305088e-04	-1.838644e-06	-3.975031e-07
7.400000e+00	4.100338e-01	4.188544e-01	4.843579e-01	1.000000e+00	-1.343452e-04	-3.271108e-06	0.000000e+00	0.000000e+00	2.367202e-06	-1.352491e-04	-1.891142e-06	-4.760605e-07
7.500000e+00	3.966593e-01	4.055593e-01	4.831299e-01	1.000000e+00	-1.376460e-04	-2.629101e-06	0.000000e+00	0.000000e+00	2.462011e-06	-1.378131e-04	-1.908150e-06	-5.538613e-07
7.600000e+00	3.833363e-01	3.922233e-01	4.817181e-01	1.000000e+00	-1.395487e-04	-2.225309e-06	0.000000e+00	0.000000e+00	2.535534e-06	-1.392385e-04	-1.905379e-06	-6.301553e-07
7.700000e+00	3.700882e-01	3.789345e-01	4.801265e-01	1.000000e+00	-1.409378e-04	-2.051341e-06	0.000000e+00	0.000000e+00	2.601467e-06	-1.403877e-04	-1.896649e-06	-7.048174e-07
7.800000e+00	3.568796e-01	3.656994e-01	4.783585e-01	1.000000e+00	-1.424006e-04	-2.041157e-06	0.000000e+00	0.000000e+00	2.669080e-06	-1.417727e-04	-1.890982e-06	-7.780971e-07
7.900000e+00	3.436633e-01	3.524835e-01	4.764172e-01	1.000000e+00	-1.441128e-04	-2.089219e-06	0.000000e+00	0.000000e+00	2.741370e-06	-1.434607e-04	-1.891054e-06	-8.503152e-07
8.000000e+00	3.304298e-01	3.392574e-01	4.743048e-01	1.000000e+00	-1.457876e-04	-2.068099e-06	0.000000e+00	0.000000e+00	2.814182e-06	-1.450415e-04	-1.892634e-06	-9.215483e-07
8.100000e+00	3.172525e-01	3.260445e-01	4.720242e-01	1.000000e+00	-1.466946e-04	-1.848090e-06	0.000000e+00	0.000000e+00	2.876348e-06	-1.456664e-04	-1.885005e-06	-9.913438e-07
8.200000e+00	3.043272e-01	3.129634e-01	4.695800e-01	1.000000e+00	-1.456707e-04	-1.287035e-06	0.000000e+00	0.000000e+00	2.910077e-06	-1.440476e-04	-1.851600e-06	-1.058477e-06
8.300000e+00	2.920501e-01	3.002805e-01	4.669812e-01	1.000000e+00	-1.406185e-04	-6.557752e-08	0.000000e+00	0.000000e+00	2.885071e-06	-1.377991e-04	-1.764602e-06	-1.120469e-06
8.400000e+00	2.812940e-01	2.885636e-01	4.642456e-01	1.000000e+00	-1.264567e-04	2.758536e-06	0.000000e+00	0.000000e+00	2.730447e-06	-1.209677e-04	-1.558605e-06	-1.171841e-06
8.500000e+00	2.741224e-01	2.791288e-01	4.614119e-01	1.000000e+00	-9.103318e-05	9.295995e-06	0.000000e+00	0.000000e+00	2.272988e-06	-7.946420e-05	-1.073361e-06	-1.199627e-06
8.600000e+00	2.750156e-01	2.749477e-01	4.585660e-01	1.000000e+00	-1.061334e-05	2.292427e-05	0.000000e+00	0.000000e+00	1.161125e-06	1.347206e-05	1.455223e-08	-1.175677e-06
8.700000e+00	2.922875e-01	2.819297e-01	4.558879e-01	1.000000e+00	1.516587e-04	4.749927e-05	0.000000e+00	0.000000e+00	-1.172830e-06	1.979851e-04	2.220723e-06	-1.047893e-06
8.800000e+00	3.390249e-01	3.101235e-01	4.537163e-01	1.000000e+00	4.415246e-04	8.583001e-05	0.000000e+00	0.000000e+00	-5.461844e-06	5.218927e-04	6.196465e-06	-7.346212e-07
8.900000e+00	4.328886e-01	3.741998e-01	4.526193e-01	1.000000e+00	9.036310e-04	1.381108e-04	0.000000e+00	0.000000e+00	-1.245651e-05	1.029285e-03	1.258288e-05	-1.263788e-07
9.000000e+00	5.944943e-01	4.927203e-01	4.534491e-01	1.000000e+00	1.568858e-03	2.010827e-04	0.000000e+00	0.000000e+00	-2.272378e-05	1.747217e-03	2.182035e-05	9.034227e-07
9.100000e+00	8.446199e-01	6.861200e-01	4.573630e-01	1.000000e+00	2.443381e-03	2.683215e-04	0.000000e+00	0.000000e+00	-3.646283e-05	2.675239e-03	3.398238e-05	2.480458e-06
9.200000e+00	1.200900e+00	9.737914e-01	4.657956e-01	1.000000e+00	3.503134e-03	3.315285e-04	0.000000e+00	0.000000e+00	-5.340059e-05	3.781262e-03	4.869210e-05	4.708491e-06
9.300000e+00	1.674811e+00	1.370958e+00	4.803837e-01	1.000000e+00	4.695214e-03	3.823278e-04	0.000000e+00	0.000000e+00	-7.279668e-05	5.004745e-03	6.514614e-05	7.650546e-06
9.400000e+00	2.269609e+00	1.886059e+00	5.028525e-01	1.000000e+00	5.945432e-03	4.139805e-04	0.000000e+00	0.000000e+00	-9.354956e-05	6.265863e-03	8.223313e-05	1.131643e-05
9.500000e+00	2.979590e+00	2.519194e+00	5.348825e-01	1.000000e+00	7.169645e-03	4.225608e-04	0.000000e+00	0.000000e+00	-1.143676e-04	7.477838e-03	9.870879e-05	1.565884e-05
9.600000e+00	3.790672e+00	3.261842e+00	5.779771e-01	1.000000e+00	8.285916e-03	4.073956e-04	0.000000e+00	0.000000e+00	-1.339591e-04	8.559352e-03	1.133812e-04	2.057796e-05
9.700000e+00	4.682068e+00	4.097802e+00	6.333500e-01	1.000000e+00	9.224955e-03	3.708080e-04	0.000000e+00	0.000000e+00	-1.511994e-04	9.444564e-03	1.252665e-04	2.593285e-05
9.800000e+00	5.628599e+00	5.005039e+00	7.018448e-01	1.000000e+00	9.937227e-03	3.173642e-04	0.000000e+00	0.000000e+00	-1.652480e-04	1.008934e-02	1.336911e-04	3.155684e-05
9.900000e+00	6.603235e+00	5.958029e+00	7.838937e-01	1.000000e+00	1.039613e-02	2.528900e-04	0.000000e+00	0.000000e+00	-1.756063e-04	1.047341e-02	1.383323e-04	3.727405e-05
1.000000e+01	7.579460e+00	6.930188e+00	8.795138e-01	1.000000e+00	1.059759e-02	1.834977e-04	0.000000e+00	0.000000e+00	-1.821183e-04	1.059897e-02	1.392038e-04	4.291450e-05
1.010000e+01	8.533199e+00	7.896061e+00	9.883365e-01	1.000000e+00	1.055696e-02	1.147897e-04	0.000000e+00	0.000000e+00	-1.849288e-04	1.048682e-02	1.366025e-04	4.832636e-05
1.020000e+01	9.444183e+00	8.833031e+00	1.109662e+00	1.000000e+00	1.030423e-02	5.131696e-05	0.000000e+00	0.000000e+00	-1.844151e-04	1.017113e-02	1.310308e-04	5.338427e-05
1.030000e+01	1.029670e+01	9.722473e+00	1.242526e+00	1.000000e+00	9.878669e-03	-3.694926e-06	0.000000e+00	0.000000e+00	-1.811074e-04	9.693867e-03	1.231136e-04	5.799377e-05
1.040000e+01	1.107980e+01	1.055032e+01	1.385781e+00	1.000000e+00	9.323664e-03	-4.838358e-05	0.000000e+00	0.000000e+00	-1.756121e-04	9.099668e-03	1.135200e-04	6.209213e-05
1.050000e+01	1.178710e+01	1.130716e+01	1.538161e+00	1.000000e+00	8.682365e-03	-8.210760e-05	0.000000e+00	0.000000e+00	-1.685457e-04	8.431712e-03	1.028992e-04	6.564649e-05
1.060000e+01	1.241622e+01	1.198789e+01	1.698358e+00	1.000000e+00	7.994471e-03	-1.051950e-04	0.000000e+00	0.000000e+00	-1.604851e-04	7.728791e-03	9.183509e-05	6.865006e-05
1.070000e+01	1.296814e+01	1.259118e+01	1.865072e+00	1.000000e+00	7.294189e-03	-1.186523e-04	0.000000e+00	0.000000e+00	-1.519362e-04	7.023601e-03	8.081885e-05	7.111736e-05
1.080000e+01	1.344640e+01	1.311880e+01	2.037058e+00	1.000000e+00	6.609235e-03	-1.238910e-04	0.000000e+00	0.000000e+00	-1.433168e-04	6.342027e-03	7.023762e-05	7.307914e-05
1.090000e+01	1.385643e+01	1.357483e+01	2.213160e+00	1.000000e+00	5.960609e-03	-1.225072e-04	0.000000e+00	0.000000e+00	-1.349521e-04	5.703150e-03	6.037462e-05	7.457747e-05
1.100000e+01	1.420481e+01	1.396499e+01	2.392330e+00	1.000000e+00	5.362891e-03	-1.161267e-04	0.000000e+00	0.000000e+00	-1.270776e-04	5.119687e-03	5.141635e-05	7.566129e-05
1.110000e+01	1.449874e+01	1.429601e+01	2.573641e+00	1.000000e+00	4.824840e-03	-1.062958e-04	0.000000e+00	0.000000e+00	-1.198463e-04	4.598698e-03	4.346367e-05	7.638262e-05
1.120000e+01	1.474552e+01	1.457506e+01	2.756291e+00	1.000000e+00	4.350242e-03	-9.439252e-05	0.000000e+00	0.000000e+00	-1.133392e-04	4.142511e-03	3.654579e-05	7.679338e-05
1.130000e+01	1.495220e+01	1.480930e+01	2.939600e+00	1.000000e+00	3.938987e-03	-8.154939e-05	0.000000e+00	0.000000e+00	-1.075798e-04	3.749857e-03	3.063676e-05	7.694308e-05
1.140000e+01	1.512533e+01	1.500559e+01	3.123001e+00	1.000000e+00	3.588241e-03	-6.860958e-05	0.000000e+00	0.000000e+00	-1.025509e-04	3.417080e-03	2.567353e-05	7.687734e-05
1.150000e+01	1.527086e+01	1.517024e+01	3.306029e+00	1.000000e+00	3.293529e-03	-5.614041e-05	0.000000e+00	0.000000e+00	-9.820950e-05	3.139179e-03	2.157235e-05	7.663714e-05
1.160000e+01	1.539405e+01	1.530898e+01	3.488313e+00	1.000000e+00	3.049524e-03	-4.449483e-05	0.000000e+00	0.000000e+00	-9.449925e-05	2.910530e-03	1.824060e-05	7.625865e-05
1.170000e+01	1.549952e+01	1.542683e+01	3.669561e+00	1.000000e+00	2.850523e-03	-3.388425e-05	0.000000e+00	0.000000e+00	-9.135685e-05	2.725282e-03	1.558362e-05	7.577323e-05
1.180000e+01	1.559120e+01	1.552820e+01	3.849552e+00	1.000000e+00	2.690724e-03	-2.443012e-05	0.000000e+00	0.000000e+00	-8.871570e-05	2.577578e-03	1.350807e-05	7.520763e-05
1.190000e+01	1.567245e+01	1.561683e+01	4.028121e+00	1.000000e+00	2.564424e-03	-1.618618e-05	0.000000e+00	0.000000e+00	-8.650839e-05	2.461729e-03	1.192416e-05	7.458423e-05
1.200000e+01	1.574599e+01	1.569586e+01	4.205154e+00	1.000000e+00	2.466208e-03	-9.143925e-06	0.000000e+00	0.000000e+00	-8.466929e-05	2.372394e-03	1.074794e-05	7.392135e-05
1.210000e+01	1.581406e+01	1.576787e+01	4.380574e+00	1.000000e+00	2.391127e-03	-3.238466e-06	0.000000e+00	0.000000e+00	-8.313731e-05	2.304752e-03	9.903567e-06	7.323374e-05
1.220000e+01	1.587843e+01	1.583493e+01	4.554338e+00	1.000000e+00	2.334819e-03	1.635376e-06	0.000000e+00	0.000000e+00	-8.185801e-05	2.254597e-03	9.324949e-06	7.253306e-05
1.230000e+01	1.594049e+01	1.589872e+01	4.726424e+00	1.000000e+00	2.293517e-03	5.594527e-06	0.000000e+00	0.000000e+00	-8.078415e-05	2.218327e-03	8.955796e-06	7.182835e-05
1.240000e+01	1.600132e+01	1.596052e+01	4.896833e+00	1.000000e+00	2.263932e-03	8.732033e-06	0.000000e+00	0.000000e+00	-7.987427e-05	2.192789e-03	8.747816e-06	7.112645e-05
1.250000e+01	1.606167e+01	1.602130e+01	5.065577e+00	1.000000e+00	2.243041e-03	1.108910e-05	0.000000e+00	0.000000e+00	-7.908956e-05	2.175040e-03	8.657353e-06	7.043221e-05
1.260000e+01	1.612203e+01	1.608173e+01	5.232677e+00	1.000000e+00	2.227864e-03	1.265254e-05	0.000000e+00	0.000000e+00	-7.839039e-05	2.162126e-03	8.641875e-06	6.974851e-05
1.270000e+01	1.618257e+01	1.614219e+01	5.398161e+00	1.000000e+00	2.215370e-03	1.338419e-05	0.000000e+00	0.000000e+00	-7.773452e-05	2.151020e-03	8.658213e-06	6.907630e-05
1.280000e+01	1.624316e+01	1.620275e+01	5.562056e+00	1.000000e+00	2.202572e-03	1.327198e-05	0.000000e+00	0.000000e+00	-7.707838e-05	2.138766e-03	8.663782e-06	6.841460e-05
1.290000e+01	1.630341e+01	1.626320e+01	5.724383e+00	1.000000e+00	2.186812e-03	1.238050e-05	0.000000e+00	0.000000e+00	-7.638148e-05	2.122811e-03	8.620715e-06	6.776076e-05
1.300000e+01	1.636274e+01	1.632309e+01	5.885157e+00	1.000000e+00	2.166128e-03	1.087617e-05	0.000000e+00	0.000000e+00	-7.561241e-05	2.101392e-03	8.501369e-06	6.711104e-05
1.310000e+01	1.642052e+01	1.638184e+01	6.044383e+00	1.000000e+00	2.139548e-03	9.012585e-06	0.000000e+00	0.000000e+00	-7.475407e-05	2.073806e-03	8.292824e-06	6.646125e-05
1.320000e+01	1.647614e+01	1.643883e+01	6.202055e+00	1.000000e+00	2.107183e-03	7.082828e-06	0.000000e+00	0.000000e+00	-7.380591e-05	2.040460e-03	7.998370e-06	6.580754e-05
1.330000e+01	1.652912e+01	1.649350e+01	6.358161e+00	1.000000e+00	2.070109e-03	5.363416e-06	0.000000e+00	0.000000e+00	-7.278257e-05	2.002690e-03	7.635552e-06	6.514701e-05
1.340000e+01	1.657921e+01	1.654548e+01	6.512683e+00	1.000000e+00	2.030110e-03	4.075663e-06	0.000000e+00	0.000000e+00	-7.171016e-05	1.962475e-03	7.232008e-06	6.447815e-05
1.350000e+01	1.662641e+01	1.659459e+01	6.665600e+00	1.000000e+00	1.989391e-03	3.372155e-06	0.000000e+00	0.000000e+00	-7.062189e-05	1.922141e-03	6.820920e-06	6.380097e-05
1.360000e+01	1.667093e+01	1.664091e+01	6.816894e+00	1.000000e+00	1.950323e-03	3.335734e-06	0.000000e+00	0.000000e+00	-6.955416e-05	1.884105e-03	6.437086e-06	6.311708e-05
1.370000e+01	1.671324e+01	1.668473e+01	6.966553e+00	1.000000e+00	1.915187e-03	3.975882e-06	0.000000e+00	0.000000e+00	-6.854283e-05	1.850620e-03	6.113331e-06	6.242950e-05
1.380000e+01	1.675399e+01	1.672658e+01	7.114572e+00	1.000000e+00	1.885908e-03	5.222421e-06	0.000000e+00	0.000000e+00	-6.761919e-05	1.823511e-03	5.876787e-06	6.174240e-05
1.390000e+01	1.679393e+01	1.676714e+01	7.260958e+00	1.000000e+00	1.863797e-03	6.927904e-06	0.000000e+00	0.000000e+00	-6.680591e-05	1.803919e-03	5.745297e-06	6.106061e-05
1.400000e+01	1.683386e+01	1.680716e+01	7.405730e+00	1.000000e+00	1.849380e-03	8.887041e-06	0.000000e+00	0.000000e+00	-6.611400e-05	1.792153e-03	5.724911e-06	6.038909e-05
1.410000e+01	1.687452e+01	1.684742e+01	7.548918e+00	1.000000e+00	1.842352e-03	1.087149e-05	0.000000e+00	0.000000e+00	-6.554167e-05	1.787682e-03	5.809351e-06	5.973232e-05
1.420000e+01	1.691649e+01	1.688859e+01	7.690561e+00	1.000000e+00	1.841684e-03	1.267046e-05	0.000000e+00	0.000000e+00	-6.507563e-05	1.789278e-03	5.981738e-06	5.909390e-05
1.430000e+01	1.696020e+01	1.693120e+01	7.830706e+00	1.000000e+00	1.845848e-03	1.412486e-05	0.000000e+00	0.000000e+00	-6.469433e-05	1.795278e-03	6.218103e-06	5.847623e-05
1.440000e+01	1.700588e+01	1.697561e+01	7.969405e+00	1.000000e+00	1.853093e-03	1.514455e-05	0.000000e+00	0.000000e+00	-6.437210e-05	1.803866e-03	6.491649e-06	5.788045e-05
1.450000e+01	1.705359e+01	1.702198e+01	8.106710e+00	1.000000e+00	1.861689e-03	1.570450e-05	0.000000e+00	0.000000e+00	-6.408304e-05	1.813311e-03	6.776502e-06	5.730654e-05
1.460000e+01	1.710320e+01	1.707032e+01	8.242672e+00	1.000000e+00	1.870080e-03	1.582550e-05	0.000000e+00	0.000000e+00	-6.380352e-05	1.822102e-03	7.050061e-06	5.675346e-05
1.470000e+01	1.715449e+01	1.712047e+01	8.377338e+00	1.000000e+00	1.876943e-03	1.555079e-05	0.000000e+00	0.000000e+00	-6.351323e-05	1.828981e-03	7.293789e-06	5.621944e-05
1.480000e+01	1.720713e+01	1.717219e+01	8.510751e+00	1.000000e+00	1.881160e-03	1.491744e-05	0.000000e+00	0.000000e+00	-6.319474e-05	1.832883e-03	7.492675e-06	5.570206e-05
1.490000e+01	1.726068e+01	1.722509e+01	8.642948e+00	1.000000e+00	1.881485e-03	1.385637e-05	0.000000e+00	0.000000e+00	-6.282948e-05	1.832512e-03	7.631181e-06	5.519830e-05
1.500000e+01	1.731446e+01	1.727866e+01	8.773956e+00	1.000000e+00	1.875164e-03	1.187376e-05	0.000000e+00	0.000000e+00	-6.237940e-05	1.824659e-03	7.675756e-06	5.470364e-05
1.510000e+01	1.736708e+01	1.733196e+01	8.903787e+00	1.000000e+00	1.854606e-03	7.504367e-06	0.000000e+00	0.000000e+00	-6.173860e-05	1.800372e-03	7.529499e-06	5.420910e-05
1.520000e+01	1.741543e+01	1.738296e+01	9.032421e+00	1.000000e+00	1.802581e-03	-2.068671e-06	0.000000e+00	0.000000e+00	-6.065713e-05	1.739855e-03	6.962269e-06	5.369486e-05
1.530000e+01	1.745326e+01	1.742735e+01	9.159769e+00	1.000000e+00	1.688743e-03	-2.065647e-05	0.000000e+00	0.000000e+00	-5.867625e-05	1.609410e-03	5.554767e-06	5.312148e-05
1.540000e+01	1.746992e+01	1.745727e+01	9.285616e+00	1.000000e+00	1.470921e-03	-5.180499e-05	0.000000e+00	0.000000e+00	-5.513286e-05	1.363983e-03	2.710782e-06	5.242208e-05
1.550000e+01	1.744991e+01	1.746034e+01	9.409552e+00	1.000000e+00	1.102676e-03	-9.712338e-05	0.000000e+00	0.000000e+00	-4.926494e-05	9.562877e-04	-2.235193e-06	5.150013e-05
1.560000e+01	1.737391e+01	1.741980e+01	9.530908e+00	1.000000e+00	5.452921e-04	-1.550195e-04	0.000000e+00	0.000000e+00	-4.039672e-05	3.498759e-04	-9.839252e-06	5.023598e-05
1.570000e+01	1.722097e+01	1.731594e+01	9.648714e+00	1.000000e+00	-2.199316e-04	-2.204620e-04	0.000000e+00	0.000000e+00	-2.814014e-05	-4.685338e-04	-2.036167e-05	4.850181e-05
1.580000e+01	1.697176e+01	1.712866e+01	9.761707e+00	1.000000e+00	-1.183397e-03	-2.858765e-04	0.000000e+00	0.000000e+00	-1.254093e-05	-1.481814e-03	-3.364087e-05	4.618180e-05
1.590000e+01	1.661171e+01	1.684058e+01	9.868384e+00	1.000000e+00	-2.305528e-03	-3.428018e-04	0.000000e+00	0.000000e+00	5.877159e-06	-2.642453e-03	-4.906949e-05	4.319234e-05
1.600000e+01	1.613356e+01	1.643988e+01	9.967095e+00	1.000000e+00	-3.521863e-03	-3.837116e-04	0.000000e+00	0.000000e+00	2.617761e-05	-3.879397e-03	-6.567506e-05	3.949745e-05
1.610000e+01	1.553866e+01	1.592241e+01	1.005617e+01	1.000000e+00	-4.753051e-03	-4.034553e-04	0.000000e+00	0.000000e+00	4.715912e-05	-5.109347e-03	-8.227559e-05	3.511647e-05
1.620000e+01	1.483693e+01	1.529246e+01	1.013405e+01	1.000000e+00	-5.916888e-03	-4.000061e-04	0.000000e+00	0.000000e+00	6.754147e-05	-6.249353e-03	-9.766440e-05	3.012292e-05
1.630000e+01	1.404563e+01	1.456233e+01	1.019941e+01	1.000000e+00	-6.939575e-03	-3.744658e-04	0.000000e+00	0.000000e+00	8.614405e-05	-7.227897e-03	-1.107799e-04	2.463585e-05
1.640000e+01	1.318730e+01	1.375087e+01	1.025124e+01	1.000000e+00	-7.764154e-03	-3.304820e-04	0.000000e+00	0.000000e+00	1.020232e-04	-7.992613e-03	-1.208292e-04	1.880603e-05
1.650000e+01	1.228733e+01	1.288132e+01	1.028894e+01	1.000000e+00	-8.355167e-03	-2.733310e-04	0.000000e+00	0.000000e+00	1.145521e-04	-8.513946e-03	-1.273522e-04	1.280008e-05
1.660000e+01	1.137155e+01	1.197895e+01	1.031227e+01	1.000000e+00	-8.699543e-03	-2.089253e-04	0.000000e+00	0.000000e+00	1.234417e-04	-8.785027e-03	-1.302266e-04	6.784885e-06
1.670000e+01	1.046419e+01	1.106880e+01	1.032141e+01	1.000000e+00	-8.804427e-03	-1.429449e-04	0.000000e+00	0.000000e+00	1.287139e-04	-8.818658e-03	-1.296284e-04	9.145387e-07
1.680000e+01	9.586323e+00	1.017384e+01	1.031685e+01	1.000000e+00	-8.692995e-03	-8.020789e-05	0.000000e+00	0.000000e+00	1.306419e-04	-8.642561e-03	-1.259628e-04	-4.679189e-06
1.690000e+01	8.754946e+00	9.313636e+00	1.029940e+01	1.000000e+00	-8.399340e-03	-2.431508e-05	0.000000e+00	0.000000e+00	1.296755e-04	-8.293980e-03	-1.197830e-04	-9.892529e-06
1.700000e+01	7.982562e+00	8.503611e+00	1.027005e+01	1.000000e+00	-7.963348e-03	2.245493e-05	0.000000e+00	0.000000e+00	1.263645e-04	-7.814528e-03	-1.117127e-04	-1.465178e-05
1.710000e+01	7.277261e+00	7.754772e+00	1.022993e+01	1.000000e+00	-7.426196e-03	5.905914e-05	0.000000e+00	0.000000e+00	1.212909e-04	-7.245846e-03	-1.023784e-04	-1.891246e-05
1.720000e+01	6.643110e+00	7.073891e+00	1.018028e+01	1.000000e+00	-6.826851e-03	8.548145e-05	0.000000e+00	0.000000e+00	1.150158e-04	-6.626354e-03	-9.235952e-05	-2.265627e-05
1.730000e+01	6.080770e+00	6.463957e+00	1.012231e+01	1.000000e+00	-6.199678e-03	1.024659e-04	0.000000e+00	0.000000e+00	1.080422e-04	-5.989170e-03	-8.215527e-05	-2.588689e-05
1.740000e+01	5.588192e+00	5.924798e+00	1.005724e+01	1.000000e+00	-5.573112e-03	1.112419e-04	0.000000e+00	0.000000e+00	1.007935e-04	-5.361077e-03	-7.216835e-05	-2.862512e-05
1.750000e+01	5.161329e+00	5.453781e+00	9.986187e+00	1.000000e+00	-4.969227e-03	1.132775e-04	0.000000e+00	0.000000e+00	9.360574e-05	-4.762344e-03	-6.270156e-05	-3.090418e-05
1.760000e+01	4.794786e+00	5.046485e+00	9.910211e+00	1.000000e+00	-4.403979e-03	1.100835e-04	0.000000e+00	0.000000e+00	8.672965e-05	-4.207166e-03	-5.396433e-05	-3.276532e-05
1.770000e+01	4.482374e+00	4.697322e+00	9.830251e+00	1.000000e+00	-3.887863e-03	1.030804e-04	0.000000e+00	0.000000e+00	8.033897e-05	-3.704444e-03	-4.608475e-05	-3.425422e-05
1.780000e+01	4.217564e+00	4.400046e+00	9.747139e+00	1.000000e+00	-3.426770e-03	9.352213e-05	0.000000e+00	0.000000e+00	7.454206e-05	-3.258705e-03	-3.912403e-05	-3.541803e-05
1.790000e+01	3.993835e+00	4.148177e+00	9.661592e+00	1.000000e+00	-3.022892e-03	8.246037e-05	0.000000e+00	0.000000e+00	6.939422e-05	-2.871038e-03	-3.309110e-05	-3.630312e-05
1.800000e+01	3.804925e+00	3.935316e+00	9.574224e+00	1.000000e+00	-2.675599e-03	7.073990e-05	0.000000e+00	0.000000e+00	6.490951e-05	-2.539950e-03	-2.795599e-05	-3.695352e-05
1.810000e+01	3.645013e+00	3.755374e+00	9.485545e+00	1.000000e+00	-2.382188e-03	5.901656e-05	0.000000e+00	0.000000e+00	6.107116e-05	-2.262100e-03	-2.366138e-05	-3.740977e-05
1.820000e+01	3.508834e+00	3.602731e+00	9.395972e+00	1.000000e+00	-2.138494e-03	4.778738e-05	0.000000e+00	0.000000e+00	5.783985e-05	-2.032867e-03	-2.013156e-05	-3.770830e-05
1.830000e+01	3.391748e+00	3.472342e+00	9.305844e+00	1.000000e+00	-1.939375e-03	3.741687e-05	0.000000e+00	0.000000e+00	5.516028e-05	-1.846798e-03	-1.727931e-05	-3.788096e-05
1.840000e+01	3.289775e+00	3.359792e+00	9.215426e+00	1.000000e+00	-1.779131e-03	2.815192e-05	0.000000e+00	0.000000e+00	5.296673e-05	-1.698012e-03	-1.501175e-05	-3.795498e-05
1.850000e+01	3.199590e+00	3.261323e+00	9.124927e+00	1.000000e+00	-1.651881e-03	2.013080e-05	0.000000e+00	0.000000e+00	5.118847e-05	-1.580562e-03	-1.323551e-05	-3.795296e-05
1.860000e+01	3.118492e+00	3.173815e+00	9.034504e+00	1.000000e+00	-1.551889e-03	1.339714e-05	0.000000e+00	0.000000e+00	4.975450e-05	-1.488737e-03	-1.186126e-05	-3.789324e-05
1.870000e+01	3.044345e+00	3.094750e+00	8.944278e+00	1.000000e+00	-1.473793e-03	7.922642e-06	0.000000e+00	0.000000e+00	4.859718e-05	-1.417274e-03	-1.080693e-05	-3.779025e-05
1.880000e+01	2.975514e+00	3.022153e+00	8.854338e+00	1.000000e+00	-1.412740e-03	3.631976e-06	0.000000e+00	0.000000e+00	4.765438e-05	-1.361454e-03	-9.999335e-06	-3.765504e-05
1.890000e+01	2.910801e+00	2.954527e+00	8.764750e+00	1.000000e+00	-1.364448e-03	4.192830e-07	0.000000e+00	0.000000e+00	4.687053e-05	-1.317158e-03	-9.374815e-06	-3.749571e-05
1.900000e+01	2.849370e+00	2.890787e+00	8.675565e+00	1.000000e+00	-1.325262e-03	-1.846637e-06	0.000000e+00	0.000000e+00	4.619757e-05	-1.280911e-03	-8.879626e-06	-3.731794e-05
1.910000e+01	2.790677e+00	2.830185e+00	8.586822e+00	1.000000e+00	-1.292207e-03	-3.321693e-06	0.000000e+00	0.000000e+00	4.559595e-05	-1.249933e-03	-8.470482e-06	-3.712547e-05
1.920000e+01	2.734390e+00	2.772240e+00	8.498552e+00	1.000000e+00	-1.263030e-03	-4.180907e-06	0.000000e+00	0.000000e+00	4.503560e-05	-1.222175e-03	-8.114992e-06	-3.692061e-05
1.930000e+01	2.680318e+00	2.716659e+00	8.410785e+00	1.000000e+00	-1.236189e-03	-4.604071e-06	0.000000e+00	0.000000e+00	4.449618e-05	-1.196296e-03	-7.791398e-06	-3.670478e-05
1.940000e+01	2.628345e+00	2.663267e+00	8.323544e+00	1.000000e+00	-1.210764e-03	-4.756252e-06	0.000000e+00	0.000000e+00	4.396615e-05	-1.171554e-03	-7.487257e-06	-3.647889e-05
1.950000e+01	2.578381e+00	2.611950e+00	8.236853e+00	1.000000e+00	-1.186322e-03	-4.770341e-06	0.000000e+00	0.000000e+00	4.344086e-05	-1.147651e-03	-7.197215e-06	-3.624365e-05
1.960000e+01	2.530337e+00	2.562615e+00	8.150734e+00	1.000000e+00	-1.162738e-03	-4.737455e-06	0.000000e+00	0.000000e+00	4.292012e-05	-1.124555e-03	-6.920354e-06	-3.599976e-05
1.970000e+01	2.484113e+00	2.515166e+00	8.065205e+00	1.000000e+00	-1.140039e-03	-4.707097e-06	0.000000e+00	0.000000e+00	4.240575e-05	-1.102340e-03	-6.657742e-06	-3.574801e-05
1.980000e+01	2.439600e+00	2.469500e+00	7.980285e+00	1.000000e+00	-1.118282e-03	-4.695197e-06	0.000000e+00	0.000000e+00	4.189980e-05	-1.081078e-03	-6.410599e-06	-3.548920e-05
1.990000e+01	2.396684e+00	2.425505e+00	7.895990e+00	1.000000e+00	-1.097484e-03	-4.696137e-06	0.000000e+00	0.000000e+00	4.140344e-05	-1.060777e-03	-6.179281e-06	-3.522415e-05
2.000000e+01	2.355262e+00	2.383075e+00	7.812333e+00	1.000000e+00	-1.077594e-03	-4.694836e-06	0.000000e+00	0.000000e+00	4.091661e-05	-1.041373e-03	-5.962981e-06	-3.495363e-05
2.010000e+01	2.315243e+00	2.342108e+00	7.729328e+00	1.000000e+00	-1.058507e-03	-4.676157e-06	0.000000e+00	0.000000e+00	4.043825e-05	-1.022745e-03	-5.759955e-06	-3.467829e-05
2.020000e+01	2.276551e+00	2.302521e+00	7.646983e+00	1.000000e+00	-1.040086e-03	-4.630486e-06	0.000000e+00	0.000000e+00	3.996668e-05	-1.004750e-03	-5.567985e-06	-3.439869e-05
2.030000e+01	2.239128e+00	2.264244e+00	7.565310e+00	1.000000e+00	-1.022196e-03	-4.555653e-06	0.000000e+00	0.000000e+00	3.950014e-05	-9.872518e-04	-5.384875e-06	-3.411526e-05
2.040000e+01	2.202926e+00	2.227221e+00	7.484317e+00	1.000000e+00	-1.004726e-03	-4.456174e-06	0.000000e+00	0.000000e+00	3.903720e-05	-9.701445e-04	-5.208836e-06	-3.382837e-05
2.050000e+01	2.167906e+00	2.191408e+00	7.404012e+00	1.000000e+00	-9.876015e-04	-4.341015e-06	0.000000e+00	0.000000e+00	3.857700e-05	-9.533655e-04	-5.038696e-06	-3.353830e-05
2.060000e+01	2.134032e+00	2.156765e+00	7.324402e+00	1.000000e+00	-9.707938e-04	-4.220940e-06	0.000000e+00	0.000000e+00	3.811930e-05	-9.368955e-04	-4.873943e-06	-3.324536e-05
2.070000e+01	2.101265e+00	2.123255e+00	7.245493e+00	1.000000e+00	-9.543097e-04	-4.106202e-06	0.000000e+00	0.000000e+00	3.766445e-05	-9.207515e-04	-4.714635e-06	-3.294981e-05
2.080000e+01	2.069563e+00	2.090838e+00	7.167292e+00	1.000000e+00	-9.381838e-04	-4.004945e-06	0.000000e+00	0.000000e+00	3.721321e-05	-9.049756e-04	-4.561236e-06	-3.265197e-05
2.090000e+01	2.038881e+00	2.059470e+00	7.089803e+00	1.000000e+00	-9.224666e-04	-3.922404e-06	0.000000e+00	0.000000e+00	3.676660e-05	-8.896224e-04	-4.414428e-06	-3.235217e-05
2.100000e+01	2.009165e+00	2.029104e+00	7.013031e+00	1.000000e+00	-9.072127e-04	-3.860792e-06	0.000000e+00	0.000000e+00	3.632570e-05	-8.747478e-04	-4.274937e-06	-3.205076e-05
2.110000e+01	1.980360e+00	1.999686e+00	6.936979e+00	1.000000e+00	-8.924718e-04	-3.819682e-06	0.000000e+00	0.000000e+00	3.589153e-05	-8.604000e-04	-4.143395e-06	-3.174814e-05
2.120000e+01	1.952406e+00	1.971158e+00	6.861650e+00	1.000000e+00	-8.782822e-04	-3.796654e-06	0.000000e+00	0.000000e+00	3.546493e-05	-8.466139e-04	-4.020247e-06	-3.144469e-05
2.130000e+01	1.925243e+00	1.943460e+00	6.787045e+00	1.000000e+00	-8.646672e-04	-3.788030e-06	0.000000e+00	0.000000e+00	3.504652e-05	-8.334087e-04	-3.905709e-06	-3.114081e-05
2.140000e+01	1.898811e+00	1.916533e+00	6.713164e+00	1.000000e+00	-8.516342e-04	-3.789559e-06	0.000000e+00	0.000000e+00	3.463665e-05	-8.207871e-04	-3.799757e-06	-3.083690e-05
2.150000e+01	1.873050e+00	1.890318e+00	6.640008e+00	1.000000e+00	-8.391757e-04	-3.796978e-06	0.000000e+00	0.000000e+00	3.423546e-05	-8.087372e-04	-3.702150e-06	-3.053331e-05
2.160000e+01	1.847908e+00	1.864757e+00	6.567574e+00	1.000000e+00	-8.272712e-04	-3.806413e-06	0.000000e+00	0.000000e+00	3.384288e-05	-7.972348e-04	-3.612467e-06	-3.023041e-05
2.170000e+01	1.823331e+00	1.839796e+00	6.495862e+00	1.000000e+00	-8.158907e-04	-3.814622e-06	0.000000e+00	0.000000e+00	3.345865e-05	-7.862467e-04	-3.530153e-06	-2.992849e-05
2.180000e+01	1.799275e+00	1.815387e+00	6.424868e+00	1.000000e+00	-8.049969e-04	-3.819105e-06	0.000000e+00	0.000000e+00	3.308242e-05	-7.757336e-04	-3.454568e-06	-2.962785e-05
2.190000e+01	1.775697e+00	1.791485e+00	6.354589e+00	1.000000e+00	-7.945488e-04	-3.818113e-06	0.000000e+00	0.000000e+00	3.271375e-05	-7.656531e-04	-3.385028e-06	-2.932872e-05
2.200000e+01	1.752561e+00	1.768050e+00	6.285021e+00	1.000000e+00	-7.845037e-04	-3.810586e-06	0.000000e+00	0.000000e+00	3.235215e-05	-7.559621e-04	-3.320842e-06	-2.903131e-05
2.210000e+01	1.729836e+00	1.745047e+00	6.216160e+00	1.000000e+00	-7.748195e-04	-3.796044e-06	0.000000e+00	0.000000e+00	3.199714e-05	-7.466184e-04	-3.261341e-06	-2.873580e-05
2.220000e+01	1.707493e+00	1.722445e+00	6.148001e+00	1.000000e+00	-7.654562e-04	-3.774471e-06	0.000000e+00	0.000000e+00	3.164824e-05	-7.375824e-04	-3.205897e-06	-2.844234e-05
2.230000e+01	1.685508e+00	1.700219e+00	6.080539e+00	1.000000e+00	-7.563765e-04	-3.746193e-06	0.000000e+00	0.000000e+00	3.130499e-05	-7.288177e-04	-3.153938e-06	-2.815105e-05
2.240000e+01	1.663863e+00	1.678345e+00	6.013769e+00	1.000000e+00	-7.475469e-04	-3.711770e-06	0.000000e+00	0.000000e+00	3.096697e-05	-7.202917e-04	-3.104951e-06	-2.786202e-05
2.250000e+01	1.642538e+00	1.656804e+00	5.947685e+00	1.000000e+00	-7.389378e-04	-3.671896e-06	0.000000e+00	0.000000e+00	3.063382e-05	-7.119758e-04	-3.058491e-06	-2.757533e-05
2.260000e+01	1.621521e+00	1.635580e+00	5.882282e+00	1.000000e+00	-7.305233e-04	-3.627331e-06	0.000000e+00	0.000000e+00	3.030519e-05	-7.038454e-04	-3.014171e-06	-2.729102e-05
2.270000e+01	1.600799e+00	1.614660e+00	5.817554e+00	1.000000e+00	-7.222812e-04	-3.578845e-06	0.000000e+00	0.000000e+00	2.998082e-05	-6.958793e-04	-2.971664e-06	-2.700916e-05
2.280000e+01	1.580362e+00	1.594031e+00	5.753495e+00	1.000000e+00	-7.141930e-04	-3.527172e-06	0.000000e+00	0.000000e+00	2.966045e-05	-6.880597e-04	-2.930698e-06	-2.672975e-05
2.290000e+01	1.560199e+00	1.573684e+00	5.690099e+00	1.000000e+00	-7.062429e-04	-3.472992e-06	0.000000e+00	0.000000e+00	2.934388e-05	-6.803720e-04	-2.891045e-06	-2.645283e-05
2.300000e+01	1.540305e+00	1.553610e+00	5.627360e+00	1.000000e+00	-6.984179e-04	-3.416914e-06	0.000000e+00	0.000000e+00	2.903092e-05	-6.728039e-04	-2.852518e-06	-2.617840e-05
2.310000e+01	1.520672e+00	1.533802e+00	5.565273e+00	1.000000e+00	-6.907074e-04	-3.359468e-06	0.000000e+00	0.000000e+00	2.872144e-05	-6.653454e-04	-2.814968e-06	-2.590647e-05
2.320000e+01	1.501295e+00	1.514253e+00	5.503830e+00	1.000000e+00	-6.831026e-04	-3.301110e-06	0.000000e+00	0.000000e+00	2.841531e-05	-6.579884e-04	-2.778272e-06	-2.563704e-05
2.330000e+01	1.482167e+00	1.494958e+00	5.443028e+00	1.000000e+00	-6.755965e-04	-3.242220e-06	0.000000e+00	0.000000e+00	2.811243e-05	-6.507263e-04	-2.742331e-06	-2.537010e-05
2.340000e+01	1.463286e+00	1.475912e+00	5.382858e+00	1.000000e+00	-6.681833e-04	-3.183115e-06	0.000000e+00	0.000000e+00	2.781271e-05	-6.435537e-04	-2.707068e-06	-2.510565e-05
2.350000e+01	1.444646e+00	1.457110e+00	5.323317e+00	1.000000e+00	-6.608583e-04	-3.124050e-06	0.000000e+00	0.000000e+00	2.751608e-05	-6.364663e-04	-2.672419e-06	-2.484366e-05
2.360000e+01	1.426243e+00	1.438549e+00	5.264397e+00	1.000000e+00	-6.536178e-04	-3.065231e-06	0.000000e+00	0.000000e+00	2.722248e-05	-6.294605e-04	-2.638336e-06	-2.458414e-05
2.370000e+01	1.408074e+00	1.420224e+00	5.206092e+00	1.000000e+00	-6.464586e-04	-3.006822e-06	0.000000e+00	0.000000e+00	2.693184e-05	-6.225336e-04	-2.604779e-06	-2.432706e-05
2.380000e+01	1.390136e+00	1.402131e+00	5.148398e+00	1.000000e+00	-6.393782e-04	-2.948947e-06	0.000000e+00	0.000000e+00	2.664414e-05	-6.156831e-04	-2.571717e-06	-2.407242e-05
2.390000e+01	1.372425e+00	1.384268e+00	5.091308e+00	1.000000e+00	-6.323746e-04	-2.891705e-06	0.000000e+00	0.000000e+00	2.635931e-05	-6.089070e-04	-2.539124e-06	-2.382019e-05
2.400000e+01	1.354939e+00	1.366632e+00	5.034816e+00	1.000000e+00	-6.254460e-04	-2.835167e-06	0.000000e+00	0.000000e+00	2.607733e-05	-6.022039e-04	-2.506980e-06	-2.357035e-05
2.410000e+01	1.337673e+00	1.349218e+00	4.978918e+00	1.000000e+00	-6.185909e-04	-2.779387e-06	0.000000e+00	0.000000e+00	2.579817e-05	-5.955721e-04	-2.475269e-06	-2.332290e-05
2.420000e+01	1.320626e+00	1.332025e+00	4.923606e+00	1.000000e+00	-6.118081e-04	-2.724404e-06	0.000000e+00	0.000000e+00	2.552179e-05	-5.890107e-04	-2.443977e-06	-2.307781e-05
2.430000e+01	1.303794e+00	1.315049e+00	4.868876e+00	1.000000e+00	-6.050963e-04	-2.670243e-06	0.000000e+00	0.000000e+00	2.524816e-05	-5.825184e-04	-2.413092e-06	-2.283506e-05
2.440000e+01	1.287175e+00	1.298288e+00	4.814722e+00	1.000000e+00	-5.984547e-04	-2.616921e-06	0.000000e+00	0.000000e+00	2.497725e-05	-5.760944e-04	-2.382606e-06	-2.259464e-05
2.450000e+01	1.270765e+00	1.281738e+00	4.761138e+00	1.000000e+00	-5.918823e-04	-2.564446e-06	0.000000e+00	0.000000e+00	2.470904e-05	-5.697377e-04	-2.352509e-06	-2.235653e-05
2.460000e+01	1.254563e+00	1.265397e+00	4.708119e+00	1.000000e+00	-5.853783e-04	-2.512824e-06	0.000000e+00	0.000000e+00	2.444351e-05	-5.634476e-04	-2.322795e-06	-2.212072e-05
2.470000e+01	1.238566e+00	1.249263e+00	4.655660e+00	1.000000e+00	-5.789420e-04	-2.462052e-06	0.000000e+00	0.000000e+00	2.418063e-05	-5.572234e-04	-2.293457e-06	-2.188717e-05
2.480000e+01	1.222771e+00	1.233333e+00	4.603755e+00	1.000000e+00	-5.725725e-04	-2.412128e-06	0.000000e+00	0.000000e+00	2.392037e-05	-5.510643e-04	-2.264489e-06	-2.165588e-05
2.490000e+01	1.207175e+00	1.217603e+00	4.552398e+00	1.000000e+00	-5.662692e-04	-2.363046e-06	0.000000e+00	0.000000e+00	2.366271e-05	-5.449696e-04	-2.235884e-06	-2.142683e-05
2.500000e+01	1.191776e+00	1.202073e+00	4.501585e+00	1.000000e+00	-5.600315e-04	-2.314796e-06	0.000000e+00	0.000000e+00	2.340763e-05	-5.389387e-04	-2.207639e-06	-2.119999e-05
2.510000e+01	1.176572e+00	1.186738e+00	4.451311e+00	1.000000e+00	-5.538586e-04	-2.267371e-06	0.000000e+00	0.000000e+00	2.315511e-05	-5.329709e-04	-2.179748e-06	-2.097536e-05
2.520000e+01	1.161560e+00	1.171598e+00	4.401569e+00	1.000000e+00	-5.477499e-04	-2.220759e-06	0.000000e+00	0.000000e+00	2.290511e-05	-5.270656e-04	-2.152206e-06	-2.075291e-05
2.530000e+01	1.146737e+00	1.156649e+00	4.352355e+00	1.000000e+00	-5.417049e-04	-2.174951e-06	0.000000e+00	0.000000e+00	2.265763e-05	-5.212222e-04	-2.125009e-06	-2.053262e-05
2.540000e+01	1.132102e+00	1.141888e+00	4.303663e+00	1.000000e+00	-5.357228e-04	-2.129936e-06	0.000000e+00	0.000000e+00	2.241263e-05	-5.154401e-04	-2.098152e-06	-2.031448e-05
2.550000e+01	1.117652e+00	1.127314e+00	4.255489e+00	1.000000e+00	-5.298031e-04	-2.085701e-06	0.000000e+00	0.000000e+00	2.217011e-05	-5.097187e-04	-2.071631e-06	-2.009848e-05
2.560000e+01	1.103385e+00	1.112925e+00	4.207828e+00	1.000000e+00	-5.239452e-04	-2.042236e-06	0.000000e+00	0.000000e+00	2.193002e-05	-5.040575e-04	-2.045441e-06	-1.988458e-05
2.570000e+01	1.089297e+00	1.098717e+00	4.160674e+00	1.000000e+00	-5.181485e-04	-1.999528e-06	0.000000e+00	0.000000e+00	2.169236e-05	-4.984557e-04	-2.019579e-06	-1.967278e-05
2.580000e+01	1.075389e+00	1.084689e+00	4.114022e+00	1.000000e+00	-5.124125e-04	-1.957567e-06	0.000000e+00	0.000000e+00	2.145710e-05	-4.929129e-04	-1.994041e-06	-1.946305e-05
2.590000e+01	1.061656e+00	1.070839e+00	4.067868e+00	1.000000e+00	-5.067364e-04	-1.916340e-06	0.000000e+00	0.000000e+00	2.122421e-05	-4.874285e-04	-1.968821e-06	-1.925539e-05
2.600000e+01	1.048096e+00	1.057163e+00	4.022207e+00	1.000000e+00	-5.011198e-04	-1.875837e-06	0.000000e+00	0.000000e+00	2.099369e-05	-4.820020e-04	-1.943918e-06	-1.904977e-05
2.610000e+01	1.034709e+00	1.043661e+00	3.977033e+00	1.000000e+00	-4.955621e-04	-1.836045e-06	0.000000e+00	0.000000e+00	2.076550e-05	-4.766326e-04	-1.919325e-06	-1.884618e-05
2.620000e+01	1.021490e+00	1.030329e+00	3.932342e+00	1.000000e+00	-4.900627e-04	-1.796955e-06	0.000000e+00	0.000000e+00	2.053963e-05	-4.713200e-04	-1.895041e-06	-1.864459e-05
2.630000e+01	1.008439e+00	1.017166e+00	3.888130e+00	1.000000e+00	-4.846211e-04	-1.758553e-06	0.000000e+00	0.000000e+00	2.031606e-05	-4.660636e-04	-1.871060e-06	-1.844500e-05
2.640000e+01	9.955535e-01	1.004170e+00	3.844391e+00	1.000000e+00	-4.792367e-04	-1.720830e-06	0.000000e+00	0.000000e+00	2.009475e-05	-4.608628e-04	-1.847379e-06	-1.824738e-05
2.650000e+01	9.828307e-01	9.913381e-01	3.801121e+00	1.000000e+00	-4.739090e-04	-1.683775e-06	0.000000e+00	0.000000e+00	1.987571e-05	-4.557171e-04	-1.823995e-06	-1.805171e-05
2.660000e+01	9.702690e-01	9.786688e-01	3.758315e+00	1.000000e+00	-4.686374e-04	-1.647378e-06	0.000000e+00	0.000000e+00	1.965890e-05	-4.506259e-04	-1.800903e-06	-1.785799e-05
2.670000e+01	9.578664e-01	9.661598e-01	3.715969e+00	1.000000e+00	-4.634214e-04	-1.611626e-06	0.000000e+00	0.000000e+00	1.944430e-05	-4.455887e-04	-1.778100e-06	-1.766620e-05
2.680000e+01	9.456209e-01	9.538092e-01	3.674078e+00	1.000000e+00	-4.582604e-04	-1.576511e-06	0.000000e+00	0.000000e+00	1.923189e-05	-4.406050e-04	-1.755583e-06	-1.747631e-05
2.690000e+01	9.335304e-01	9.416151e-01	3.632637e+00	1.000000e+00	-4.531539e-04	-1.542022e-06	0.000000e+00	0.000000e+00	1.902166e-05	-4.356743e-04	-1.733348e-06	-1.728832e-05
2.700000e+01	9.215931e-01	9.295754e-01	3.591642e+00	1.000000e+00	-4.481014e-04	-1.508149e-06	0.000000e+00	0.000000e+00	1.881359e-05	-4.307960e-04	-1.711391e-06	-1.710220e-05
2.710000e+01	9.098071e-01	9.176882e-01	3.551088e+00	1.000000e+00	-4.431024e-04	-1.474882e-06	0.000000e+00	0.000000e+00	1.860764e-05	-4.259696e-04	-1.689710e-06	-1.691793e-05
2.720000e+01	8.981704e-01	9.059516e-01	3.510972e+00	1.000000e+00	-4.381563e-04	-1.442211e-06	0.000000e+00	0.000000e+00	1.840382e-05	-4.211947e-04	-1.668300e-06	-1.673552e-05
2.730000e+01	8.866811e-01	8.943637e-01	3.471288e+00	1.000000e+00	-4.332626e-04	-1.410127e-06	0.000000e+00	0.000000e+00	1.820208e-05	-4.164707e-04	-1.647158e-06	-1.655493e-05
2.740000e+01	8.753375e-01	8.829228e-01	3.432033e+00	1.000000e+00	-4.284209e-04	-1.378620e-06	0.000000e+00	0.000000e+00	1.800243e-05	-4.117971e-04	-1.626282e-06	-1.637615e-05
2.750000e+01	8.641377e-01	8.716268e-01	3.393202e+00	1.000000e+00	-4.236306e-04	-1.347681e-06	0.000000e+00	0.000000e+00	1.780483e-05	-4.071734e-04	-1.605667e-06	-1.619916e-05
2.760000e+01	8.530798e-01	8.604740e-01	3.354791e+00	1.000000e+00	-4.188911e-04	-1.317301e-06	0.000000e+00	0.000000e+00	1.760927e-05	-4.025992e-04	-1.585310e-06	-1.602396e-05
2.770000e+01	8.421622e-01	8.494626e-01	3.316795e+00	1.000000e+00	-4.142021e-04	-1.287470e-06	0.000000e+00	0.000000e+00	1.741573e-05	-3.980739e-04	-1.565209e-06	-1.585052e-05
2.780000e+01	8.313830e-01	8.385909e-01	3.279211e+00	1.000000e+00	-4.095630e-04	-1.258180e-06	0.000000e+00	0.000000e+00	1.722419e-05	-3.935970e-04	-1.545360e-06	-1.567883e-05
2.790000e+01	8.207406e-01	8.278570e-01	3.242034e+00	1.000000e+00	-4.049734e-04	-1.229422e-06	0.000000e+00	0.000000e+00	1.703463e-05	-3.891682e-04	-1.525760e-06	-1.550887e-05
2.800000e+01	8.102331e-01	8.172593e-01	3.205260e+00	1.000000e+00	-4.004326e-04	-1.201187e-06	0.000000e+00	0.000000e+00	1.684703e-05	-3.847868e-04	-1.506406e-06	-1.534062e-05
2.810000e+01	7.998590e-01	8.067960e-01	3.168885e+00	1.000000e+00	-3.959404e-04	-1.173467e-06	0.000000e+00	0.000000e+00	1.666138e-05	-3.804525e-04	-1.487294e-06	-1.517408e-05
2.820000e+01	7.896165e-01	7.964655e-01	3.132905e+00	1.000000e+00	-3.914961e-04	-1.146253e-06	0.000000e+00	0.000000e+00	1.647766e-05	-3.761647e-04	-1.468423e-06	-1.500923e-05
2.830000e+01	7.795040e-01	7.862660e-01	3.097316e+00	1.000000e+00	-3.870993e-04	-1.119537e-06	0.000000e+00	0.000000e+00	1.629584e-05	-3.719230e-04	-1.449788e-06	-1.484605e-05
2.840000e+01	7.695198e-01	7.761960e-01	3.062115e+00	1.000000e+00	-3.827496e-04	-1.093312e-06	0.000000e+00	0.000000e+00	1.611592e-05	-3.677270e-04	-1.431388e-06	-1.468453e-05
2.850000e+01	7.596624e-01	7.662539e-01	3.027296e+00	1.000000e+00	-3.784464e-04	-1.067568e-06	0.000000e+00	0.000000e+00	1.593787e-05	-3.635761e-04	-1.413218e-06	-1.452465e-05
2.860000e+01	7.499301e-01	7.564379e-01	2.992857e+00	1.000000e+00	-3.741894e-04	-1.042298e-06	0.000000e+00	0.000000e+00	1.576167e-05	-3.594700e-04	-1.395277e-06	-1.436639e-05
2.870000e+01	7.403214e-01	7.467466e-01	2.958793e+00	1.000000e+00	-3.699780e-04	-1.017494e-06	0.000000e+00	0.000000e+00	1.558731e-05	-3.554082e-04	-1.377561e-06	-1.420975e-05
2.880000e+01	7.308347e-01	7.371783e-01	2.925100e+00	1.000000e+00	-3.658118e-04	-9.931495e-07	0.000000e+00	0.000000e+00	1.541478e-05	-3.513902e-04	-1.360068e-06	-1.405471e-05
2.890000e+01	7.214685e-01	7.277315e-01	2.891776e+00	1.000000e+00	-3.616904e-04	-9.692556e-07	0.000000e+00	0.000000e+00	1.524405e-05	-3.474156e-04	-1.342794e-06	-1.390125e-05
2.900000e+01	7.122213e-01	7.184047e-01	2.858815e+00	1.000000e+00	-3.576133e-04	-9.458054e-07	0.000000e+00	0.000000e+00	1.507510e-05	-3.434840e-04	-1.325737e-06	-1.374936e-05
2.910000e+01	7.030915e-01	7.091964e-01	2.826215e+00	1.000000e+00	-3.535800e-04	-9.227915e-07	0.000000e+00	0.000000e+00	1.490792e-05	-3.395949e-04	-1.308895e-06	-1.359903e-05
2.920000e+01	6.940778e-01	7.001051e-01	2.793971e+00	1.000000e+00	-3.495902e-04	-9.002067e-07	0.000000e+00	0.000000e+00	1.474250e-05	-3.357479e-04	-1.292265e-06	-1.345023e-05
2.930000e+01	6.851786e-01	6.911293e-01	2.762080e+00	1.000000e+00	-3.456433e-04	-8.780441e-07	0.000000e+00	0.000000e+00	1.457881e-05	-3.319426e-04	-1.275843e-06	-1.330297e-05
2.940000e+01	6.763925e-01	6.822676e-01	2.730538e+00	1.000000e+00	-3.417391e-04	-8.562964e-07	0.000000e+00	0.000000e+00	1.441684e-05	-3.281785e-04	-1.259628e-06	-1.315721e-05
2.950000e+01	6.677181e-01	6.735185e-01	2.699342e+00	1.000000e+00	-3.378769e-04	-8.349570e-07	0.000000e+00	0.000000e+00	1.425658e-05	-3.244553e-04	-1.243618e-06	-1.301296e-05
2.960000e+01	6.591539e-01	6.648806e-01	2.668488e+00	1.000000e+00	-3.340565e-04	-8.140191e-07	0.000000e+00	0.000000e+00	1.409800e-05	-3.207725e-04	-1.227808e-06	-1.287019e-05
2.970000e+01	6.506987e-01	6.563526e-01	2.637973e+00	1.000000e+00	-3.302774e-04	-7.934759e-07	0.000000e+00	0.000000e+00	1.394109e-05	-3.171297e-04	-1.212197e-06	-1.272889e-05
2.980000e+01	6.423509e-01	6.479330e-01	2.607793e+00	1.000000e+00	-3.265391e-04	-7.733209e-07	0.000000e+00	0.000000e+00	1.378583e-05	-3.135266e-04	-1.196783e-06	-1.258905e-05
2.990000e+01	6.341094e-01	6.396204e-01	2.577945e+00	1.000000e+00	-3.228413e-04	-7.535476e-07	0.000000e+00	0.000000e+00	1.363222e-05	-3.099626e-04	-1.181563e-06	-1.245066e-05
3.000000e+01	6.259726e-01	6.314136e-01	2.548425e+00	1.000000e+00	-3.191836e-04	-7.341498e-07	0.000000e+00	0.000000e+00	1.348022e-05	-3.064375e-04	-1.166534e-06	-1.231369e-05
3.010000e+01	6.179394e-01	6.233111e-01	2.519229e+00	1.000000e+00	-3.155655e-04	-7.151211e-07	0.000000e+00	0.000000e+00	1.332984e-05	-3.029508e-04	-1.151695e-06	-1.217814e-05
3.020000e+01	6.100084e-01	6.153118e-01	2.490356e+00	1.000000e+00	-3.119866e-04	-6.964554e-07	0.000000e+00	0.000000e+00	1.318104e-05	-2.995021e-04	-1.137042e-06	-1.204400e-05
3.030000e+01	6.021783e-01	6.074142e-01	2.461800e+00	1.000000e+00	-3.084467e-04	-6.781466e-07	0.000000e+00	0.000000e+00	1.303382e-05	-2.960910e-04	-1.122574e-06	-1.191125e-05
3.040000e+01	5.944478e-01	5.996171e-01	2.433559e+00	1.000000e+00	-3.049451e-04	-6.601886e-07	0.000000e+00	0.000000e+00	1.288816e-05	-2.927172e-04	-1.108289e-06	-1.177988e-05
3.050000e+01	5.868158e-01	5.919192e-01	2.405630e+00	1.000000e+00	-3.014817e-04	-6.425758e-07	0.000000e+00	0.000000e+00	1.274405e-05	-2.893802e-04	-1.094183e-06	-1.164987e-05
3.060000e+01	5.792809e-01	5.843194e-01	2.378009e+00	1.000000e+00	-2.980559e-04	-6.253021e-07	0.000000e+00	0.000000e+00	1.260147e-05	-2.860797e-04	-1.080255e-06	-1.152121e-05
3.070000e+01	5.718419e-01	5.768162e-01	2.350693e+00	1.000000e+00	-2.946674e-04	-6.083621e-07	0.000000e+00	0.000000e+00	1.246040e-05	-2.828154e-04	-1.066502e-06	-1.139390e-05
3.080000e+01	5.644976e-01	5.694086e-01	2.323680e+00	1.000000e+00	-2.913159e-04	-5.917499e-07	0.000000e+00	0.000000e+00	1.232083e-05	-2.795868e-04	-1.052923e-06	-1.126791e-05
3.090000e+01	5.572469e-01	5.620954e-01	2.296965e+00	1.000000e+00	-2.880009e-04	-5.754601e-07	0.000000e+00	0.000000e+00	1.218275e-05	-2.763936e-04	-1.039515e-06	-1.114324e-05
3.100000e+01	5.500885e-01	5.548752e-01	2.270545e+00	1.000000e+00	-2.847220e-04	-5.594873e-07	0.000000e+00	0.000000e+00	1.204614e-05	-2.732354e-04	-1.026275e-06	-1.101987e-05
3.110000e+01	5.430213e-01	5.477470e-01	2.244418e+00	1.000000e+00	-2.814790e-04	-5.438261e-07	0.000000e+00	0.000000e+00	1.191099e-05	-2.701118e-04	-1.013203e-06	-1.089779e-05
3.120000e+01	5.360441e-01	5.407097e-01	2.218581e+00	1.000000e+00	-2.782714e-04	-5.284713e-07	0.000000e+00	0.000000e+00	1.177728e-05	-2.670225e-04	-1.000296e-06	-1.077699e-05
3.130000e+01	5.291558e-01	5.337620e-01	2.193030e+00	1.000000e+00	-2.750988e-04	-5.134175e-07	0.000000e+00	0.000000e+00	1.164500e-05	-2.639672e-04	-9.875514e-07	-1.065745e-05
3.140000e+01	5.223553e-01	5.269028e-01	2.167763e+00	1.000000e+00	-2.719610e-04	-4.986598e-07	0.000000e+00	0.000000e+00	1.151413e-05	-2.609455e-04	-9.749676e-07	-1.053917e-05
3.150000e+01	5.156415e-01	5.201310e-01	2.142776e+00	1.000000e+00	-2.688575e-04	-4.841931e-07	0.000000e+00	0.000000e+00	1.138467e-05	-2.579570e-04	-9.625426e-07	-1.042213e-05
3.160000e+01	5.090132e-01	5.134455e-01	2.118067e+00	1.000000e+00	-2.657880e-04	-4.700124e-07	0.000000e+00	0.000000e+00	1.125659e-05	-2.550014e-04	-9.502744e-07	-1.030631e-05
3.170000e+01	5.024695e-01	5.068452e-01	2.093633e+00	1.000000e+00	-2.627522e-04	-4.561128e-07	0.000000e+00	0.000000e+00	1.112988e-05	-2.520784e-04	-9.381610e-07	-1.019172e-05
3.180000e+01	4.960091e-01	5.003291e-01	2.069470e+00	1.000000e+00	-2.597497e-04	-4.424897e-07	0.000000e+00	0.000000e+00	1.100453e-05	-2.491876e-04	-9.262005e-07	-1.007833e-05
3.190000e+01	4.896312e-01	4.938960e-01	2.045576e+00	1.000000e+00	-2.567801e-04	-4.291382e-07	0.000000e+00	0.000000e+00	1.088053e-05	-2.463287e-04	-9.143910e-07	-9.966140e-06
3.200000e+01	4.833345e-01	4.875450e-01	2.021948e+00	1.000000e+00	-2.538432e-04	-4.160536e-07	0.000000e+00	0.000000e+00	1.075786e-05	-2.435014e-04	-9.027306e-07	-9.855130e-06
