TIME          	MC CONC       	STS CONC      	HTS CONC      	SED CONC      	ADV dm/dt     	DISP dm/dt    	DECAY dm/dt   	SORPTION dm/dt	STORAGE dm/dt 	MC dm/dt      	STS dm/dt     	HTS dm/dt     
(hr)          	[M/L³]          	[M/L³]          	[M/L³]          	[M/L³]          	([M/L³])·([L]²/s)  	([M/L³])·([L]²/s)  	([M/L³])·([L]²/s)  	([M/L³])·([L]²/s)  	([M/L³])·([L]²/s)  	([M/L³])·([L]²/s)  	([M/L³])·([L]²/s)  	([M/L³])·([L]²/s)  
0.000000e+000	0.000000e+000	0.000000e+000	0.000000e+000	0.000000e+000	0.000000e+000	0.000000e+000	0.000000e+000	0.000000e+000	0.000000e+000	0.000000e+000	0.000000e+000	0.000000e+000
1.000000e-001	0.000000e+000	0.000000e+000	0.000000e+000	1.000000e+000	0.000000e+000	0.000000e+000	0.000000e+000	0.000000e+000	0.000000e+000	0.000000e+000	0.000000e+000	0.000000e+000
2.000000e-001	0.000000e+000	0.000000e+000	0.000000e+000	1.000000e+000	0.000000e+000	0.000000e+000	0.000000e+000	0.000000e+000	0.000000e+000	0.000000e+000	0.000000e+000	0.000000e+000
3.000000e-001	0.000000e+000	0.000000e+000	0.000000e+000	1.000000e+000	0.000000e+000	0.000000e+000	0.000000e+000	0.000000e+000	0.000000e+000	0.000000e+000	0.000000e+000	0.000000e+000
4.000000e-001	0.000000e+000	0.000000e+000	0.000000e+000	1.000000e+000	0.000000e+000	0.000000e+000	0.000000e+000	0.000000e+000	0.000000e+000	0.000000e+000	0.000000e+000	0.000000e+000
5.000000e-001	0.000000e+000	0.000000e+000	0.000000e+000	1.000000e+000	0.000000e+000	0.000000e+000	0.000000e+000	0.000000e+000	0.000000e+000	0.000000e+000	0.000000e+000	0.000000e+000
6.000000e-001	0.000000e+000	0.000000e+000	0.000000e+000	1.000000e+000	0.000000e+000	0.000000e+000	0.000000e+000	0.000000e+000	0.000000e+000	0.000000e+000	0.000000e+000	0.000000e+000
7.000000e-001	0.000000e+000	0.000000e+000	0.000000e+000	1.000000e+000	0.000000e+000	0.000000e+000	0.000000e+000	0.000000e+000	0.000000e+000	0.000000e+000	0.000000e+000	0.000000e+000
8.000000e-001	0.000000e+000	0.000000e+000	0.000000e+000	1.000000e+000	0.000000e+000	0.000000e+000	0.000000e+000	0.000000e+000	0.000000e+000	0.000000e+000	0.000000e+000	0.000000e+000
9.000000e-001	0.000000e+000	0.000000e+000	0.000000e+000	1.000000e+000	0.000000e+000	0.000000e+000	0.000000e+000	0.000000e+000	0.000000e+000	0.000000e+000	0.000000e+000	0.000000e+000
1.000000e+000	2.099284e-024	9.039980e-026	2.359041e-027	1.000000e+000	2.739747e-025	3.460107e-025	0.000000e+000	0.000000e+000	-4.122615e-027	6.158629e-025	4.017769e-027	1.048463e-028
1.100000e+000	7.002597e-009	6.927418e-010	1.908096e-011	1.000000e+000	4.796121e-010	4.187875e-010	0.000000e+000	0.000000e+000	-1.296889e-011	8.854308e-010	1.261971e-011	3.491758e-013
1.200000e+000	9.810649e-005	2.279567e-005	7.169357e-007	1.000000e+000	3.136216e-006	1.921296e-006	0.000000e+000	0.000000e+000	-1.554911e-007	4.902021e-006	1.506216e-007	4.869478e-009
1.300000e+000	3.390374e-003	1.336900e-003	5.073692e-005	1.000000e+000	6.052563e-005	3.162429e-005	0.000000e+000	0.000000e+000	-4.273929e-006	8.787599e-005	4.106947e-006	1.669818e-007
1.400000e+000	2.053304e-002	1.089365e-002	5.040134e-004	1.000000e+000	2.404936e-004	1.168895e-004	0.000000e+000	0.000000e+000	-2.028023e-005	3.371028e-004	1.927878e-005	1.001451e-006
1.500000e+000	6.190511e-002	3.933131e-002	2.203198e-003	1.000000e+000	5.157756e-004	2.404106e-004	0.000000e+000	0.000000e+000	-4.813270e-005	7.080536e-004	4.514760e-005	2.985096e-006
1.600000e+000	1.298397e-001	9.297444e-002	6.245123e-003	1.000000e+000	8.004625e-004	3.627313e-004	0.000000e+000	0.000000e+000	-7.991030e-005	1.083283e-003	7.373057e-005	6.179730e-006
1.700000e+000	2.185741e-001	1.702825e-001	1.359132e-002	1.000000e+000	1.017439e-003	4.516520e-004	0.000000e+000	0.000000e+000	-1.068323e-004	1.362259e-003	9.658311e-005	1.024914e-005
1.800000e+000	3.181726e-001	2.636554e-001	2.479845e-002	1.000000e+000	1.130129e-003	4.938474e-004	0.000000e+000	0.000000e+000	-1.237032e-004	1.500273e-003	1.090345e-004	1.466871e-005
1.900000e+000	4.185847e-001	3.632614e-001	3.994655e-002	1.000000e+000	1.140681e-003	4.923814e-004	0.000000e+000	0.000000e+000	-1.295784e-004	1.503484e-003	1.106465e-004	1.893191e-005
2.000000e+000	5.121016e-001	4.602439e-001	5.871619e-002	1.000000e+000	1.073826e-003	4.590885e-004	0.000000e+000	0.000000e+000	-1.263846e-004	1.406530e-003	1.037153e-004	2.266927e-005
2.100000e+000	5.941282e-001	5.483699e-001	8.053146e-002	1.000000e+000	9.608176e-004	4.077320e-004	0.000000e+000	0.000000e+000	-1.171965e-004	1.251353e-003	9.151663e-005	2.567984e-005
2.200000e+000	6.628594e-001	6.243136e-001	1.047038e-001	1.000000e+000	8.292559e-004	3.499566e-004	0.000000e+000	0.000000e+000	-1.049994e-004	1.074213e-003	7.709158e-005	2.790778e-005
2.300000e+000	7.184935e-001	6.871500e-001	1.305432e-001	1.000000e+000	6.988729e-004	2.938049e-004	0.000000e+000	0.000000e+000	-9.208461e-005	9.005931e-004	6.268709e-005	2.939752e-005
2.400000e+000	7.624070e-001	7.375735e-001	1.574274e-001	1.000000e+000	5.812993e-004	2.438279e-004	0.000000e+000	0.000000e+000	-7.991587e-005	7.452114e-004	4.966689e-005	3.024898e-005
2.500000e+000	7.964938e-001	7.771615e-001	1.848359e-001	1.000000e+000	4.817214e-004	2.018984e-004	0.000000e+000	0.000000e+000	-6.924743e-005	6.143723e-004	3.866454e-005	3.058289e-005
2.600000e+000	8.227233e-001	8.078179e-001	2.123571e-001	1.000000e+000	4.010067e-004	1.681492e-004	0.000000e+000	0.000000e+000	-6.032901e-005	5.088270e-004	2.981070e-005	3.051831e-005
2.700000e+000	8.428900e-001	8.314186e-001	2.396810e-001	1.000000e+000	3.375714e-004	1.417612e-004	0.000000e+000	0.000000e+000	-5.310329e-005	4.262293e-004	2.294284e-005	3.016045e-005
2.800000e+000	8.585032e-001	8.496221e-001	2.665840e-001	1.000000e+000	2.887356e-004	1.215185e-004	0.000000e+000	0.000000e+000	-4.735817e-005	3.628959e-004	1.776221e-005	2.959596e-005
2.900000e+000	8.707645e-001	8.637969e-001	2.929122e-001	1.000000e+000	2.515784e-004	1.061486e-004	0.000000e+000	0.000000e+000	-4.282779e-005	3.148992e-004	1.393517e-005	2.889262e-005
3.000000e+000	8.805925e-001	8.750177e-001	3.185645e-001	1.000000e+000	2.234016e-004	9.450100e-005	0.000000e+000	0.000000e+000	-3.925092e-005	2.786517e-004	1.114952e-005	2.810140e-005
3.100000e+000	8.886685e-001	8.840986e-001	3.434795e-001	1.000000e+000	2.019311e-004	8.561865e-005	0.000000e+000	0.000000e+000	-3.639935e-005	2.511504e-004	9.139905e-006	2.725945e-005
3.200000e+000	8.954857e-001	8.916385e-001	3.676242e-001	1.000000e+000	1.853605e-004	7.874890e-005	0.000000e+000	0.000000e+000	-3.408744e-005	2.300220e-004	7.694369e-006	2.639307e-005
3.300000e+000	9.013942e-001	8.980688e-001	3.909853e-001	1.000000e+000	1.723150e-004	7.332285e-005	0.000000e+000	0.000000e+000	-3.217135e-005	2.134665e-004	6.650896e-006	2.552045e-005
3.400000e+000	9.066394e-001	9.036946e-001	4.135629e-001	1.000000e+000	1.617803e-004	6.892333e-005	0.000000e+000	0.000000e+000	-3.054351e-005	2.001602e-004	5.889681e-006	2.465383e-005
3.500000e+000	9.113910e-001	9.087288e-001	4.353664e-001	1.000000e+000	1.530269e-004	6.525145e-005	0.000000e+000	0.000000e+000	-2.912561e-005	1.891528e-004	5.324383e-006	2.380123e-005
3.600000e+000	9.157658e-001	9.133188e-001	4.564109e-001	1.000000e+000	1.455396e-004	6.209701e-005	0.000000e+000	0.000000e+000	-2.786180e-005	1.797748e-004	4.894048e-006	2.296775e-005
3.700000e+000	9.198440e-001	9.175658e-001	4.767150e-001	1.000000e+000	1.389601e-004	5.931424e-005	0.000000e+000	0.000000e+000	-2.671280e-005	1.715616e-004	4.556355e-006	2.215645e-005
3.800000e+000	9.236804e-001	9.215393e-001	4.962997e-001	1.000000e+000	1.330422e-004	5.680314e-005	0.000000e+000	0.000000e+000	-2.565135e-005	1.641940e-004	4.282312e-006	2.136904e-005
3.900000e+000	9.273133e-001	9.252871e-001	5.151867e-001	1.000000e+000	1.276179e-004	5.449561e-005	0.000000e+000	0.000000e+000	-2.465861e-005	1.574549e-004	4.052277e-006	2.060633e-005
4.000000e+000	9.307691e-001	9.288426e-001	5.333985e-001	1.000000e+000	1.225731e-004	5.234547e-005	0.000000e+000	0.000000e+000	-2.372158e-005	1.511970e-004	3.853052e-006	1.986853e-005
4.100000e+000	9.340671e-001	9.322292e-001	5.509575e-001	1.000000e+000	1.178300e-004	5.032097e-005	0.000000e+000	0.000000e+000	-2.283129e-005	1.453197e-004	3.675812e-006	1.915548e-005
4.200000e+000	9.371232e-001	9.354411e-001	5.678850e-001	1.000000e+000	1.102011e-004	4.648067e-005	0.000000e+000	0.000000e+000	-2.182602e-005	1.348558e-004	3.364108e-006	1.846191e-005
4.300000e+000	9.368519e-001	9.372225e-001	5.841541e-001	1.000000e+000	4.853175e-005	1.494819e-005	0.000000e+000	0.000000e+000	-1.689381e-005	4.658612e-005	-7.410781e-007	1.763489e-005
4.400000e+000	9.226056e-001	9.306317e-001	5.994320e-001	1.000000e+000	-1.355283e-004	-7.206687e-005	0.000000e+000	0.000000e+000	-1.065428e-007	-2.077018e-004	-1.605214e-005	1.615868e-005
4.500000e+000	8.840122e-001	9.050384e-001	6.128966e-001	1.000000e+000	-4.147329e-004	-1.972658e-004	0.000000e+000	0.000000e+000	2.849652e-005	-5.835022e-004	-4.205230e-005	1.355578e-005
4.600000e+000	8.187445e-001	8.541245e-001	6.234710e-001	1.000000e+000	-7.031861e-004	-3.211976e-004	0.000000e+000	0.000000e+000	6.099623e-005	-9.633875e-004	-7.075990e-005	9.763674e-006
4.700000e+000	7.325705e-001	7.794361e-001	6.302130e-001	1.000000e+000	-9.237834e-004	-4.116671e-004	0.000000e+000	0.000000e+000	8.861333e-005	-1.246837e-003	-9.373121e-005	5.117877e-006
4.800000e+000	6.354305e-001	6.885785e-001	6.325845e-001	1.000000e+000	-1.039955e-003	-4.553525e-004	0.000000e+000	0.000000e+000	1.061538e-004	-1.389154e-003	-1.062961e-004	1.423013e-007
4.900000e+000	5.373795e-001	5.913879e-001	6.305235e-001	1.000000e+000	-1.053860e-003	-4.553204e-004	0.000000e+000	0.000000e+000	1.126739e-004	-1.396507e-003	-1.080167e-004	-4.657199e-006
5.000000e+000	4.461301e-001	4.967250e-001	6.243669e-001	1.000000e+000	-9.902317e-004	-4.234080e-004	0.000000e+000	0.000000e+000	1.101015e-004	-1.303538e-003	-1.011896e-004	-8.911839e-006
5.100000e+000	3.662814e-001	4.108269e-001	6.147075e-001	1.000000e+000	-8.803312e-004	-3.733806e-004	0.000000e+000	0.000000e+000	1.015121e-004	-1.152200e-003	-8.909083e-005	-1.242130e-005
5.200000e+000	2.996421e-001	3.370229e-001	6.022500e-001	1.000000e+000	-7.517622e-004	-3.168852e-004	0.000000e+000	0.000000e+000	8.989202e-005	-9.787554e-004	-7.476163e-005	-1.513039e-005
5.300000e+000	2.460172e-001	2.762418e-001	5.877002e-001	1.000000e+000	-6.242615e-004	-2.619661e-004	0.000000e+000	0.000000e+000	7.753331e-005	-8.086943e-004	-6.044916e-005	-1.708415e-005
5.400000e+000	2.040337e-001	2.277924e-001	5.716954e-001	1.000000e+000	-5.094641e-004	-2.131763e-004	0.000000e+000	0.000000e+000	6.590040e-005	-6.567400e-004	-4.751732e-005	-1.838308e-005
5.500000e+000	1.718007e-001	1.901006e-001	5.547709e-001	1.000000e+000	-4.125601e-004	-1.723902e-004	0.000000e+000	0.000000e+000	5.574835e-005	-5.292019e-004	-3.659984e-005	-1.914851e-005
5.600000e+000	1.473517e-001	1.612655e-001	5.373523e-001	1.000000e+000	-3.344210e-004	-1.397422e-004	0.000000e+000	0.000000e+000	4.732754e-005	-4.268356e-004	-2.782751e-005	-1.950003e-005
5.700000e+000	1.288952e-001	1.394142e-001	5.197632e-001	1.000000e+000	-2.734663e-004	-1.144147e-004	0.000000e+000	0.000000e+000	4.058134e-005	-3.472996e-004	-2.103794e-005	-1.954340e-005
5.800000e+000	1.149248e-001	1.228910e-001	5.022403e-001	1.000000e+000	-2.270198e-004	-9.519327e-005	0.000000e+000	0.000000e+000	3.529830e-005	-2.869147e-004	-1.593253e-005	-1.936578e-005
5.900000e+000	1.042414e-001	1.103302e-001	4.849505e-001	1.000000e+000	-1.921638e-004	-8.080705e-005	0.000000e+000	0.000000e+000	3.121319e-005	-2.417576e-004	-1.217773e-005	-1.903546e-005
6.000000e+000	9.592889e-002	1.006596e-001	4.680068e-001	1.000000e+000	-1.662035e-004	-7.010669e-005	0.000000e+000	0.000000e+000	2.806538e-005	-2.082448e-004	-9.461486e-006	-1.860389e-005
6.100000e+000	8.930855e-002	9.306782e-002	4.514825e-001	1.000000e+000	-1.468676e-004	-6.213662e-005	0.000000e+000	0.000000e+000	2.562724e-005	-1.833770e-004	-7.518541e-006	-1.810870e-005
6.200000e+000	8.388959e-002	8.695811e-002	4.354221e-001	1.000000e+000	-1.323529e-004	-5.614539e-005	0.000000e+000	0.000000e+000	2.371368e-005	-1.647846e-004	-6.137050e-006	-1.757663e-005
6.300000e+000	7.932399e-002	8.190154e-002	4.198500e-001	1.000000e+000	-1.212874e-004	-5.156535e-005	0.000000e+000	0.000000e+000	2.218140e-005	-1.506713e-004	-5.155099e-006	-1.702630e-005
6.400000e+000	7.536872e-002	7.759521e-002	4.047764e-001	1.000000e+000	-1.126596e-004	-4.798052e-005	0.000000e+000	0.000000e+000	2.092337e-005	-1.397168e-004	-4.452983e-006	-1.647038e-005
6.500000e+000	7.185604e-002	7.382827e-002	3.902024e-001	1.000000e+000	-1.057426e-004	-4.509317e-005	0.000000e+000	0.000000e+000	1.986177e-005	-1.309740e-004	-3.944457e-006	-1.591732e-005
6.600000e+000	6.867118e-002	7.045550e-002	3.761227e-001	1.000000e+000	-1.000238e-004	-4.269417e-005	0.000000e+000	0.000000e+000	1.894124e-005	-1.237768e-004	-3.568658e-006	-1.537258e-005
6.700000e+000	6.573596e-002	6.737764e-002	3.625282e-001	1.000000e+000	-9.514743e-005	-4.063883e-005	0.000000e+000	0.000000e+000	1.812296e-005	-1.176633e-004	-3.283351e-006	-1.483961e-005
6.800000e+000	6.299725e-002	6.452706e-002	3.494073e-001	1.000000e+000	-9.086956e-005	-3.882818e-005	0.000000e+000	0.000000e+000	1.738013e-005	-1.123176e-004	-3.059632e-006	-1.432050e-005
6.900000e+000	6.041877e-002	6.185774e-002	3.367468e-001	1.000000e+000	-8.702454e-005	-3.719511e-005	0.000000e+000	0.000000e+000	1.669434e-005	-1.075253e-004	-2.877937e-006	-1.381640e-005
7.000000e+000	5.797557e-002	5.933814e-002	3.245330e-001	1.000000e+000	-8.350056e-005	-3.569438e-005	0.000000e+000	0.000000e+000	1.605302e-005	-1.031419e-004	-2.725146e-006	-1.332787e-005
7.100000e+000	5.565019e-002	5.694645e-002	3.127519e-001	1.000000e+000	-8.022239e-005	-3.429557e-005	0.000000e+000	0.000000e+000	1.544761e-005	-9.907035e-005	-2.592523e-006	-1.285509e-005
7.200000e+000	5.343016e-002	5.466730e-002	3.013892e-001	1.000000e+000	-7.713935e-005	-3.297820e-005	0.000000e+000	0.000000e+000	1.487223e-005	-9.524532e-005	-2.474274e-006	-1.239795e-005
7.300000e+000	5.130632e-002	5.248960e-002	2.904310e-001	1.000000e+000	-7.421718e-005	-3.172836e-005	0.000000e+000	0.000000e+000	1.432280e-005	-9.162274e-005	-2.366570e-006	-1.195623e-005
7.400000e+000	4.927164e-002	5.040508e-002	2.798634e-001	1.000000e+000	-7.143241e-005	-3.053656e-005	0.000000e+000	0.000000e+000	1.379647e-005	-8.817250e-005	-2.266878e-006	-1.152959e-005
7.500000e+000	4.732057e-002	4.840732e-002	2.696733e-001	1.000000e+000	-6.876872e-005	-2.939613e-005	0.000000e+000	0.000000e+000	1.329115e-005	-8.487369e-005	-2.173515e-006	-1.111764e-005
7.600000e+000	4.544851e-002	4.649119e-002	2.598474e-001	1.000000e+000	-6.621445e-005	-2.830229e-005	0.000000e+000	0.000000e+000	1.280530e-005	-8.171144e-005	-2.085353e-006	-1.071995e-005
7.700000e+000	4.365155e-002	4.465236e-002	2.503732e-001	1.000000e+000	-6.376100e-005	-2.725151e-005	0.000000e+000	0.000000e+000	1.233771e-005	-7.867481e-005	-2.001626e-006	-1.033608e-005
7.800000e+000	4.192619e-002	4.288709e-002	2.412384e-001	1.000000e+000	-6.140180e-005	-2.624105e-005	0.000000e+000	0.000000e+000	1.188741e-005	-7.575544e-005	-1.921800e-006	-9.965612e-006
7.900000e+000	4.026931e-002	4.119206e-002	2.324312e-001	1.000000e+000	-5.913157e-005	-2.526870e-005	0.000000e+000	0.000000e+000	1.145359e-005	-7.294669e-005	-1.845495e-006	-9.608096e-006
8.000000e+000	3.867802e-002	3.956423e-002	2.239401e-001	1.000000e+000	-5.694594e-005	-2.433263e-005	0.000000e+000	0.000000e+000	1.103553e-005	-7.024304e-005	-1.772429e-006	-9.263105e-006
8.100000e+000	3.714959e-002	3.800078e-002	2.157540e-001	1.000000e+000	-5.484113e-005	-2.343123e-005	0.000000e+000	0.000000e+000	1.063260e-005	-6.763975e-005	-1.702384e-006	-8.930221e-006
8.200000e+000	3.568149e-002	3.649908e-002	2.078622e-001	1.000000e+000	-5.281377e-005	-2.256306e-005	0.000000e+000	0.000000e+000	1.024422e-005	-6.513260e-005	-1.635184e-006	-8.609035e-006
8.300000e+000	3.427130e-002	3.505664e-002	2.002543e-001	1.000000e+000	-5.086077e-005	-2.172680e-005	0.000000e+000	0.000000e+000	9.869833e-006	-6.271775e-005	-1.570681e-006	-8.299152e-006
8.400000e+000	3.291671e-002	3.367109e-002	1.929204e-001	1.000000e+000	-4.897930e-005	-2.092125e-005	0.000000e+000	0.000000e+000	9.508935e-006	-6.039162e-005	-1.508748e-006	-8.000187e-006
8.500000e+000	3.161552e-002	3.234016e-002	1.858508e-001	1.000000e+000	-4.716668e-005	-2.014525e-005	0.000000e+000	0.000000e+000	9.161036e-006	-5.815089e-005	-1.449270e-006	-7.711766e-006
8.600000e+000	3.036562e-002	3.106169e-002	1.790362e-001	1.000000e+000	-4.542034e-005	-1.939770e-005	0.000000e+000	0.000000e+000	8.825670e-006	-5.599237e-005	-1.392141e-006	-7.433529e-006
8.700000e+000	2.916499e-002	2.983363e-002	1.724675e-001	1.000000e+000	-4.373788e-005	-1.867756e-005	0.000000e+000	0.000000e+000	8.502392e-006	-5.391305e-005	-1.337265e-006	-7.165127e-006
8.800000e+000	2.801169e-002	2.865397e-002	1.661361e-001	1.000000e+000	-4.211697e-005	-1.798383e-005	0.000000e+000	0.000000e+000	8.190771e-006	-5.191003e-005	-1.284549e-006	-6.906222e-006
8.900000e+000	2.690386e-002	2.752082e-002	1.600336e-001	1.000000e+000	-4.055538e-005	-1.731556e-005	0.000000e+000	0.000000e+000	7.890394e-006	-4.998054e-005	-1.233908e-006	-6.656486e-006
9.000000e+000	2.583971e-002	2.643234e-002	1.541518e-001	1.000000e+000	-3.905095e-005	-1.667181e-005	0.000000e+000	0.000000e+000	7.600862e-006	-4.812190e-005	-1.185258e-006	-6.415604e-006
9.100000e+000	2.481752e-002	2.538678e-002	1.484829e-001	1.000000e+000	-3.760164e-005	-1.605171e-005	0.000000e+000	0.000000e+000	7.321791e-006	-4.633155e-005	-1.138520e-006	-6.183270e-006
9.200000e+000	2.383564e-002	2.438245e-002	1.430194e-001	1.000000e+000	-3.620543e-005	-1.545439e-005	0.000000e+000	0.000000e+000	7.052810e-006	-4.460701e-005	-1.093621e-006	-5.959189e-006
9.300000e+000	2.289249e-002	2.341773e-002	1.377540e-001	1.000000e+000	-3.486043e-005	-1.487903e-005	0.000000e+000	0.000000e+000	6.793561e-006	-4.294589e-005	-1.050486e-006	-5.743075e-006
9.400000e+000	2.198654e-002	2.249106e-002	1.326796e-001	1.000000e+000	-3.356477e-005	-1.432483e-005	0.000000e+000	0.000000e+000	6.543699e-006	-4.134590e-005	-1.009047e-006	-5.534652e-006
9.500000e+000	2.111634e-002	2.160096e-002	1.277894e-001	1.000000e+000	-3.231668e-005	-1.379103e-005	0.000000e+000	0.000000e+000	6.302890e-006	-3.980481e-005	-9.692371e-007	-5.333653e-006
9.600000e+000	2.028047e-002	2.074597e-002	1.230769e-001	1.000000e+000	-3.111443e-005	-1.327688e-005	0.000000e+000	0.000000e+000	6.070812e-006	-3.832050e-005	-9.309928e-007	-5.139819e-006
9.700000e+000	1.947759e-002	1.992472e-002	1.185356e-001	1.000000e+000	-2.995637e-005	-1.278168e-005	0.000000e+000	0.000000e+000	5.847155e-006	-3.689089e-005	-8.942526e-007	-4.952902e-006
9.800000e+000	1.870640e-002	1.913588e-002	1.141596e-001	1.000000e+000	-2.884089e-005	-1.230473e-005	0.000000e+000	0.000000e+000	5.631619e-006	-3.551400e-005	-8.589574e-007	-4.772661e-006
9.900000e+000	1.796565e-002	1.837818e-002	1.099429e-001	1.000000e+000	-2.776646e-005	-1.184537e-005	0.000000e+000	0.000000e+000	5.423914e-006	-3.418791e-005	-8.250507e-007	-4.598863e-006
1.000000e+001	1.725415e-002	1.765039e-002	1.058798e-001	1.000000e+000	-2.673158e-005	-1.140297e-005	0.000000e+000	0.000000e+000	5.223761e-006	-3.291079e-005	-7.924779e-007	-4.431283e-006
