RUN           	REACH         	DISPERSION    	AREA          	AREA2         	AREA3         	ALPHA         	ALPHA3        	QLATIN        	Objective Func	Group Number  
0.000000e+000	1.000000e+000	1.000000e+000	5.000000e-001	4.000000e-001	4.000000e-001	1.000000e-002	1.000000e-003	0.000000e+000	9.132112e-002
1.000000e+000	1.000000e+000	1.000000e+000	5.000000e-001	4.000000e-001	4.000000e-001	1.053139e-003	5.872149e-005	0.000000e+000	3.793100e-002
2.000000e+000	1.000000e+000	1.000000e+000	5.000000e-001	4.000000e-001	4.000000e-001	1.922208e-003	8.029367e-005	0.000000e+000	2.142714e-002
3.000000e+000	1.000000e+000	1.000000e+000	5.000000e-001	4.000000e-001	4.000000e-001	3.816526e-003	3.890218e-005	0.000000e+000	4.125239e-002
4.000000e+000	1.000000e+000	1.000000e+000	5.000000e-001	4.000000e-001	4.000000e-001	1.350744e-003	1.587764e-005	0.000000e+000	4.150071e-002
5.000000e+000	1.000000e+000	1.000000e+000	5.000000e-001	4.000000e-001	4.000000e-001	2.504342e-003	5.325253e-005	0.000000e+000	2.841278e-002
6.000000e+000	1.000000e+000	1.000000e+000	5.000000e-001	4.000000e-001	4.000000e-001	7.592352e-004	9.688851e-005	0.000000e+000	6.151591e-002
7.000000e+000	1.000000e+000	1.000000e+000	5.000000e-001	4.000000e-001	4.000000e-001	3.791500e-003	5.232698e-005	0.000000e+000	3.377541e-002
8.000000e+000	1.000000e+000	1.000000e+000	5.000000e-001	4.000000e-001	4.000000e-001	1.382517e-003	9.930716e-005	0.000000e+000	3.289660e-002
9.000000e+000	1.000000e+000	1.000000e+000	5.000000e-001	4.000000e-001	4.000000e-001	2.504679e-003	9.398420e-005	0.000000e+000	1.590151e-002
1.000000e+001	1.000000e+000	1.000000e+000	5.000000e-001	4.000000e-001	4.000000e-001	2.371805e-003	3.819046e-005	0.000000e+000	3.514221e-002
1.100000e+001	1.000000e+000	1.000000e+000	5.000000e-001	4.000000e-001	4.000000e-001	1.702991e-003	1.626072e-005	0.000000e+000	4.272455e-002
1.200000e+001	1.000000e+000	1.000000e+000	5.000000e-001	4.000000e-001	4.000000e-001	6.999491e-004	5.257641e-005	0.000000e+000	5.564016e-002
1.300000e+001	1.000000e+000	1.000000e+000	5.000000e-001	4.000000e-001	4.000000e-001	3.641337e-003	4.114729e-005	0.000000e+000	3.929761e-002
1.400000e+001	1.000000e+000	1.000000e+000	5.000000e-001	4.000000e-001	4.000000e-001	2.377603e-003	3.689285e-005	0.000000e+000	3.583209e-002
1.500000e+001	1.000000e+000	1.000000e+000	5.000000e-001	4.000000e-001	4.000000e-001	1.129281e-003	7.045892e-005	0.000000e+000	3.643298e-002
1.600000e+001	1.000000e+000	1.000000e+000	5.000000e-001	4.000000e-001	4.000000e-001	3.036548e-003	1.157047e-005	0.000000e+000	5.352875e-002
1.700000e+001	1.000000e+000	1.000000e+000	5.000000e-001	4.000000e-001	4.000000e-001	2.160600e-003	6.676926e-005	0.000000e+000	2.275244e-002
1.800000e+001	1.000000e+000	1.000000e+000	5.000000e-001	4.000000e-001	4.000000e-001	3.535999e-003	9.029454e-005	0.000000e+000	1.563748e-002
1.900000e+001	1.000000e+000	1.000000e+000	5.000000e-001	4.000000e-001	4.000000e-001	2.297996e-003	3.101547e-005	0.000000e+000	3.847772e-002
2.000000e+001	1.000000e+000	1.000000e+000	5.000000e-001	4.000000e-001	4.000000e-001	2.590470e-003	7.945432e-005	0.000000e+000	1.859416e-002
2.100000e+001	1.000000e+000	1.000000e+000	5.000000e-001	4.000000e-001	4.000000e-001	2.927863e-003	6.766615e-005	0.000000e+000	2.331597e-002
2.200000e+001	1.000000e+000	1.000000e+000	5.000000e-001	4.000000e-001	4.000000e-001	2.805404e-003	8.579684e-005	0.000000e+000	1.664009e-002
2.300000e+001	1.000000e+000	1.000000e+000	5.000000e-001	4.000000e-001	4.000000e-001	4.991405e-004	1.817127e-005	0.000000e+000	6.980558e-002
2.400000e+001	1.000000e+000	1.000000e+000	5.000000e-001	4.000000e-001	4.000000e-001	2.103799e-003	4.109398e-005	0.000000e+000	3.257504e-002
2.500000e+001	1.000000e+000	1.000000e+000	5.000000e-001	4.000000e-001	4.000000e-001	3.266771e-003	2.449915e-005	0.000000e+000	4.716556e-002
2.600000e+001	1.000000e+000	1.000000e+000	5.000000e-001	4.000000e-001	4.000000e-001	2.345070e-004	6.906067e-005	0.000000e+000	1.407259e-001
2.700000e+001	1.000000e+000	1.000000e+000	5.000000e-001	4.000000e-001	4.000000e-001	2.902251e-003	5.651041e-005	0.000000e+000	2.829916e-002
2.800000e+001	1.000000e+000	1.000000e+000	5.000000e-001	4.000000e-001	4.000000e-001	2.720660e-003	9.571010e-005	0.000000e+000	1.468718e-002
2.900000e+001	1.000000e+000	1.000000e+000	5.000000e-001	4.000000e-001	4.000000e-001	2.501846e-003	7.506264e-005	0.000000e+000	1.995545e-002
3.000000e+001	1.000000e+000	1.000000e+000	5.000000e-001	4.000000e-001	4.000000e-001	1.030094e-003	3.068159e-005	0.000000e+000	3.957546e-002
3.100000e+001	1.000000e+000	1.000000e+000	5.000000e-001	4.000000e-001	4.000000e-001	1.831445e-003	6.767340e-005	0.000000e+000	2.380216e-002
3.200000e+001	1.000000e+000	1.000000e+000	5.000000e-001	4.000000e-001	4.000000e-001	1.963982e-003	8.273547e-005	0.000000e+000	2.084566e-002
3.300000e+001	1.000000e+000	1.000000e+000	5.000000e-001	4.000000e-001	4.000000e-001	1.291086e-003	9.715635e-005	0.000000e+000	3.526263e-002
3.400000e+001	1.000000e+000	1.000000e+000	5.000000e-001	4.000000e-001	4.000000e-001	2.201028e-003	6.422848e-005	0.000000e+000	2.350735e-002
3.500000e+001	1.000000e+000	1.000000e+000	5.000000e-001	4.000000e-001	4.000000e-001	2.333565e-003	7.929055e-005	0.000000e+000	1.910783e-002
3.600000e+001	1.000000e+000	1.000000e+000	5.000000e-001	4.000000e-001	4.000000e-001	3.562082e-003	9.877147e-005	0.000000e+000	1.287700e-002
3.700000e+001	1.000000e+000	1.000000e+000	5.000000e-001	4.000000e-001	4.000000e-001	8.706177e-004	9.702516e-005	0.000000e+000	5.392574e-002
3.800000e+001	1.000000e+000	1.000000e+000	5.000000e-001	4.000000e-001	4.000000e-001	3.021811e-003	7.687559e-005	0.000000e+000	1.978077e-002
3.900000e+001	1.000000e+000	1.000000e+000	5.000000e-001	4.000000e-001	4.000000e-001	3.170269e-003	3.567610e-005	0.000000e+000	4.033381e-002
4.000000e+001	1.000000e+000	1.000000e+000	5.000000e-001	4.000000e-001	4.000000e-001	3.081591e-003	8.705819e-005	0.000000e+000	1.624852e-002
4.100000e+001	1.000000e+000	1.000000e+000	5.000000e-001	4.000000e-001	4.000000e-001	3.988302e-003	6.271361e-005	0.000000e+000	2.907230e-002
4.200000e+001	1.000000e+000	1.000000e+000	5.000000e-001	4.000000e-001	4.000000e-001	3.063620e-003	8.935584e-005	0.000000e+000	1.553448e-002
4.300000e+001	1.000000e+000	1.000000e+000	5.000000e-001	4.000000e-001	4.000000e-001	3.294506e-003	7.142144e-005	0.000000e+000	2.270282e-002
4.400000e+001	1.000000e+000	1.000000e+000	5.000000e-001	4.000000e-001	4.000000e-001	1.342750e-003	6.527668e-005	0.000000e+000	3.029876e-002
4.500000e+001	1.000000e+000	1.000000e+000	5.000000e-001	4.000000e-001	4.000000e-001	3.947356e-003	8.929142e-005	0.000000e+000	1.681809e-002
4.600000e+001	1.000000e+000	1.000000e+000	5.000000e-001	4.000000e-001	4.000000e-001	7.022549e-004	4.689023e-005	0.000000e+000	5.445710e-002
4.700000e+001	1.000000e+000	1.000000e+000	5.000000e-001	4.000000e-001	4.000000e-001	2.542214e-003	7.753483e-005	0.000000e+000	1.918892e-002
4.800000e+001	1.000000e+000	1.000000e+000	5.000000e-001	4.000000e-001	4.000000e-001	1.651101e-004	6.321100e-005	0.000000e+000	1.702883e-001
4.900000e+001	1.000000e+000	1.000000e+000	5.000000e-001	4.000000e-001	4.000000e-001	3.141945e-003	8.366391e-005	0.000000e+000	1.745162e-002
5.000000e+001	1.000000e+000	1.000000e+000	5.000000e-001	4.000000e-001	4.000000e-001	3.016707e-003	5.603369e-005	0.000000e+000	2.895315e-002
5.100000e+001	1.000000e+000	1.000000e+000	5.000000e-001	4.000000e-001	4.000000e-001	3.037621e-003	8.454177e-005	0.000000e+000	1.704224e-002
5.200000e+001	1.000000e+000	1.000000e+000	5.000000e-001	4.000000e-001	4.000000e-001	3.220947e-003	7.126753e-005	0.000000e+000	2.256226e-002
5.300000e+001	1.000000e+000	1.000000e+000	5.000000e-001	4.000000e-001	4.000000e-001	1.460110e-003	4.405294e-005	0.000000e+000	3.141618e-002
5.400000e+001	1.000000e+000	1.000000e+000	5.000000e-001	4.000000e-001	4.000000e-001	2.352145e-003	7.437595e-005	0.000000e+000	2.029690e-002
5.500000e+001	1.000000e+000	1.000000e+000	5.000000e-001	4.000000e-001	4.000000e-001	2.654380e-003	9.467089e-005	0.000000e+000	1.510168e-002
5.600000e+001	1.000000e+000	1.000000e+000	5.000000e-001	4.000000e-001	4.000000e-001	4.834734e-004	6.161523e-005	0.000000e+000	8.077726e-002
5.700000e+001	1.000000e+000	1.000000e+000	5.000000e-001	4.000000e-001	4.000000e-001	2.922442e-003	5.468295e-005	0.000000e+000	2.925720e-002
5.800000e+001	1.000000e+000	1.000000e+000	5.000000e-001	4.000000e-001	4.000000e-001	3.488365e-003	2.029165e-005	0.000000e+000	5.065758e-002
5.900000e+001	1.000000e+000	1.000000e+000	5.000000e-001	4.000000e-001	4.000000e-001	2.900238e-003	8.279754e-005	0.000000e+000	1.753250e-002
6.000000e+001	1.000000e+000	1.000000e+000	5.000000e-001	4.000000e-001	4.000000e-001	3.013076e-003	8.784016e-005	0.000000e+000	1.598532e-002
6.100000e+001	1.000000e+000	1.000000e+000	5.000000e-001	4.000000e-001	4.000000e-001	2.236029e-003	2.719499e-005	0.000000e+000	4.015582e-002
6.200000e+001	1.000000e+000	1.000000e+000	5.000000e-001	4.000000e-001	4.000000e-001	3.162964e-003	9.095190e-005	0.000000e+000	1.506937e-002
6.300000e+001	1.000000e+000	1.000000e+000	5.000000e-001	4.000000e-001	4.000000e-001	1.349590e-003	1.819703e-005	0.000000e+000	4.053209e-002
6.400000e+001	1.000000e+000	1.000000e+000	5.000000e-001	4.000000e-001	4.000000e-001	3.213072e-003	9.210876e-005	0.000000e+000	1.473326e-002
6.500000e+001	1.000000e+000	1.000000e+000	5.000000e-001	4.000000e-001	4.000000e-001	3.612190e-003	9.992832e-005	0.000000e+000	1.256148e-002
6.600000e+001	1.000000e+000	1.000000e+000	5.000000e-001	4.000000e-001	4.000000e-001	1.904040e-003	5.370088e-005	0.000000e+000	2.714728e-002
6.700000e+001	1.000000e+000	1.000000e+000	5.000000e-001	4.000000e-001	4.000000e-001	3.400104e-003	9.572933e-005	0.000000e+000	1.370917e-002
6.800000e+001	1.000000e+000	1.000000e+000	5.000000e-001	4.000000e-001	4.000000e-001	1.750805e-003	2.110909e-005	0.000000e+000	4.058071e-002
6.900000e+001	1.000000e+000	1.000000e+000	5.000000e-001	4.000000e-001	4.000000e-001	3.014284e-003	8.789993e-005	0.000000e+000	1.596741e-002
7.000000e+001	1.000000e+000	1.000000e+000	5.000000e-001	4.000000e-001	4.000000e-001	5.444786e-004	5.275113e-005	0.000000e+000	7.048875e-002
7.100000e+001	1.000000e+000	1.000000e+000	5.000000e-001	4.000000e-001	4.000000e-001	3.025386e-003	7.384264e-005	0.000000e+000	2.098460e-002
7.200000e+001	1.000000e+000	1.000000e+000	5.000000e-001	4.000000e-001	4.000000e-001	1.217653e-003	5.599512e-005	0.000000e+000	3.314160e-002
7.300000e+001	1.000000e+000	1.000000e+000	5.000000e-001	4.000000e-001	4.000000e-001	3.076858e-003	8.342248e-005	0.000000e+000	1.745952e-002
7.400000e+001	1.000000e+000	1.000000e+000	5.000000e-001	4.000000e-001	4.000000e-001	2.309303e-003	9.671322e-005	0.000000e+000	1.707023e-002
7.500000e+001	1.000000e+000	1.000000e+000	5.000000e-001	4.000000e-001	4.000000e-001	3.537843e-003	9.114687e-005	0.000000e+000	1.533655e-002
7.600000e+001	1.000000e+000	1.000000e+000	5.000000e-001	4.000000e-001	4.000000e-001	3.244219e-003	9.895704e-005	0.000000e+000	1.288405e-002
7.700000e+001	1.000000e+000	1.000000e+000	5.000000e-001	4.000000e-001	4.000000e-001	2.768644e-003	5.368065e-005	0.000000e+000	2.916076e-002
7.800000e+001	1.000000e+000	1.000000e+000	5.000000e-001	4.000000e-001	4.000000e-001	2.808575e-003	8.943465e-005	0.000000e+000	1.568974e-002
7.900000e+001	1.000000e+000	1.000000e+000	5.000000e-001	4.000000e-001	4.000000e-001	2.958276e-003	9.012134e-005	0.000000e+000	1.535164e-002
8.000000e+001	1.000000e+000	1.000000e+000	5.000000e-001	4.000000e-001	4.000000e-001	1.541096e-003	4.452847e-005	0.000000e+000	3.085132e-002
8.100000e+001	1.000000e+000	1.000000e+000	5.000000e-001	4.000000e-001	4.000000e-001	2.616661e-003	8.355770e-005	0.000000e+000	1.744610e-002
8.200000e+001	1.000000e+000	1.000000e+000	5.000000e-001	4.000000e-001	4.000000e-001	2.370878e-003	3.857552e-005	0.000000e+000	3.494271e-002
8.300000e+001	1.000000e+000	1.000000e+000	5.000000e-001	4.000000e-001	4.000000e-001	3.681223e-003	3.123956e-005	0.000000e+000	4.509888e-002
8.400000e+001	1.000000e+000	1.000000e+000	5.000000e-001	4.000000e-001	4.000000e-001	2.674069e-003	8.780524e-005	0.000000e+000	1.631553e-002
8.500000e+001	1.000000e+000	1.000000e+000	5.000000e-001	4.000000e-001	4.000000e-001	3.167167e-003	9.270453e-005	0.000000e+000	1.455625e-002
8.600000e+001	1.000000e+000	1.000000e+000	5.000000e-001	4.000000e-001	4.000000e-001	2.899592e-003	8.254293e-005	0.000000e+000	1.761478e-002
8.700000e+001	1.000000e+000	1.000000e+000	5.000000e-001	4.000000e-001	4.000000e-001	3.336657e-003	9.526668e-005	0.000000e+000	1.382713e-002
8.800000e+001	1.000000e+000	1.000000e+000	5.000000e-001	4.000000e-001	4.000000e-001	1.653804e-004	7.803512e-005	0.000000e+000	1.742314e-001
8.900000e+001	1.000000e+000	1.000000e+000	5.000000e-001	4.000000e-001	4.000000e-001	3.143620e-003	8.905198e-005	0.000000e+000	1.564673e-002
9.000000e+001	1.000000e+000	1.000000e+000	5.000000e-001	4.000000e-001	4.000000e-001	1.656061e-003	8.408077e-005	0.000000e+000	2.482989e-002
9.100000e+001	1.000000e+000	1.000000e+000	5.000000e-001	4.000000e-001	4.000000e-001	3.309022e-003	9.332474e-005	0.000000e+000	1.439706e-002
9.200000e+001	1.000000e+000	1.000000e+000	5.000000e-001	4.000000e-001	4.000000e-001	3.088963e-003	9.085264e-005	0.000000e+000	1.509558e-002
9.300000e+001	1.000000e+000	1.000000e+000	5.000000e-001	4.000000e-001	4.000000e-001	3.391723e-003	9.546112e-005	0.000000e+000	1.378594e-002
9.400000e+001	1.000000e+000	1.000000e+000	5.000000e-001	4.000000e-001	4.000000e-001	1.285572e-003	2.847072e-005	0.000000e+000	3.692262e-002
9.500000e+001	1.000000e+000	1.000000e+000	5.000000e-001	4.000000e-001	4.000000e-001	3.049824e-003	9.368106e-005	0.000000e+000	1.435128e-002
9.600000e+001	1.000000e+000	1.000000e+000	5.000000e-001	4.000000e-001	4.000000e-001	1.666955e-003	7.956931e-005	0.000000e+000	2.455905e-002
9.700000e+001	1.000000e+000	1.000000e+000	5.000000e-001	4.000000e-001	4.000000e-001	3.300229e-003	8.382385e-005	0.000000e+000	1.763135e-002
9.800000e+001	1.000000e+000	1.000000e+000	5.000000e-001	4.000000e-001	4.000000e-001	1.025974e-003	5.264891e-005	0.000000e+000	3.851587e-002
9.900000e+001	1.000000e+000	1.000000e+000	5.000000e-001	4.000000e-001	4.000000e-001	3.111481e-003	9.214948e-005	0.000000e+000	1.472301e-002
1.000000e+002	1.000000e+000	1.000000e+000	5.000000e-001	4.000000e-001	4.000000e-001	3.891245e-003	9.674243e-005	0.000000e+000	1.389677e-002
1.010000e+002	1.000000e+000	1.000000e+000	5.000000e-001	4.000000e-001	4.000000e-001	6.451198e-004	2.680609e-005	0.000000e+000	5.642454e-002
1.020000e+002	1.000000e+000	1.000000e+000	5.000000e-001	4.000000e-001	4.000000e-001	3.419073e-003	9.495322e-005	0.000000e+000	1.395297e-002
1.030000e+002	1.000000e+000	1.000000e+000	5.000000e-001	4.000000e-001	4.000000e-001	3.472204e-003	5.243066e-005	0.000000e+000	3.252528e-002
1.040000e+002	1.000000e+000	1.000000e+000	5.000000e-001	4.000000e-001	4.000000e-001	3.242649e-003	9.355425e-005	0.000000e+000	1.431165e-002
1.050000e+002	1.000000e+000	1.000000e+000	5.000000e-001	4.000000e-001	4.000000e-001	3.832489e-003	9.784040e-005	0.000000e+000	1.343095e-002
1.060000e+002	1.000000e+000	1.000000e+000	5.000000e-001	4.000000e-001	4.000000e-001	2.556118e-003	6.462842e-005	0.000000e+000	2.369616e-002
1.070000e+002	1.000000e+000	1.000000e+000	5.000000e-001	4.000000e-001	4.000000e-001	3.390502e-003	9.597649e-005	0.000000e+000	1.363288e-002
1.080000e+002	1.000000e+000	1.000000e+000	5.000000e-001	4.000000e-001	4.000000e-001	2.910757e-003	9.295631e-005	0.000000e+000	1.470036e-002
1.090000e+002	1.000000e+000	1.000000e+000	5.000000e-001	4.000000e-001	4.000000e-001	3.464428e-003	9.718760e-005	0.000000e+000	1.330173e-002
1.100000e+002	1.000000e+000	1.000000e+000	5.000000e-001	4.000000e-001	4.000000e-001	2.876158e-003	9.830424e-005	0.000000e+000	1.374688e-002
1.110000e+002	1.000000e+000	1.000000e+000	5.000000e-001	4.000000e-001	4.000000e-001	3.593406e-003	9.795636e-005	0.000000e+000	1.314129e-002
1.120000e+002	1.000000e+000	1.000000e+000	5.000000e-001	4.000000e-001	4.000000e-001	2.204307e-003	5.345692e-005	0.000000e+000	2.748314e-002
1.130000e+002	1.000000e+000	1.000000e+000	5.000000e-001	4.000000e-001	4.000000e-001	3.497260e-003	9.720173e-005	0.000000e+000	1.331200e-002
1.140000e+002	1.000000e+000	1.000000e+000	5.000000e-001	4.000000e-001	4.000000e-001	1.386616e-003	6.905642e-005	0.000000e+000	2.941601e-002
1.150000e+002	1.000000e+000	1.000000e+000	5.000000e-001	4.000000e-001	4.000000e-001	3.510935e-003	9.694778e-005	0.000000e+000	1.339606e-002
1.160000e+002	1.000000e+000	1.000000e+000	5.000000e-001	4.000000e-001	4.000000e-001	2.930582e-003	4.213190e-005	0.000000e+000	3.570752e-002
1.170000e+002	1.000000e+000	1.000000e+000	5.000000e-001	4.000000e-001	4.000000e-001	3.138434e-003	9.337379e-005	0.000000e+000	1.437599e-002
1.180000e+002	1.000000e+000	1.000000e+000	5.000000e-001	4.000000e-001	4.000000e-001	2.166620e-004	7.779402e-005	0.000000e+000	1.502155e-001
1.190000e+002	1.000000e+000	1.000000e+000	5.000000e-001	4.000000e-001	4.000000e-001	3.550029e-003	9.807204e-005	0.000000e+000	1.307884e-002
1.200000e+002	1.000000e+000	1.000000e+000	5.000000e-001	4.000000e-001	4.000000e-001	3.373079e-003	3.637450e-005	0.000000e+000	4.085081e-002
1.210000e+002	1.000000e+000	1.000000e+000	5.000000e-001	4.000000e-001	4.000000e-001	3.359772e-003	9.618699e-005	0.000000e+000	1.356513e-002
1.220000e+002	1.000000e+000	1.000000e+000	5.000000e-001	4.000000e-001	4.000000e-001	1.059935e-003	8.459390e-005	0.000000e+000	4.139137e-002
1.230000e+002	1.000000e+000	1.000000e+000	5.000000e-001	4.000000e-001	4.000000e-001	3.424956e-003	9.662311e-005	0.000000e+000	1.345375e-002
1.240000e+002	1.000000e+000	1.000000e+000	5.000000e-001	4.000000e-001	4.000000e-001	3.688324e-003	8.532270e-005	0.000000e+000	1.782946e-002
1.250000e+002	1.000000e+000	1.000000e+000	5.000000e-001	4.000000e-001	4.000000e-001	3.406742e-003	9.090169e-005	0.000000e+000	1.525342e-002
1.260000e+002	1.000000e+000	1.000000e+000	5.000000e-001	4.000000e-001	4.000000e-001	1.719330e-003	5.333694e-005	0.000000e+000	2.765648e-002
1.270000e+002	1.000000e+000	1.000000e+000	5.000000e-001	4.000000e-001	4.000000e-001	3.459999e-003	9.444061e-005	0.000000e+000	1.414113e-002
1.280000e+002	1.000000e+000	1.000000e+000	5.000000e-001	4.000000e-001	4.000000e-001	2.480047e-003	8.057567e-005	0.000000e+000	1.843875e-002
1.290000e+002	1.000000e+000	1.000000e+000	5.000000e-001	4.000000e-001	4.000000e-001	3.486627e-003	9.621007e-005	0.000000e+000	1.360679e-002
1.300000e+002	1.000000e+000	1.000000e+000	5.000000e-001	4.000000e-001	4.000000e-001	3.601554e-003	9.933596e-005	0.000000e+000	1.273023e-002
1.310000e+002	1.000000e+000	1.000000e+000	5.000000e-001	4.000000e-001	4.000000e-001	2.753078e-003	9.794393e-005	0.000000e+000	1.424723e-002
1.320000e+002	1.000000e+000	1.000000e+000	5.000000e-001	4.000000e-001	4.000000e-001	3.606703e-003	9.704281e-005	0.000000e+000	1.343701e-002
1.330000e+002	1.000000e+000	1.000000e+000	5.000000e-001	4.000000e-001	4.000000e-001	3.595191e-003	5.311359e-005	0.000000e+000	3.263396e-002
1.340000e+002	1.000000e+000	1.000000e+000	5.000000e-001	4.000000e-001	4.000000e-001	3.724524e-003	8.557535e-005	0.000000e+000	1.780944e-002
1.350000e+002	1.000000e+000	1.000000e+000	5.000000e-001	4.000000e-001	4.000000e-001	2.136563e-003	5.885543e-005	0.000000e+000	2.533714e-002
1.360000e+002	1.000000e+000	1.000000e+000	5.000000e-001	4.000000e-001	4.000000e-001	3.523343e-003	9.145927e-005	0.000000e+000	1.520643e-002
1.370000e+002	1.000000e+000	1.000000e+000	5.000000e-001	4.000000e-001	4.000000e-001	2.884825e-003	2.496861e-005	0.000000e+000	4.498216e-002
1.380000e+002	1.000000e+000	1.000000e+000	5.000000e-001	4.000000e-001	4.000000e-001	3.474402e-003	9.472959e-005	0.000000e+000	1.406062e-002
1.390000e+002	1.000000e+000	1.000000e+000	5.000000e-001	4.000000e-001	4.000000e-001	3.775846e-003	1.118053e-005	0.000000e+000	5.731836e-002
1.400000e+002	1.000000e+000	1.000000e+000	5.000000e-001	4.000000e-001	4.000000e-001	3.446316e-003	9.831514e-005	0.000000e+000	1.297274e-002
1.410000e+002	1.000000e+000	1.000000e+000	5.000000e-001	4.000000e-001	4.000000e-001	6.608488e-004	9.735801e-005	0.000000e+000	6.996181e-002
1.420000e+002	1.000000e+000	1.000000e+000	5.000000e-001	4.000000e-001	4.000000e-001	3.451303e-003	9.708614e-005	0.000000e+000	1.332677e-002
1.430000e+002	1.000000e+000	1.000000e+000	5.000000e-001	4.000000e-001	4.000000e-001	1.752925e-003	3.349371e-005	0.000000e+000	3.482267e-002
1.440000e+002	1.000000e+000	1.000000e+000	5.000000e-001	4.000000e-001	4.000000e-001	3.437260e-003	9.887891e-005	0.000000e+000	1.281597e-002
1.450000e+002	1.000000e+000	1.000000e+000	5.000000e-001	4.000000e-001	4.000000e-001	3.522223e-003	1.239799e-005	0.000000e+000	5.546501e-002
1.460000e+002	1.000000e+000	1.000000e+000	5.000000e-001	4.000000e-001	4.000000e-001	3.442249e-003	9.779530e-005	0.000000e+000	1.311917e-002
1.470000e+002	1.000000e+000	1.000000e+000	5.000000e-001	4.000000e-001	4.000000e-001	1.604910e-003	4.531497e-005	0.000000e+000	3.037948e-002
1.480000e+002	1.000000e+000	1.000000e+000	5.000000e-001	4.000000e-001	4.000000e-001	3.435227e-003	9.861899e-005	0.000000e+000	1.288735e-002
1.490000e+002	1.000000e+000	1.000000e+000	5.000000e-001	4.000000e-001	4.000000e-001	2.792889e-004	6.787675e-005	0.000000e+000	1.253153e-001
1.500000e+002	1.000000e+000	1.000000e+000	5.000000e-001	4.000000e-001	4.000000e-001	3.531209e-003	9.745704e-005	0.000000e+000	1.325343e-002
1.510000e+002	1.000000e+000	1.000000e+000	5.000000e-001	4.000000e-001	4.000000e-001	3.620374e-003	9.995096e-005	0.000000e+000	1.255887e-002
1.520000e+002	1.000000e+000	1.000000e+000	5.000000e-001	4.000000e-001	4.000000e-001	2.971881e-003	4.010469e-005	0.000000e+000	3.698391e-002
1.530000e+002	1.000000e+000	1.000000e+000	5.000000e-001	4.000000e-001	4.000000e-001	3.580497e-003	9.885775e-005	0.000000e+000	1.286082e-002
1.540000e+002	1.000000e+000	1.000000e+000	5.000000e-001	4.000000e-001	4.000000e-001	3.556665e-003	5.077226e-005	0.000000e+000	3.372241e-002
1.550000e+002	1.000000e+000	1.000000e+000	5.000000e-001	4.000000e-001	4.000000e-001	3.555685e-003	9.817607e-005	0.000000e+000	1.305077e-002
1.560000e+002	1.000000e+000	1.000000e+000	5.000000e-001	4.000000e-001	4.000000e-001	1.662499e-003	6.112825e-005	0.000000e+000	2.621532e-002
1.570000e+002	1.000000e+000	1.000000e+000	5.000000e-001	4.000000e-001	4.000000e-001	3.318927e-003	9.637229e-005	0.000000e+000	1.351150e-002
1.580000e+002	1.000000e+000	1.000000e+000	5.000000e-001	4.000000e-001	4.000000e-001	7.387944e-004	8.887264e-005	0.000000e+000	6.106523e-002
1.590000e+002	1.000000e+000	1.000000e+000	5.000000e-001	4.000000e-001	4.000000e-001	3.492248e-003	9.681823e-005	0.000000e+000	1.342481e-002
1.600000e+002	1.000000e+000	1.000000e+000	5.000000e-001	4.000000e-001	4.000000e-001	2.072446e-003	3.075064e-005	0.000000e+000	3.743540e-002
1.610000e+002	1.000000e+000	1.000000e+000	5.000000e-001	4.000000e-001	4.000000e-001	3.196484e-003	9.367090e-005	0.000000e+000	1.427913e-002
1.620000e+002	1.000000e+000	1.000000e+000	5.000000e-001	4.000000e-001	4.000000e-001	3.663240e-003	9.990960e-005	0.000000e+000	1.259586e-002
1.630000e+002	1.000000e+000	1.000000e+000	5.000000e-001	4.000000e-001	4.000000e-001	3.135497e-003	4.936582e-005	0.000000e+000	3.278548e-002
1.640000e+002	1.000000e+000	1.000000e+000	5.000000e-001	4.000000e-001	4.000000e-001	3.412404e-003	9.630194e-005	0.000000e+000	1.354403e-002
1.650000e+002	1.000000e+000	1.000000e+000	5.000000e-001	4.000000e-001	4.000000e-001	3.123275e-003	7.896777e-005	0.000000e+000	1.916138e-002
1.660000e+002	1.000000e+000	1.000000e+000	5.000000e-001	4.000000e-001	4.000000e-001	3.603034e-003	9.864845e-005	0.000000e+000	1.293680e-002
1.670000e+002	1.000000e+000	1.000000e+000	5.000000e-001	4.000000e-001	4.000000e-001	1.097994e-003	8.562181e-005	0.000000e+000	4.000830e-002
1.680000e+002	1.000000e+000	1.000000e+000	5.000000e-001	4.000000e-001	4.000000e-001	3.606999e-003	9.914596e-005	0.000000e+000	1.278973e-002
1.690000e+002	1.000000e+000	1.000000e+000	5.000000e-001	4.000000e-001	4.000000e-001	3.512715e-003	1.457586e-005	0.000000e+000	5.413696e-002
1.700000e+002	1.000000e+000	1.000000e+000	5.000000e-001	4.000000e-001	4.000000e-001	3.608834e-003	9.834314e-005	0.000000e+000	1.303359e-002
1.710000e+002	1.000000e+000	1.000000e+000	5.000000e-001	4.000000e-001	4.000000e-001	1.685172e-003	3.503155e-005	0.000000e+000	3.402490e-002
1.720000e+002	1.000000e+000	1.000000e+000	5.000000e-001	4.000000e-001	4.000000e-001	3.609899e-003	9.899330e-005	0.000000e+000	1.283716e-002
1.730000e+002	1.000000e+000	1.000000e+000	5.000000e-001	4.000000e-001	4.000000e-001	2.277633e-003	5.327426e-005	0.000000e+000	2.772755e-002
1.740000e+002	1.000000e+000	1.000000e+000	5.000000e-001	4.000000e-001	4.000000e-001	3.586523e-003	9.920747e-005	0.000000e+000	1.276042e-002
1.750000e+002	1.000000e+000	1.000000e+000	5.000000e-001	4.000000e-001	4.000000e-001	1.889972e-004	5.790328e-005	0.000000e+000	1.566108e-001
1.760000e+002	1.000000e+000	1.000000e+000	5.000000e-001	4.000000e-001	4.000000e-001	3.610431e-003	9.931838e-005	0.000000e+000	1.274031e-002
1.770000e+002	1.000000e+000	1.000000e+000	5.000000e-001	4.000000e-001	4.000000e-001	3.805231e-003	9.985020e-005	0.000000e+000	1.273679e-002
1.780000e+002	1.000000e+000	1.000000e+000	5.000000e-001	4.000000e-001	4.000000e-001	2.547173e-003	1.542471e-005	0.000000e+000	4.850858e-002
1.790000e+002	1.000000e+000	1.000000e+000	5.000000e-001	4.000000e-001	4.000000e-001	3.540205e-003	9.878984e-005	0.000000e+000	1.286191e-002
1.800000e+002	1.000000e+000	1.000000e+000	5.000000e-001	4.000000e-001	4.000000e-001	3.516990e-003	5.262959e-005	0.000000e+000	3.259228e-002
1.810000e+002	1.000000e+000	1.000000e+000	5.000000e-001	4.000000e-001	4.000000e-001	3.532465e-003	9.909673e-005	0.000000e+000	1.277024e-002
1.820000e+002	1.000000e+000	1.000000e+000	5.000000e-001	4.000000e-001	4.000000e-001	3.589779e-003	2.425816e-005	0.000000e+000	4.877994e-002
1.830000e+002	1.000000e+000	1.000000e+000	5.000000e-001	4.000000e-001	4.000000e-001	3.572986e-003	9.938409e-005	0.000000e+000	1.270239e-002
1.840000e+002	1.000000e+000	1.000000e+000	5.000000e-001	4.000000e-001	4.000000e-001	3.379944e-003	9.946221e-005	0.000000e+000	1.267185e-002
1.850000e+002	1.000000e+000	1.000000e+000	5.000000e-001	4.000000e-001	4.000000e-001	5.996515e-004	3.175788e-005	0.000000e+000	6.066199e-002
1.860000e+002	1.000000e+000	1.000000e+000	5.000000e-001	4.000000e-001	4.000000e-001	3.528547e-003	9.900133e-005	0.000000e+000	1.279639e-002
1.870000e+002	1.000000e+000	1.000000e+000	5.000000e-001	4.000000e-001	4.000000e-001	2.587874e-003	5.144458e-005	0.000000e+000	2.954857e-002
1.880000e+002	1.000000e+000	1.000000e+000	5.000000e-001	4.000000e-001	4.000000e-001	3.588195e-003	9.915661e-005	0.000000e+000	1.277628e-002
1.890000e+002	1.000000e+000	1.000000e+000	5.000000e-001	4.000000e-001	4.000000e-001	3.675966e-003	6.205792e-005	0.000000e+000	2.835000e-002
1.900000e+002	1.000000e+000	1.000000e+000	5.000000e-001	4.000000e-001	4.000000e-001	3.577133e-003	9.926722e-005	0.000000e+000	1.273835e-002
1.910000e+002	1.000000e+000	1.000000e+000	5.000000e-001	4.000000e-001	4.000000e-001	3.590620e-003	8.052525e-005	0.000000e+000	1.957130e-002
1.920000e+002	1.000000e+000	1.000000e+000	5.000000e-001	4.000000e-001	4.000000e-001	3.604191e-003	9.937251e-005	0.000000e+000	1.272082e-002
1.930000e+002	1.000000e+000	1.000000e+000	5.000000e-001	4.000000e-001	4.000000e-001	1.224899e-003	7.627034e-005	0.000000e+000	3.403239e-002
1.940000e+002	1.000000e+000	1.000000e+000	5.000000e-001	4.000000e-001	4.000000e-001	3.605424e-003	9.945413e-005	0.000000e+000	1.269734e-002
1.950000e+002	1.000000e+000	1.000000e+000	5.000000e-001	4.000000e-001	4.000000e-001	2.206925e-003	7.904197e-005	0.000000e+000	1.963663e-002
1.960000e+002	1.000000e+000	1.000000e+000	5.000000e-001	4.000000e-001	4.000000e-001	3.599403e-003	9.943460e-005	0.000000e+000	1.269998e-002
1.970000e+002	1.000000e+000	1.000000e+000	5.000000e-001	4.000000e-001	4.000000e-001	2.962135e-003	4.017801e-005	0.000000e+000	3.689946e-002
1.980000e+002	1.000000e+000	1.000000e+000	5.000000e-001	4.000000e-001	4.000000e-001	3.475731e-003	9.839636e-005	0.000000e+000	1.295495e-002
1.990000e+002	1.000000e+000	1.000000e+000	5.000000e-001	4.000000e-001	4.000000e-001	2.424452e-004	8.793648e-005	0.000000e+000	1.432773e-001
2.000000e+002	1.000000e+000	1.000000e+000	5.000000e-001	4.000000e-001	4.000000e-001	3.552175e-003	9.953955e-005	0.000000e+000	1.264966e-002
2.010000e+002	1.000000e+000	1.000000e+000	5.000000e-001	4.000000e-001	4.000000e-001	3.751166e-003	6.872575e-005	0.000000e+000	2.534600e-002
2.020000e+002	1.000000e+000	1.000000e+000	5.000000e-001	4.000000e-001	4.000000e-001	3.592839e-003	9.958993e-005	0.000000e+000	1.265120e-002
2.030000e+002	1.000000e+000	1.000000e+000	5.000000e-001	4.000000e-001	4.000000e-001	3.579710e-003	9.990058e-005	0.000000e+000	1.255573e-002
2.040000e+002	1.000000e+000	1.000000e+000	5.000000e-001	4.000000e-001	4.000000e-001	3.823171e-003	9.627216e-005	0.000000e+000	1.395631e-002
2.050000e+002	1.000000e+000	1.000000e+000	5.000000e-001	4.000000e-001	4.000000e-001	3.605180e-003	9.951360e-005	0.000000e+000	1.267966e-002
2.060000e+002	1.000000e+000	1.000000e+000	5.000000e-001	4.000000e-001	4.000000e-001	1.974717e-003	1.637652e-005	0.000000e+000	4.433728e-002
2.070000e+002	1.000000e+000	1.000000e+000	5.000000e-001	4.000000e-001	4.000000e-001	3.445627e-003	9.794241e-005	0.000000e+000	1.307793e-002
2.080000e+002	1.000000e+000	1.000000e+000	5.000000e-001	4.000000e-001	4.000000e-001	1.271205e-003	3.641849e-005	0.000000e+000	3.482627e-002
2.090000e+002	1.000000e+000	1.000000e+000	5.000000e-001	4.000000e-001	4.000000e-001	3.570636e-003	9.939398e-005	0.000000e+000	1.269852e-002
2.100000e+002	1.000000e+000	1.000000e+000	5.000000e-001	4.000000e-001	4.000000e-001	3.611947e-003	9.998779e-005	0.000000e+000	1.254402e-002
2.110000e+002	1.000000e+000	1.000000e+000	5.000000e-001	4.000000e-001	4.000000e-001	2.168956e-003	2.249313e-005	0.000000e+000	4.227634e-002
2.120000e+002	1.000000e+000	1.000000e+000	5.000000e-001	4.000000e-001	4.000000e-001	3.608624e-003	9.973583e-005	0.000000e+000	1.261607e-002
2.130000e+002	1.000000e+000	1.000000e+000	5.000000e-001	4.000000e-001	4.000000e-001	1.957290e-003	9.715251e-005	0.000000e+000	2.094836e-002
2.140000e+002	1.000000e+000	1.000000e+000	5.000000e-001	4.000000e-001	4.000000e-001	3.515258e-003	9.797439e-005	0.000000e+000	1.309064e-002
2.150000e+002	1.000000e+000	1.000000e+000	5.000000e-001	4.000000e-001	4.000000e-001	3.625794e-003	9.997530e-005	0.000000e+000	1.255450e-002
2.160000e+002	1.000000e+000	1.000000e+000	5.000000e-001	4.000000e-001	4.000000e-001	2.320588e-003	6.367770e-005	0.000000e+000	2.372561e-002
2.170000e+002	1.000000e+000	1.000000e+000	5.000000e-001	4.000000e-001	4.000000e-001	3.608751e-003	9.966327e-005	0.000000e+000	1.263743e-002
2.180000e+002	1.000000e+000	1.000000e+000	5.000000e-001	4.000000e-001	4.000000e-001	1.093655e-004	4.244290e-005	0.000000e+000	2.016992e-001
2.190000e+002	1.000000e+000	1.000000e+000	5.000000e-001	4.000000e-001	4.000000e-001	3.612136e-003	9.948262e-005	0.000000e+000	1.269252e-002
2.200000e+002	1.000000e+000	1.000000e+000	5.000000e-001	4.000000e-001	4.000000e-001	3.135239e-004	2.607997e-005	0.000000e+000	1.041279e-001
2.210000e+002	1.000000e+000	1.000000e+000	5.000000e-001	4.000000e-001	4.000000e-001	3.628326e-003	9.971253e-005	0.000000e+000	1.263339e-002
2.220000e+002	1.000000e+000	1.000000e+000	5.000000e-001	4.000000e-001	4.000000e-001	2.659908e-003	9.009825e-005	0.000000e+000	1.586397e-002
2.230000e+002	1.000000e+000	1.000000e+000	5.000000e-001	4.000000e-001	4.000000e-001	3.528896e-003	9.908001e-005	0.000000e+000	1.277390e-002
2.240000e+002	1.000000e+000	1.000000e+000	5.000000e-001	4.000000e-001	4.000000e-001	3.912620e-003	4.946647e-005	0.000000e+000	3.575236e-002
2.250000e+002	1.000000e+000	1.000000e+000	5.000000e-001	4.000000e-001	4.000000e-001	3.584168e-003	9.975446e-005	0.000000e+000	1.259958e-002
2.260000e+002	1.000000e+000	1.000000e+000	5.000000e-001	4.000000e-001	4.000000e-001	3.251263e-003	3.961081e-005	0.000000e+000	3.851215e-002
2.270000e+002	1.000000e+000	1.000000e+000	5.000000e-001	4.000000e-001	4.000000e-001	3.572528e-003	9.952469e-005	0.000000e+000	1.266137e-002
2.280000e+002	1.000000e+000	1.000000e+000	5.000000e-001	4.000000e-001	4.000000e-001	3.451229e-003	1.709943e-005	0.000000e+000	5.236504e-002
2.290000e+002	1.000000e+000	1.000000e+000	5.000000e-001	4.000000e-001	4.000000e-001	3.585293e-003	9.969791e-005	0.000000e+000	1.261643e-002
2.300000e+002	1.000000e+000	1.000000e+000	5.000000e-001	4.000000e-001	4.000000e-001	3.347480e-003	9.762943e-005	0.000000e+000	1.316378e-002
2.310000e+002	1.000000e+000	1.000000e+000	5.000000e-001	4.000000e-001	4.000000e-001	3.600164e-003	9.986192e-005	0.000000e+000	1.257526e-002
2.320000e+002	1.000000e+000	1.000000e+000	5.000000e-001	4.000000e-001	4.000000e-001	3.905381e-004	1.632720e-005	0.000000e+000	8.580871e-002
2.330000e+002	1.000000e+000	1.000000e+000	5.000000e-001	4.000000e-001	4.000000e-001	3.499468e-003	9.970701e-005	0.000000e+000	1.259126e-002
2.340000e+002	1.000000e+000	1.000000e+000	5.000000e-001	4.000000e-001	4.000000e-001	1.931493e-004	4.830757e-005	0.000000e+000	1.518899e-001
2.350000e+002	1.000000e+000	1.000000e+000	5.000000e-001	4.000000e-001	4.000000e-001	3.623659e-003	9.983217e-005	0.000000e+000	1.259547e-002
2.360000e+002	1.000000e+000	1.000000e+000	5.000000e-001	4.000000e-001	4.000000e-001	1.275623e-003	3.996556e-005	0.000000e+000	3.398788e-002
2.370000e+002	1.000000e+000	1.000000e+000	5.000000e-001	4.000000e-001	4.000000e-001	3.559230e-003	9.982941e-005	0.000000e+000	1.256915e-002
2.380000e+002	1.000000e+000	1.000000e+000	5.000000e-001	4.000000e-001	4.000000e-001	1.618123e-003	3.988311e-005	0.000000e+000	3.214496e-002
2.390000e+002	1.000000e+000	1.000000e+000	5.000000e-001	4.000000e-001	4.000000e-001	3.621326e-003	9.989199e-005	0.000000e+000	1.257665e-002
2.400000e+002	1.000000e+000	1.000000e+000	5.000000e-001	4.000000e-001	4.000000e-001	2.041129e-003	3.417726e-005	0.000000e+000	3.559310e-002
2.410000e+002	1.000000e+000	1.000000e+000	5.000000e-001	4.000000e-001	4.000000e-001	3.620159e-003	9.992190e-005	0.000000e+000	1.256728e-002
2.420000e+002	1.000000e+000	1.000000e+000	5.000000e-001	4.000000e-001	4.000000e-001	2.749495e-003	9.684464e-005	0.000000e+000	1.441143e-002
2.430000e+002	1.000000e+000	1.000000e+000	5.000000e-001	4.000000e-001	4.000000e-001	3.568367e-003	9.893974e-005	0.000000e+000	1.283041e-002
2.440000e+002	1.000000e+000	1.000000e+000	5.000000e-001	4.000000e-001	4.000000e-001	2.506423e-003	5.033535e-005	0.000000e+000	2.976858e-002
2.450000e+002	1.000000e+000	1.000000e+000	5.000000e-001	4.000000e-001	4.000000e-001	3.582434e-003	9.958795e-005	0.000000e+000	1.264714e-002
2.460000e+002	1.000000e+000	1.000000e+000	5.000000e-001	4.000000e-001	4.000000e-001	1.638401e-003	7.479066e-005	0.000000e+000	2.505457e-002
2.470000e+002	1.000000e+000	1.000000e+000	5.000000e-001	4.000000e-001	4.000000e-001	3.615113e-003	9.978418e-005	0.000000e+000	1.260514e-002
2.480000e+002	1.000000e+000	1.000000e+000	5.000000e-001	4.000000e-001	4.000000e-001	2.387373e-003	4.622714e-005	0.000000e+000	3.125617e-002
2.490000e+002	1.000000e+000	1.000000e+000	5.000000e-001	4.000000e-001	4.000000e-001	3.618294e-003	9.984463e-005	0.000000e+000	1.258901e-002
2.500000e+002	1.000000e+000	1.000000e+000	5.000000e-001	4.000000e-001	4.000000e-001	3.534765e-003	9.983562e-005	0.000000e+000	1.256102e-002
2.510000e+002	1.000000e+000	1.000000e+000	5.000000e-001	4.000000e-001	4.000000e-001	1.459093e-003	9.956660e-005	0.000000e+000	3.085443e-002
2.520000e+002	1.000000e+000	1.000000e+000	5.000000e-001	4.000000e-001	4.000000e-001	3.617174e-003	9.989974e-005	0.000000e+000	1.257227e-002
2.530000e+002	1.000000e+000	1.000000e+000	5.000000e-001	4.000000e-001	4.000000e-001	3.520496e-003	6.251721e-005	0.000000e+000	2.758822e-002
2.540000e+002	1.000000e+000	1.000000e+000	5.000000e-001	4.000000e-001	4.000000e-001	3.618160e-003	9.994564e-005	0.000000e+000	1.255932e-002
2.550000e+002	1.000000e+000	1.000000e+000	5.000000e-001	4.000000e-001	4.000000e-001	1.011918e-003	9.101210e-005	0.000000e+000	4.488750e-002
2.560000e+002	1.000000e+000	1.000000e+000	5.000000e-001	4.000000e-001	4.000000e-001	3.616667e-003	9.993456e-005	0.000000e+000	1.256183e-002
2.570000e+002	1.000000e+000	1.000000e+000	5.000000e-001	4.000000e-001	4.000000e-001	3.614161e-003	9.999311e-005	0.000000e+000	1.254351e-002
2.580000e+002	1.000000e+000	1.000000e+000	5.000000e-001	4.000000e-001	4.000000e-001	1.764587e-003	5.632426e-005	0.000000e+000	2.667707e-002
2.590000e+002	1.000000e+000	1.000000e+000	5.000000e-001	4.000000e-001	4.000000e-001	3.599851e-003	9.977999e-005	0.000000e+000	1.259896e-002
2.600000e+002	1.000000e+000	1.000000e+000	5.000000e-001	4.000000e-001	4.000000e-001	2.000433e-004	2.218515e-005	0.000000e+000	1.422767e-001
2.610000e+002	1.000000e+000	1.000000e+000	5.000000e-001	4.000000e-001	4.000000e-001	3.600568e-003	9.981909e-005	0.000000e+000	1.258790e-002
2.620000e+002	1.000000e+000	1.000000e+000	5.000000e-001	4.000000e-001	4.000000e-001	3.601329e-003	9.998151e-005	0.000000e+000	1.254106e-002
2.630000e+002	1.000000e+000	1.000000e+000	5.000000e-001	4.000000e-001	4.000000e-001	3.417920e-003	5.787087e-005	0.000000e+000	2.953187e-002
2.640000e+002	1.000000e+000	1.000000e+000	5.000000e-001	4.000000e-001	4.000000e-001	3.584658e-003	9.942002e-005	0.000000e+000	1.269709e-002
2.650000e+002	1.000000e+000	1.000000e+000	5.000000e-001	4.000000e-001	4.000000e-001	2.392233e-003	4.138349e-005	0.000000e+000	3.363229e-002
2.660000e+002	1.000000e+000	1.000000e+000	5.000000e-001	4.000000e-001	4.000000e-001	3.574163e-003	9.990701e-005	0.000000e+000	1.255189e-002
2.670000e+002	1.000000e+000	1.000000e+000	5.000000e-001	4.000000e-001	4.000000e-001	8.237758e-004	1.921088e-005	0.000000e+000	4.698053e-002
2.680000e+002	1.000000e+000	1.000000e+000	5.000000e-001	4.000000e-001	4.000000e-001	3.599109e-003	9.969921e-005	0.000000e+000	1.262219e-002
2.690000e+002	1.000000e+000	1.000000e+000	5.000000e-001	4.000000e-001	4.000000e-001	3.877525e-003	2.770590e-005	0.000000e+000	4.795948e-002
2.700000e+002	1.000000e+000	1.000000e+000	5.000000e-001	4.000000e-001	4.000000e-001	3.590621e-003	9.980618e-005	0.000000e+000	1.258729e-002
2.710000e+002	1.000000e+000	1.000000e+000	5.000000e-001	4.000000e-001	4.000000e-001	3.591737e-003	9.996699e-005	0.000000e+000	1.254125e-002
2.720000e+002	1.000000e+000	1.000000e+000	5.000000e-001	4.000000e-001	4.000000e-001	3.559257e-003	9.993925e-005	0.000000e+000	1.253796e-002
2.730000e+002	1.000000e+000	1.000000e+000	5.000000e-001	4.000000e-001	4.000000e-001	3.260761e-003	3.311866e-005	0.000000e+000	4.218811e-002
2.740000e+002	1.000000e+000	1.000000e+000	5.000000e-001	4.000000e-001	4.000000e-001	3.577603e-003	9.992685e-005	0.000000e+000	1.254743e-002
2.750000e+002	1.000000e+000	1.000000e+000	5.000000e-001	4.000000e-001	4.000000e-001	3.649573e-003	8.550738e-005	0.000000e+000	1.766940e-002
2.760000e+002	1.000000e+000	1.000000e+000	5.000000e-001	4.000000e-001	4.000000e-001	3.579526e-003	9.986962e-005	0.000000e+000	1.256456e-002
2.770000e+002	1.000000e+000	1.000000e+000	5.000000e-001	4.000000e-001	4.000000e-001	3.556751e-003	9.999780e-005	0.000000e+000	1.252069e-002
2.780000e+002	1.000000e+000	1.000000e+000	5.000000e-001	4.000000e-001	4.000000e-001	2.527810e-003	6.556424e-005	0.000000e+000	2.327952e-002
2.790000e+002	1.000000e+000	1.000000e+000	5.000000e-001	4.000000e-001	4.000000e-001	3.566083e-003	9.993777e-005	0.000000e+000	1.254044e-002
2.800000e+002	1.000000e+000	1.000000e+000	5.000000e-001	4.000000e-001	4.000000e-001	3.501847e-003	9.994394e-005	0.000000e+000	1.252632e-002
2.810000e+002	1.000000e+000	1.000000e+000	5.000000e-001	4.000000e-001	4.000000e-001	1.343325e-003	1.821785e-005	0.000000e+000	4.052074e-002
2.820000e+002	1.000000e+000	1.000000e+000	5.000000e-001	4.000000e-001	4.000000e-001	3.544278e-003	9.995506e-005	0.000000e+000	1.252960e-002
2.830000e+002	1.000000e+000	1.000000e+000	5.000000e-001	4.000000e-001	4.000000e-001	3.514320e-003	9.998668e-005	0.000000e+000	1.251569e-002
2.840000e+002	1.000000e+000	1.000000e+000	5.000000e-001	4.000000e-001	4.000000e-001	2.112896e-003	5.943387e-005	0.000000e+000	2.513033e-002
2.850000e+002	1.000000e+000	1.000000e+000	5.000000e-001	4.000000e-001	4.000000e-001	3.593082e-003	9.992713e-005	0.000000e+000	1.255331e-002
2.860000e+002	1.000000e+000	1.000000e+000	5.000000e-001	4.000000e-001	4.000000e-001	3.429837e-003	9.009834e-005	0.000000e+000	1.555697e-002
2.870000e+002	1.000000e+000	1.000000e+000	5.000000e-001	4.000000e-001	4.000000e-001	3.599860e-003	9.995589e-005	0.000000e+000	1.254785e-002
2.880000e+002	1.000000e+000	1.000000e+000	5.000000e-001	4.000000e-001	4.000000e-001	3.587481e-003	9.999399e-005	0.000000e+000	1.253181e-002
2.890000e+002	1.000000e+000	1.000000e+000	5.000000e-001	4.000000e-001	4.000000e-001	3.495022e-003	8.233233e-005	0.000000e+000	1.860067e-002
2.900000e+002	1.000000e+000	1.000000e+000	5.000000e-001	4.000000e-001	4.000000e-001	3.599787e-003	9.997339e-005	0.000000e+000	1.254274e-002
2.910000e+002	1.000000e+000	1.000000e+000	5.000000e-001	4.000000e-001	4.000000e-001	2.282954e-003	4.728929e-005	0.000000e+000	3.037386e-002
2.920000e+002	1.000000e+000	1.000000e+000	5.000000e-001	4.000000e-001	4.000000e-001	3.597096e-003	9.998057e-005	0.000000e+000	1.253953e-002
2.930000e+002	1.000000e+000	1.000000e+000	5.000000e-001	4.000000e-001	4.000000e-001	3.548966e-003	9.994288e-005	0.000000e+000	1.253416e-002
2.940000e+002	1.000000e+000	1.000000e+000	5.000000e-001	4.000000e-001	4.000000e-001	3.563099e-003	9.998301e-005	0.000000e+000	1.252667e-002
2.950000e+002	1.000000e+000	1.000000e+000	5.000000e-001	4.000000e-001	4.000000e-001	1.386233e-003	1.041395e-005	0.000000e+000	4.399945e-002
2.960000e+002	1.000000e+000	1.000000e+000	5.000000e-001	4.000000e-001	4.000000e-001	3.578300e-003	9.989102e-005	0.000000e+000	1.255796e-002
2.970000e+002	1.000000e+000	1.000000e+000	5.000000e-001	4.000000e-001	4.000000e-001	3.520329e-003	9.995890e-005	0.000000e+000	1.252411e-002
2.980000e+002	1.000000e+000	1.000000e+000	5.000000e-001	4.000000e-001	4.000000e-001	1.507674e-003	4.181543e-005	0.000000e+000	3.178630e-002
2.990000e+002	1.000000e+000	1.000000e+000	5.000000e-001	4.000000e-001	4.000000e-001	3.493670e-003	9.895668e-005	0.000000e+000	1.279986e-002
3.000000e+002	1.000000e+000	1.000000e+000	5.000000e-001	4.000000e-001	4.000000e-001	3.467200e-003	9.998775e-005	0.000000e+000	1.251467e-002
3.010000e+002	1.000000e+000	1.000000e+000	5.000000e-001	4.000000e-001	4.000000e-001	3.367718e-003	9.995018e-005	0.000000e+000	1.255369e-002
3.020000e+002	1.000000e+000	1.000000e+000	5.000000e-001	4.000000e-001	4.000000e-001	3.542926e-003	9.997368e-005	0.000000e+000	1.252407e-002
3.030000e+002	1.000000e+000	1.000000e+000	5.000000e-001	4.000000e-001	4.000000e-001	1.651227e-003	9.949706e-005	0.000000e+000	2.639813e-002
3.040000e+002	1.000000e+000	1.000000e+000	5.000000e-001	4.000000e-001	4.000000e-001	3.503455e-003	9.996233e-005	0.000000e+000	1.252140e-002
3.050000e+002	1.000000e+000	1.000000e+000	5.000000e-001	4.000000e-001	4.000000e-001	2.656623e-003	7.622799e-005	0.000000e+000	1.958286e-002
3.060000e+002	1.000000e+000	1.000000e+000	5.000000e-001	4.000000e-001	4.000000e-001	3.497107e-003	9.997477e-005	0.000000e+000	1.251763e-002
3.070000e+002	1.000000e+000	1.000000e+000	5.000000e-001	4.000000e-001	4.000000e-001	3.421382e-003	9.998884e-005	0.000000e+000	1.252257e-002
3.080000e+002	1.000000e+000	1.000000e+000	5.000000e-001	4.000000e-001	4.000000e-001	2.213621e-003	6.608651e-005	0.000000e+000	2.290457e-002
3.090000e+002	1.000000e+000	1.000000e+000	5.000000e-001	4.000000e-001	4.000000e-001	3.579517e-003	9.984481e-005	0.000000e+000	1.257169e-002
3.100000e+002	1.000000e+000	1.000000e+000	5.000000e-001	4.000000e-001	4.000000e-001	3.507903e-003	9.999303e-005	0.000000e+000	1.251332e-002
3.110000e+002	1.000000e+000	1.000000e+000	5.000000e-001	4.000000e-001	4.000000e-001	2.874248e-003	6.259958e-005	0.000000e+000	2.538078e-002
3.120000e+002	1.000000e+000	1.000000e+000	5.000000e-001	4.000000e-001	4.000000e-001	3.555922e-003	9.992011e-005	0.000000e+000	1.254243e-002
3.130000e+002	1.000000e+000	1.000000e+000	5.000000e-001	4.000000e-001	4.000000e-001	1.195295e-003	2.421605e-005	0.000000e+000	3.881756e-002
3.140000e+002	1.000000e+000	1.000000e+000	5.000000e-001	4.000000e-001	4.000000e-001	3.547713e-003	9.998922e-005	0.000000e+000	1.252081e-002
3.150000e+002	1.000000e+000	1.000000e+000	5.000000e-001	4.000000e-001	4.000000e-001	2.543899e-003	9.549612e-005	0.000000e+000	1.552709e-002
3.160000e+002	1.000000e+000	1.000000e+000	5.000000e-001	4.000000e-001	4.000000e-001	3.540020e-003	9.999232e-005	0.000000e+000	1.251822e-002
3.170000e+002	1.000000e+000	1.000000e+000	5.000000e-001	4.000000e-001	4.000000e-001	1.791888e-003	2.516285e-005	0.000000e+000	3.880771e-002
3.180000e+002	1.000000e+000	1.000000e+000	5.000000e-001	4.000000e-001	4.000000e-001	3.560753e-003	9.991968e-005	0.000000e+000	1.254395e-002
3.190000e+002	1.000000e+000	1.000000e+000	5.000000e-001	4.000000e-001	4.000000e-001	3.293336e-003	6.782269e-005	0.000000e+000	2.431798e-002
3.200000e+002	1.000000e+000	1.000000e+000	5.000000e-001	4.000000e-001	4.000000e-001	3.559994e-003	9.995711e-005	0.000000e+000	1.253311e-002
3.210000e+002	1.000000e+000	1.000000e+000	5.000000e-001	4.000000e-001	4.000000e-001	3.547815e-003	9.999579e-005	0.000000e+000	1.251899e-002
3.220000e+002	1.000000e+000	1.000000e+000	5.000000e-001	4.000000e-001	4.000000e-001	2.265085e-003	4.636655e-005	0.000000e+000	3.073327e-002
3.230000e+002	1.000000e+000	1.000000e+000	5.000000e-001	4.000000e-001	4.000000e-001	3.513871e-003	9.946701e-005	0.000000e+000	1.266019e-002
3.240000e+002	1.000000e+000	1.000000e+000	5.000000e-001	4.000000e-001	4.000000e-001	7.498264e-004	4.768434e-005	0.000000e+000	5.127413e-002
3.250000e+002	1.000000e+000	1.000000e+000	5.000000e-001	4.000000e-001	4.000000e-001	3.547413e-003	9.994851e-005	0.000000e+000	1.253219e-002
3.260000e+002	1.000000e+000	1.000000e+000	5.000000e-001	4.000000e-001	4.000000e-001	4.062558e-004	8.247890e-005	0.000000e+000	9.948378e-002
3.270000e+002	1.000000e+000	1.000000e+000	5.000000e-001	4.000000e-001	4.000000e-001	3.529214e-003	9.995201e-005	0.000000e+000	1.252741e-002
3.280000e+002	1.000000e+000	1.000000e+000	5.000000e-001	4.000000e-001	4.000000e-001	3.448260e-003	9.997000e-005	0.000000e+000	1.252164e-002
3.290000e+002	1.000000e+000	1.000000e+000	5.000000e-001	4.000000e-001	4.000000e-001	3.529628e-003	9.999085e-005	0.000000e+000	1.251667e-002
3.300000e+002	1.000000e+000	1.000000e+000	5.000000e-001	4.000000e-001	4.000000e-001	1.913983e-003	4.022674e-005	0.000000e+000	3.234539e-002
3.310000e+002	1.000000e+000	1.000000e+000	5.000000e-001	4.000000e-001	4.000000e-001	3.507937e-003	9.998336e-005	0.000000e+000	1.251598e-002
3.320000e+002	1.000000e+000	1.000000e+000	5.000000e-001	4.000000e-001	4.000000e-001	3.486212e-003	9.998554e-005	0.000000e+000	1.251447e-002
3.330000e+002	1.000000e+000	1.000000e+000	5.000000e-001	4.000000e-001	4.000000e-001	2.377571e-003	2.472621e-005	0.000000e+000	4.229890e-002
3.340000e+002	1.000000e+000	1.000000e+000	5.000000e-001	4.000000e-001	4.000000e-001	3.518567e-003	9.997010e-005	0.000000e+000	1.252077e-002
3.350000e+002	1.000000e+000	1.000000e+000	5.000000e-001	4.000000e-001	4.000000e-001	3.585839e-003	9.999122e-005	0.000000e+000	1.253198e-002
3.360000e+002	1.000000e+000	1.000000e+000	5.000000e-001	4.000000e-001	4.000000e-001	3.462496e-003	9.998944e-005	0.000000e+000	1.251464e-002
3.370000e+002	1.000000e+000	1.000000e+000	5.000000e-001	4.000000e-001	4.000000e-001	3.389676e-003	9.998487e-005	0.000000e+000	1.253467e-002
3.380000e+002	1.000000e+000	1.000000e+000	5.000000e-001	4.000000e-001	4.000000e-001	3.502434e-003	9.999046e-005	0.000000e+000	1.251363e-002
3.390000e+002	1.000000e+000	1.000000e+000	5.000000e-001	4.000000e-001	4.000000e-001	3.036803e-003	2.019470e-005	0.000000e+000	4.852004e-002
3.400000e+002	1.000000e+000	1.000000e+000	5.000000e-001	4.000000e-001	4.000000e-001	3.514939e-003	9.996923e-005	0.000000e+000	1.252057e-002
3.410000e+002	1.000000e+000	1.000000e+000	5.000000e-001	4.000000e-001	4.000000e-001	1.569354e-003	2.451892e-005	0.000000e+000	3.823895e-002
3.420000e+002	1.000000e+000	1.000000e+000	5.000000e-001	4.000000e-001	4.000000e-001	3.498702e-003	9.997959e-005	0.000000e+000	1.251639e-002
3.430000e+002	1.000000e+000	1.000000e+000	5.000000e-001	4.000000e-001	4.000000e-001	3.470932e-003	9.999862e-005	0.000000e+000	1.251148e-002
3.440000e+002	1.000000e+000	1.000000e+000	5.000000e-001	4.000000e-001	4.000000e-001	2.227266e-003	4.830887e-005	0.000000e+000	2.973217e-002
3.450000e+002	1.000000e+000	1.000000e+000	5.000000e-001	4.000000e-001	4.000000e-001	3.522469e-003	9.972912e-005	0.000000e+000	1.258839e-002
3.460000e+002	1.000000e+000	1.000000e+000	5.000000e-001	4.000000e-001	4.000000e-001	6.651784e-004	6.662465e-005	0.000000e+000	6.161540e-002
3.470000e+002	1.000000e+000	1.000000e+000	5.000000e-001	4.000000e-001	4.000000e-001	3.519897e-003	9.985096e-005	0.000000e+000	1.255399e-002
3.480000e+002	1.000000e+000	1.000000e+000	5.000000e-001	4.000000e-001	4.000000e-001	1.096573e-003	7.484561e-005	0.000000e+000	3.820718e-002
3.490000e+002	1.000000e+000	1.000000e+000	5.000000e-001	4.000000e-001	4.000000e-001	3.525482e-003	9.992110e-005	0.000000e+000	1.253538e-002
3.500000e+002	1.000000e+000	1.000000e+000	5.000000e-001	4.000000e-001	4.000000e-001	3.641977e-003	1.924797e-005	0.000000e+000	5.195892e-002
3.510000e+002	1.000000e+000	1.000000e+000	5.000000e-001	4.000000e-001	4.000000e-001	3.528275e-003	9.995617e-005	0.000000e+000	1.252609e-002
3.520000e+002	1.000000e+000	1.000000e+000	5.000000e-001	4.000000e-001	4.000000e-001	1.305367e-003	5.615093e-005	0.000000e+000	3.133250e-002
3.530000e+002	1.000000e+000	1.000000e+000	5.000000e-001	4.000000e-001	4.000000e-001	3.564082e-003	9.998590e-005	0.000000e+000	1.252614e-002
3.540000e+002	1.000000e+000	1.000000e+000	5.000000e-001	4.000000e-001	4.000000e-001	3.442824e-003	9.999747e-005	0.000000e+000	1.251534e-002
3.550000e+002	1.000000e+000	1.000000e+000	5.000000e-001	4.000000e-001	4.000000e-001	3.514320e-003	9.998668e-005	0.000000e+000	1.251569e-002
3.560000e+002	1.000000e+000	1.000000e+000	5.000000e-001	4.000000e-001	4.000000e-001	3.460698e-003	9.999477e-005	0.000000e+000	1.251341e-002
3.570000e+002	1.000000e+000	1.000000e+000	5.000000e-001	4.000000e-001	4.000000e-001	3.504358e-003	1.347075e-005	0.000000e+000	5.474992e-002
3.580000e+002	1.000000e+000	1.000000e+000	5.000000e-001	4.000000e-001	4.000000e-001	3.476013e-003	9.999112e-005	0.000000e+000	1.251321e-002
3.590000e+002	1.000000e+000	1.000000e+000	5.000000e-001	4.000000e-001	4.000000e-001	9.483491e-004	9.546460e-005	0.000000e+000	4.909593e-002
3.600000e+002	1.000000e+000	1.000000e+000	5.000000e-001	4.000000e-001	4.000000e-001	3.514948e-003	9.999130e-005	0.000000e+000	1.251449e-002
3.610000e+002	1.000000e+000	1.000000e+000	5.000000e-001	4.000000e-001	4.000000e-001	3.431997e-003	9.999843e-005	0.000000e+000	1.251736e-002
3.620000e+002	1.000000e+000	1.000000e+000	5.000000e-001	4.000000e-001	4.000000e-001	3.494211e-003	9.999308e-005	0.000000e+000	1.251253e-002
3.630000e+002	1.000000e+000	1.000000e+000	5.000000e-001	4.000000e-001	4.000000e-001	1.442038e-003	5.454469e-005	0.000000e+000	2.945426e-002
3.640000e+002	1.000000e+000	1.000000e+000	5.000000e-001	4.000000e-001	4.000000e-001	3.502764e-003	9.997507e-005	0.000000e+000	1.251786e-002
3.650000e+002	1.000000e+000	1.000000e+000	5.000000e-001	4.000000e-001	4.000000e-001	4.780800e-004	3.979860e-005	0.000000e+000	7.593210e-002
3.660000e+002	1.000000e+000	1.000000e+000	5.000000e-001	4.000000e-001	4.000000e-001	3.493982e-003	9.998315e-005	0.000000e+000	1.251523e-002
3.670000e+002	1.000000e+000	1.000000e+000	5.000000e-001	4.000000e-001	4.000000e-001	3.493948e-003	9.999283e-005	0.000000e+000	1.251260e-002
3.680000e+002	1.000000e+000	1.000000e+000	5.000000e-001	4.000000e-001	4.000000e-001	3.539356e-003	9.999642e-005	0.000000e+000	1.251694e-002
3.690000e+002	1.000000e+000	1.000000e+000	5.000000e-001	4.000000e-001	4.000000e-001	3.481711e-003	9.999118e-005	0.000000e+000	1.251300e-002
3.700000e+002	1.000000e+000	1.000000e+000	5.000000e-001	4.000000e-001	4.000000e-001	3.400449e-003	9.998198e-005	0.000000e+000	1.253114e-002
3.710000e+002	1.000000e+000	1.000000e+000	5.000000e-001	4.000000e-001	4.000000e-001	9.593321e-004	3.527161e-005	0.000000e+000	4.088732e-002
3.720000e+002	1.000000e+000	1.000000e+000	5.000000e-001	4.000000e-001	4.000000e-001	3.526700e-003	9.997464e-005	0.000000e+000	1.252070e-002
3.730000e+002	1.000000e+000	1.000000e+000	5.000000e-001	4.000000e-001	4.000000e-001	3.421819e-003	9.998242e-005	0.000000e+000	1.252412e-002
3.740000e+002	1.000000e+000	1.000000e+000	5.000000e-001	4.000000e-001	4.000000e-001	3.516316e-003	9.999244e-005	0.000000e+000	1.251433e-002
3.750000e+002	1.000000e+000	1.000000e+000	5.000000e-001	4.000000e-001	4.000000e-001	3.340473e-003	7.986729e-005	0.000000e+000	1.924996e-002
3.760000e+002	1.000000e+000	1.000000e+000	5.000000e-001	4.000000e-001	4.000000e-001	3.505758e-003	9.998187e-005	0.000000e+000	1.251621e-002
3.770000e+002	1.000000e+000	1.000000e+000	5.000000e-001	4.000000e-001	4.000000e-001	3.551550e-003	9.999515e-005	0.000000e+000	1.252008e-002
3.780000e+002	1.000000e+000	1.000000e+000	5.000000e-001	4.000000e-001	4.000000e-001	3.488288e-003	9.998960e-005	0.000000e+000	1.251338e-002
3.790000e+002	1.000000e+000	1.000000e+000	5.000000e-001	4.000000e-001	4.000000e-001	3.474405e-003	9.998761e-005	0.000000e+000	1.251423e-002
3.800000e+002	1.000000e+000	1.000000e+000	5.000000e-001	4.000000e-001	4.000000e-001	1.919225e-003	9.341347e-005	0.000000e+000	2.126043e-002
3.810000e+002	1.000000e+000	1.000000e+000	5.000000e-001	4.000000e-001	4.000000e-001	3.477008e-003	9.999086e-005	0.000000e+000	1.251323e-002
3.820000e+002	1.000000e+000	1.000000e+000	5.000000e-001	4.000000e-001	4.000000e-001	9.845104e-004	8.077890e-005	0.000000e+000	4.404852e-002
3.830000e+002	1.000000e+000	1.000000e+000	5.000000e-001	4.000000e-001	4.000000e-001	3.482305e-003	9.999225e-005	0.000000e+000	1.251270e-002
3.840000e+002	1.000000e+000	1.000000e+000	5.000000e-001	4.000000e-001	4.000000e-001	3.756462e-004	9.045612e-005	0.000000e+000	1.078027e-001
3.850000e+002	1.000000e+000	1.000000e+000	5.000000e-001	4.000000e-001	4.000000e-001	3.497593e-003	9.998277e-005	0.000000e+000	1.251547e-002
3.860000e+002	1.000000e+000	1.000000e+000	5.000000e-001	4.000000e-001	4.000000e-001	3.471526e-003	9.999968e-005	0.000000e+000	1.251115e-002
3.870000e+002	1.000000e+000	1.000000e+000	5.000000e-001	4.000000e-001	4.000000e-001	1.754174e-003	6.792993e-005	0.000000e+000	2.435191e-002
3.880000e+002	1.000000e+000	1.000000e+000	5.000000e-001	4.000000e-001	4.000000e-001	3.476767e-003	9.999570e-005	0.000000e+000	1.251194e-002
3.890000e+002	1.000000e+000	1.000000e+000	5.000000e-001	4.000000e-001	4.000000e-001	3.587743e-003	9.999425e-005	0.000000e+000	1.253183e-002
3.900000e+002	1.000000e+000	1.000000e+000	5.000000e-001	4.000000e-001	4.000000e-001	3.447273e-003	9.998505e-005	0.000000e+000	1.251783e-002
3.910000e+002	1.000000e+000	1.000000e+000	5.000000e-001	4.000000e-001	4.000000e-001	2.651027e-003	6.558283e-005	0.000000e+000	2.350817e-002
3.920000e+002	1.000000e+000	1.000000e+000	5.000000e-001	4.000000e-001	4.000000e-001	3.489547e-003	9.998763e-005	0.000000e+000	1.251392e-002
3.930000e+002	1.000000e+000	1.000000e+000	5.000000e-001	4.000000e-001	4.000000e-001	4.339642e-004	2.930770e-005	0.000000e+000	8.033636e-002
3.940000e+002	1.000000e+000	1.000000e+000	5.000000e-001	4.000000e-001	4.000000e-001	3.462364e-003	9.998949e-005	0.000000e+000	1.251464e-002
3.950000e+002	1.000000e+000	1.000000e+000	5.000000e-001	4.000000e-001	4.000000e-001	2.660643e-003	1.521374e-005	0.000000e+000	4.930790e-002
3.960000e+002	1.000000e+000	1.000000e+000	5.000000e-001	4.000000e-001	4.000000e-001	3.483501e-003	9.999078e-005	0.000000e+000	1.251308e-002
3.970000e+002	1.000000e+000	1.000000e+000	5.000000e-001	4.000000e-001	4.000000e-001	3.509526e-003	9.998943e-005	0.000000e+000	1.251445e-002
3.980000e+002	1.000000e+000	1.000000e+000	5.000000e-001	4.000000e-001	4.000000e-001	3.472905e-003	9.999344e-005	0.000000e+000	1.251274e-002
3.990000e+002	1.000000e+000	1.000000e+000	5.000000e-001	4.000000e-001	4.000000e-001	3.499418e-003	9.999540e-005	0.000000e+000	1.251211e-002
4.000000e+002	1.000000e+000	1.000000e+000	5.000000e-001	4.000000e-001	4.000000e-001	3.485463e-003	9.999520e-005	0.000000e+000	1.251186e-002
4.010000e+002	1.000000e+000	1.000000e+000	5.000000e-001	4.000000e-001	4.000000e-001	1.612975e-003	2.308572e-005	0.000000e+000	3.902300e-002
4.020000e+002	1.000000e+000	1.000000e+000	5.000000e-001	4.000000e-001	4.000000e-001	3.497732e-003	9.998794e-005	0.000000e+000	1.251406e-002
4.030000e+002	1.000000e+000	1.000000e+000	5.000000e-001	4.000000e-001	4.000000e-001	3.490932e-003	9.999777e-005	0.000000e+000	1.251119e-002
4.040000e+002	1.000000e+000	1.000000e+000	5.000000e-001	4.000000e-001	4.000000e-001	3.480156e-003	7.643236e-005	0.000000e+000	2.102841e-002
4.050000e+002	1.000000e+000	1.000000e+000	5.000000e-001	4.000000e-001	4.000000e-001	3.496453e-003	9.999226e-005	0.000000e+000	1.251283e-002
4.060000e+002	1.000000e+000	1.000000e+000	5.000000e-001	4.000000e-001	4.000000e-001	1.072953e-003	9.361449e-005	0.000000e+000	4.267644e-002
4.070000e+002	1.000000e+000	1.000000e+000	5.000000e-001	4.000000e-001	4.000000e-001	3.483185e-003	9.999358e-005	0.000000e+000	1.251233e-002
4.080000e+002	1.000000e+000	1.000000e+000	5.000000e-001	4.000000e-001	4.000000e-001	3.229680e-003	3.844486e-005	0.000000e+000	3.906150e-002
4.090000e+002	1.000000e+000	1.000000e+000	5.000000e-001	4.000000e-001	4.000000e-001	3.480840e-003	9.999551e-005	0.000000e+000	1.251185e-002
4.100000e+002	1.000000e+000	1.000000e+000	5.000000e-001	4.000000e-001	4.000000e-001	3.764977e-003	2.532500e-005	0.000000e+000	4.889948e-002
4.110000e+002	1.000000e+000	1.000000e+000	5.000000e-001	4.000000e-001	4.000000e-001	3.472616e-003	9.999294e-005	0.000000e+000	1.251290e-002
4.120000e+002	1.000000e+000	1.000000e+000	5.000000e-001	4.000000e-001	4.000000e-001	2.443063e-003	4.607253e-005	0.000000e+000	3.155204e-002
4.130000e+002	1.000000e+000	1.000000e+000	5.000000e-001	4.000000e-001	4.000000e-001	3.486353e-003	9.999526e-005	0.000000e+000	1.251184e-002
4.140000e+002	1.000000e+000	1.000000e+000	5.000000e-001	4.000000e-001	4.000000e-001	1.531821e-004	2.689253e-005	0.000000e+000	1.677371e-001
4.150000e+002	1.000000e+000	1.000000e+000	5.000000e-001	4.000000e-001	4.000000e-001	3.475778e-003	9.999520e-005	0.000000e+000	1.251212e-002
4.160000e+002	1.000000e+000	1.000000e+000	5.000000e-001	4.000000e-001	4.000000e-001	3.578610e-003	1.229797e-005	0.000000e+000	5.578286e-002
4.170000e+002	1.000000e+000	1.000000e+000	5.000000e-001	4.000000e-001	4.000000e-001	3.490721e-003	9.998975e-005	0.000000e+000	1.251336e-002
4.180000e+002	1.000000e+000	1.000000e+000	5.000000e-001	4.000000e-001	4.000000e-001	3.132094e-003	7.950139e-005	0.000000e+000	1.897285e-002
4.190000e+002	1.000000e+000	1.000000e+000	5.000000e-001	4.000000e-001	4.000000e-001	3.478377e-003	9.999509e-005	0.000000e+000	1.251204e-002
4.200000e+002	1.000000e+000	1.000000e+000	5.000000e-001	4.000000e-001	4.000000e-001	2.401914e-003	1.602951e-005	0.000000e+000	4.727169e-002
4.210000e+002	1.000000e+000	1.000000e+000	5.000000e-001	4.000000e-001	4.000000e-001	3.487285e-003	9.999324e-005	0.000000e+000	1.251239e-002
4.220000e+002	1.000000e+000	1.000000e+000	5.000000e-001	4.000000e-001	4.000000e-001	2.531644e-003	2.264405e-005	0.000000e+000	4.434529e-002
4.230000e+002	1.000000e+000	1.000000e+000	5.000000e-001	4.000000e-001	4.000000e-001	3.479932e-003	9.999393e-005	0.000000e+000	1.251231e-002
4.240000e+002	1.000000e+000	1.000000e+000	5.000000e-001	4.000000e-001	4.000000e-001	3.489322e-003	9.999839e-005	0.000000e+000	1.251100e-002
4.250000e+002	1.000000e+000	1.000000e+000	5.000000e-001	4.000000e-001	4.000000e-001	3.898599e-003	1.116626e-005	0.000000e+000	5.784835e-002
4.260000e+002	1.000000e+000	1.000000e+000	5.000000e-001	4.000000e-001	4.000000e-001	3.490814e-003	9.999464e-005	0.000000e+000	1.251204e-002
4.270000e+002	1.000000e+000	1.000000e+000	5.000000e-001	4.000000e-001	4.000000e-001	3.462329e-003	9.999785e-005	0.000000e+000	1.251242e-002
4.280000e+002	1.000000e+000	1.000000e+000	5.000000e-001	4.000000e-001	4.000000e-001	3.490145e-003	9.999601e-005	0.000000e+000	1.251165e-002
4.290000e+002	1.000000e+000	1.000000e+000	5.000000e-001	4.000000e-001	4.000000e-001	3.470264e-003	9.999999e-005	0.000000e+000	1.251116e-002
4.300000e+002	1.000000e+000	1.000000e+000	5.000000e-001	4.000000e-001	4.000000e-001	3.462909e-003	4.727799e-005	0.000000e+000	3.522095e-002
4.310000e+002	1.000000e+000	1.000000e+000	5.000000e-001	4.000000e-001	4.000000e-001	3.473803e-003	9.999508e-005	0.000000e+000	1.251225e-002
4.320000e+002	1.000000e+000	1.000000e+000	5.000000e-001	4.000000e-001	4.000000e-001	2.585887e-003	9.092718e-005	0.000000e+000	1.595571e-002
4.330000e+002	1.000000e+000	1.000000e+000	5.000000e-001	4.000000e-001	4.000000e-001	3.472200e-003	9.999719e-005	0.000000e+000	1.251178e-002
4.340000e+002	1.000000e+000	1.000000e+000	5.000000e-001	4.000000e-001	4.000000e-001	3.508053e-003	9.999897e-005	0.000000e+000	1.251170e-002
4.350000e+002	1.000000e+000	1.000000e+000	5.000000e-001	4.000000e-001	4.000000e-001	2.433936e-003	1.624133e-005	0.000000e+000	4.735221e-002
4.360000e+002	1.000000e+000	1.000000e+000	5.000000e-001	4.000000e-001	4.000000e-001	3.487795e-003	9.999664e-005	0.000000e+000	1.251147e-002
4.370000e+002	1.000000e+000	1.000000e+000	5.000000e-001	4.000000e-001	4.000000e-001	3.492459e-003	9.999952e-005	0.000000e+000	1.251074e-002
4.380000e+002	1.000000e+000	1.000000e+000	5.000000e-001	4.000000e-001	4.000000e-001	4.928575e-004	1.127374e-005	0.000000e+000	7.031633e-002
4.390000e+002	1.000000e+000	1.000000e+000	5.000000e-001	4.000000e-001	4.000000e-001	3.490911e-003	9.999836e-005	0.000000e+000	1.251103e-002
4.400000e+002	1.000000e+000	1.000000e+000	5.000000e-001	4.000000e-001	4.000000e-001	3.473727e-003	9.999894e-005	0.000000e+000	1.251122e-002
4.410000e+002	1.000000e+000	1.000000e+000	5.000000e-001	4.000000e-001	4.000000e-001	1.114267e-003	9.718704e-005	0.000000e+000	4.169074e-002
4.420000e+002	1.000000e+000	1.000000e+000	5.000000e-001	4.000000e-001	4.000000e-001	3.478791e-003	9.999721e-005	0.000000e+000	1.251146e-002
4.430000e+002	1.000000e+000	1.000000e+000	5.000000e-001	4.000000e-001	4.000000e-001	8.285612e-004	7.526182e-005	0.000000e+000	5.144619e-002
4.440000e+002	1.000000e+000	1.000000e+000	5.000000e-001	4.000000e-001	4.000000e-001	3.473998e-003	9.999743e-005	0.000000e+000	1.251161e-002
4.450000e+002	1.000000e+000	1.000000e+000	5.000000e-001	4.000000e-001	4.000000e-001	1.551600e-003	6.882118e-005	0.000000e+000	2.656061e-002
4.460000e+002	1.000000e+000	1.000000e+000	5.000000e-001	4.000000e-001	4.000000e-001	3.481222e-003	9.999584e-005	0.000000e+000	1.251175e-002
4.470000e+002	1.000000e+000	1.000000e+000	5.000000e-001	4.000000e-001	4.000000e-001	3.479385e-003	9.999827e-005	0.000000e+000	1.251115e-002
4.480000e+002	1.000000e+000	1.000000e+000	5.000000e-001	4.000000e-001	4.000000e-001	3.484178e-003	9.999805e-005	0.000000e+000	1.251110e-002
4.490000e+002	1.000000e+000	1.000000e+000	5.000000e-001	4.000000e-001	4.000000e-001	2.218172e-003	3.110214e-005	0.000000e+000	3.800922e-002
4.500000e+002	1.000000e+000	1.000000e+000	5.000000e-001	4.000000e-001	4.000000e-001	3.537701e-003	9.988887e-005	0.000000e+000	1.254671e-002
4.510000e+002	1.000000e+000	1.000000e+000	5.000000e-001	4.000000e-001	4.000000e-001	1.657136e-003	5.114579e-005	0.000000e+000	2.850310e-002
4.520000e+002	1.000000e+000	1.000000e+000	5.000000e-001	4.000000e-001	4.000000e-001	3.475665e-003	9.999648e-005	0.000000e+000	1.251178e-002
4.530000e+002	1.000000e+000	1.000000e+000	5.000000e-001	4.000000e-001	4.000000e-001	3.484744e-003	9.999953e-005	0.000000e+000	1.251070e-002
4.540000e+002	1.000000e+000	1.000000e+000	5.000000e-001	4.000000e-001	4.000000e-001	3.582659e-003	5.285939e-005	0.000000e+000	3.272025e-002
4.550000e+002	1.000000e+000	1.000000e+000	5.000000e-001	4.000000e-001	4.000000e-001	3.479172e-003	9.999764e-005	0.000000e+000	1.251133e-002
4.560000e+002	1.000000e+000	1.000000e+000	5.000000e-001	4.000000e-001	4.000000e-001	2.695975e-003	3.891615e-005	0.000000e+000	3.632215e-002
4.570000e+002	1.000000e+000	1.000000e+000	5.000000e-001	4.000000e-001	4.000000e-001	3.478338e-003	9.999870e-005	0.000000e+000	1.251107e-002
4.580000e+002	1.000000e+000	1.000000e+000	5.000000e-001	4.000000e-001	4.000000e-001	3.490402e-003	9.999886e-005	0.000000e+000	1.251088e-002
4.590000e+002	1.000000e+000	1.000000e+000	5.000000e-001	4.000000e-001	4.000000e-001	2.429144e-003	4.734753e-005	0.000000e+000	3.088670e-002
4.600000e+002	1.000000e+000	1.000000e+000	5.000000e-001	4.000000e-001	4.000000e-001	3.483479e-003	9.999873e-005	0.000000e+000	1.251093e-002
4.610000e+002	1.000000e+000	1.000000e+000	5.000000e-001	4.000000e-001	4.000000e-001	3.491667e-003	9.999966e-005	0.000000e+000	1.251069e-002
4.620000e+002	1.000000e+000	1.000000e+000	5.000000e-001	4.000000e-001	4.000000e-001	2.660392e-003	9.782499e-005	0.000000e+000	1.467952e-002
4.630000e+002	1.000000e+000	1.000000e+000	5.000000e-001	4.000000e-001	4.000000e-001	3.484714e-003	9.999772e-005	0.000000e+000	1.251119e-002
4.640000e+002	1.000000e+000	1.000000e+000	5.000000e-001	4.000000e-001	4.000000e-001	2.347003e-003	4.884062e-005	0.000000e+000	2.988782e-002
4.650000e+002	1.000000e+000	1.000000e+000	5.000000e-001	4.000000e-001	4.000000e-001	3.489559e-003	9.999898e-005	0.000000e+000	1.251084e-002
4.660000e+002	1.000000e+000	1.000000e+000	5.000000e-001	4.000000e-001	4.000000e-001	1.725850e-003	6.236509e-005	0.000000e+000	2.550984e-002
4.670000e+002	1.000000e+000	1.000000e+000	5.000000e-001	4.000000e-001	4.000000e-001	3.480392e-003	9.999840e-005	0.000000e+000	1.251108e-002
4.680000e+002	1.000000e+000	1.000000e+000	5.000000e-001	4.000000e-001	4.000000e-001	3.501324e-003	9.999824e-005	0.000000e+000	1.251143e-002
4.690000e+002	1.000000e+000	1.000000e+000	5.000000e-001	4.000000e-001	4.000000e-001	3.478976e-003	9.999932e-005	0.000000e+000	1.251088e-002
4.700000e+002	1.000000e+000	1.000000e+000	5.000000e-001	4.000000e-001	4.000000e-001	2.146158e-003	9.008810e-005	0.000000e+000	1.873155e-002
4.710000e+002	1.000000e+000	1.000000e+000	5.000000e-001	4.000000e-001	4.000000e-001	3.482824e-003	9.999667e-005	0.000000e+000	1.251150e-002
4.720000e+002	1.000000e+000	1.000000e+000	5.000000e-001	4.000000e-001	4.000000e-001	2.147562e-003	9.465877e-005	0.000000e+000	1.859850e-002
4.730000e+002	1.000000e+000	1.000000e+000	5.000000e-001	4.000000e-001	4.000000e-001	3.483055e-003	9.999891e-005	0.000000e+000	1.251089e-002
4.740000e+002	1.000000e+000	1.000000e+000	5.000000e-001	4.000000e-001	4.000000e-001	6.993311e-004	8.287679e-005	0.000000e+000	6.275274e-002
4.750000e+002	1.000000e+000	1.000000e+000	5.000000e-001	4.000000e-001	4.000000e-001	3.482028e-003	9.999906e-005	0.000000e+000	1.251087e-002
4.760000e+002	1.000000e+000	1.000000e+000	5.000000e-001	4.000000e-001	4.000000e-001	3.457178e-003	7.450006e-005	0.000000e+000	2.180677e-002
4.770000e+002	1.000000e+000	1.000000e+000	5.000000e-001	4.000000e-001	4.000000e-001	3.488448e-003	9.999712e-005	0.000000e+000	1.251134e-002
4.780000e+002	1.000000e+000	1.000000e+000	5.000000e-001	4.000000e-001	4.000000e-001	3.900695e-004	1.455453e-005	0.000000e+000	8.573068e-002
4.790000e+002	1.000000e+000	1.000000e+000	5.000000e-001	4.000000e-001	4.000000e-001	3.512225e-003	9.994355e-005	0.000000e+000	1.252735e-002
4.800000e+002	1.000000e+000	1.000000e+000	5.000000e-001	4.000000e-001	4.000000e-001	3.503236e-003	9.999645e-005	0.000000e+000	1.251204e-002
4.810000e+002	1.000000e+000	1.000000e+000	5.000000e-001	4.000000e-001	4.000000e-001	3.478507e-003	9.999911e-005	0.000000e+000	1.251096e-002
4.820000e+002	1.000000e+000	1.000000e+000	5.000000e-001	4.000000e-001	4.000000e-001	2.499413e-003	3.167232e-005	0.000000e+000	3.920216e-002
4.830000e+002	1.000000e+000	1.000000e+000	5.000000e-001	4.000000e-001	4.000000e-001	3.486181e-003	9.999793e-005	0.000000e+000	1.251112e-002
4.840000e+002	1.000000e+000	1.000000e+000	5.000000e-001	4.000000e-001	4.000000e-001	3.476503e-003	9.999923e-005	0.000000e+000	1.251100e-002
4.850000e+002	1.000000e+000	1.000000e+000	5.000000e-001	4.000000e-001	4.000000e-001	3.312406e-003	8.396633e-005	0.000000e+000	1.759882e-002
4.860000e+002	1.000000e+000	1.000000e+000	5.000000e-001	4.000000e-001	4.000000e-001	3.487604e-003	9.999837e-005	0.000000e+000	1.251100e-002
4.870000e+002	1.000000e+000	1.000000e+000	5.000000e-001	4.000000e-001	4.000000e-001	2.738721e-003	5.797294e-005	0.000000e+000	2.704210e-002
4.880000e+002	1.000000e+000	1.000000e+000	5.000000e-001	4.000000e-001	4.000000e-001	3.489109e-003	9.999884e-005	0.000000e+000	1.251087e-002
4.890000e+002	1.000000e+000	1.000000e+000	5.000000e-001	4.000000e-001	4.000000e-001	3.490374e-003	9.999964e-005	0.000000e+000	1.251067e-002
4.900000e+002	1.000000e+000	1.000000e+000	5.000000e-001	4.000000e-001	4.000000e-001	1.457019e-003	1.522167e-005	0.000000e+000	4.205074e-002
4.910000e+002	1.000000e+000	1.000000e+000	5.000000e-001	4.000000e-001	4.000000e-001	3.490065e-003	9.999925e-005	0.000000e+000	1.251077e-002
4.920000e+002	1.000000e+000	1.000000e+000	5.000000e-001	4.000000e-001	4.000000e-001	3.335648e-003	9.855329e-005	0.000000e+000	1.292305e-002
4.930000e+002	1.000000e+000	1.000000e+000	5.000000e-001	4.000000e-001	4.000000e-001	3.490543e-003	9.999945e-005	0.000000e+000	1.251073e-002
4.940000e+002	1.000000e+000	1.000000e+000	5.000000e-001	4.000000e-001	4.000000e-001	3.491296e-003	9.999922e-005	0.000000e+000	1.251080e-002
4.950000e+002	1.000000e+000	1.000000e+000	5.000000e-001	4.000000e-001	4.000000e-001	3.494012e-003	9.999969e-005	0.000000e+000	1.251073e-002
4.960000e+002	1.000000e+000	1.000000e+000	5.000000e-001	4.000000e-001	4.000000e-001	3.326953e-003	5.616569e-005	0.000000e+000	3.005417e-002
4.970000e+002	1.000000e+000	1.000000e+000	5.000000e-001	4.000000e-001	4.000000e-001	3.486101e-003	9.999814e-005	0.000000e+000	1.251106e-002
4.980000e+002	1.000000e+000	1.000000e+000	5.000000e-001	4.000000e-001	4.000000e-001	3.327411e-003	5.383327e-005	0.000000e+000	3.124255e-002
4.990000e+002	1.000000e+000	1.000000e+000	5.000000e-001	4.000000e-001	4.000000e-001	3.490337e-003	9.999941e-005	0.000000e+000	1.251073e-002
5.000000e+002	1.000000e+000	1.000000e+000	5.000000e-001	4.000000e-001	4.000000e-001	2.824581e-003	5.908906e-005	0.000000e+000	2.681602e-002
5.010000e+002	1.000000e+000	1.000000e+000	5.000000e-001	4.000000e-001	4.000000e-001	3.486821e-003	9.999881e-005	0.000000e+000	1.251088e-002
5.020000e+002	1.000000e+000	1.000000e+000	5.000000e-001	4.000000e-001	4.000000e-001	3.492928e-003	9.999974e-005	0.000000e+000	1.251069e-002
5.030000e+002	1.000000e+000	1.000000e+000	5.000000e-001	4.000000e-001	4.000000e-001	2.425617e-003	2.960827e-005	0.000000e+000	3.991716e-002
5.040000e+002	1.000000e+000	1.000000e+000	5.000000e-001	4.000000e-001	4.000000e-001	3.488436e-003	9.999884e-005	0.000000e+000	1.251087e-002
5.050000e+002	1.000000e+000	1.000000e+000	5.000000e-001	4.000000e-001	4.000000e-001	3.502388e-003	9.999926e-005	0.000000e+000	1.251122e-002
5.060000e+002	1.000000e+000	1.000000e+000	5.000000e-001	4.000000e-001	4.000000e-001	3.484829e-003	9.999931e-005	0.000000e+000	1.251076e-002
5.070000e+002	1.000000e+000	1.000000e+000	5.000000e-001	4.000000e-001	4.000000e-001	3.500558e-003	9.999995e-005	0.000000e+000	1.251092e-002
5.080000e+002	1.000000e+000	1.000000e+000	5.000000e-001	4.000000e-001	4.000000e-001	3.488761e-003	9.999947e-005	0.000000e+000	1.251070e-002
5.090000e+002	1.000000e+000	1.000000e+000	5.000000e-001	4.000000e-001	4.000000e-001	1.920597e-003	8.538149e-005	0.000000e+000	2.116855e-002
5.100000e+002	1.000000e+000	1.000000e+000	5.000000e-001	4.000000e-001	4.000000e-001	3.489640e-003	9.999922e-005	0.000000e+000	1.251078e-002
5.110000e+002	1.000000e+000	1.000000e+000	5.000000e-001	4.000000e-001	4.000000e-001	3.347587e-003	4.914448e-005	0.000000e+000	3.376344e-002
5.120000e+002	1.000000e+000	1.000000e+000	5.000000e-001	4.000000e-001	4.000000e-001	3.485307e-003	9.999925e-005	0.000000e+000	1.251077e-002
5.130000e+002	1.000000e+000	1.000000e+000	5.000000e-001	4.000000e-001	4.000000e-001	2.794438e-003	6.811063e-005	0.000000e+000	2.279810e-002
5.140000e+002	1.000000e+000	1.000000e+000	5.000000e-001	4.000000e-001	4.000000e-001	3.488750e-003	9.999946e-005	0.000000e+000	1.251071e-002
5.150000e+002	1.000000e+000	1.000000e+000	5.000000e-001	4.000000e-001	4.000000e-001	3.485112e-003	9.999941e-005	0.000000e+000	1.251072e-002
5.160000e+002	1.000000e+000	1.000000e+000	5.000000e-001	4.000000e-001	4.000000e-001	3.486368e-003	9.999972e-005	0.000000e+000	1.251063e-002
5.170000e+002	1.000000e+000	1.000000e+000	5.000000e-001	4.000000e-001	4.000000e-001	2.693098e-003	9.296073e-005	0.000000e+000	1.522923e-002
5.180000e+002	1.000000e+000	1.000000e+000	5.000000e-001	4.000000e-001	4.000000e-001	3.489006e-003	9.999945e-005	0.000000e+000	1.251071e-002
5.190000e+002	1.000000e+000	1.000000e+000	5.000000e-001	4.000000e-001	4.000000e-001	3.490092e-003	9.999971e-005	0.000000e+000	1.251065e-002
5.200000e+002	1.000000e+000	1.000000e+000	5.000000e-001	4.000000e-001	4.000000e-001	3.492998e-003	9.999990e-005	0.000000e+000	1.251065e-002
5.210000e+002	1.000000e+000	1.000000e+000	5.000000e-001	4.000000e-001	4.000000e-001	3.491422e-003	9.999996e-005	0.000000e+000	1.251060e-002
5.220000e+002	1.000000e+000	1.000000e+000	5.000000e-001	4.000000e-001	4.000000e-001	2.758331e-003	1.400360e-005	0.000000e+000	5.057176e-002
5.230000e+002	1.000000e+000	1.000000e+000	5.000000e-001	4.000000e-001	4.000000e-001	3.489906e-003	9.999893e-005	0.000000e+000	1.251086e-002
5.240000e+002	1.000000e+000	1.000000e+000	5.000000e-001	4.000000e-001	4.000000e-001	1.565922e-004	8.952021e-005	0.000000e+000	1.820507e-001
5.250000e+002	1.000000e+000	1.000000e+000	5.000000e-001	4.000000e-001	4.000000e-001	3.490158e-003	9.999941e-005	0.000000e+000	1.251073e-002
5.260000e+002	1.000000e+000	1.000000e+000	5.000000e-001	4.000000e-001	4.000000e-001	3.604302e-003	7.708935e-005	0.000000e+000	2.107904e-002
5.270000e+002	1.000000e+000	1.000000e+000	5.000000e-001	4.000000e-001	4.000000e-001	3.502459e-003	9.997159e-005	0.000000e+000	1.251879e-002
5.280000e+002	1.000000e+000	1.000000e+000	5.000000e-001	4.000000e-001	4.000000e-001	3.491012e-003	9.999966e-005	0.000000e+000	1.251067e-002
5.290000e+002	1.000000e+000	1.000000e+000	5.000000e-001	4.000000e-001	4.000000e-001	3.493397e-003	9.999995e-005	0.000000e+000	1.251064e-002
5.300000e+002	1.000000e+000	1.000000e+000	5.000000e-001	4.000000e-001	4.000000e-001	3.491481e-003	9.999988e-005	0.000000e+000	1.251062e-002
5.310000e+002	1.000000e+000	1.000000e+000	5.000000e-001	4.000000e-001	4.000000e-001	1.497506e-003	5.825792e-005	0.000000e+000	2.827648e-002
5.320000e+002	1.000000e+000	1.000000e+000	5.000000e-001	4.000000e-001	4.000000e-001	3.491725e-003	9.999979e-005	0.000000e+000	1.251065e-002
