TIME          	MC CONC       	STS CONC      	HTS CONC      	SED CONC      	ADV dm/dt     	DISP dm/dt    	DECAY dm/dt   	SORPTION dm/dt	STORAGE dm/dt 	MC dm/dt      	STS dm/dt     	HTS dm/dt     
(hr)          	[M/L³]          	[M/L³]          	[M/L³]          	[M/L³]          	([M/L³])·([L]²/s)  	([M/L³])·([L]²/s)  	([M/L³])·([L]²/s)  	([M/L³])·([L]²/s)  	([M/L³])·([L]²/s)  	([M/L³])·([L]²/s)  	([M/L³])·([L]²/s)  	([M/L³])·([L]²/s)  
0.000000e+000	0.000000e+000	0.000000e+000	0.000000e+000	0.000000e+000	0.000000e+000	0.000000e+000	0.000000e+000	0.000000e+000	0.000000e+000	0.000000e+000	0.000000e+000	0.000000e+000
1.000000e-001	0.000000e+000	0.000000e+000	0.000000e+000	1.000000e+000	0.000000e+000	0.000000e+000	0.000000e+000	0.000000e+000	0.000000e+000	0.000000e+000	0.000000e+000	0.000000e+000
2.000000e-001	0.000000e+000	0.000000e+000	0.000000e+000	1.000000e+000	0.000000e+000	0.000000e+000	0.000000e+000	0.000000e+000	0.000000e+000	0.000000e+000	0.000000e+000	0.000000e+000
3.000000e-001	0.000000e+000	0.000000e+000	0.000000e+000	1.000000e+000	0.000000e+000	0.000000e+000	0.000000e+000	0.000000e+000	0.000000e+000	0.000000e+000	0.000000e+000	0.000000e+000
4.000000e-001	0.000000e+000	0.000000e+000	0.000000e+000	1.000000e+000	0.000000e+000	0.000000e+000	0.000000e+000	0.000000e+000	0.000000e+000	0.000000e+000	0.000000e+000	0.000000e+000
5.000000e-001	0.000000e+000	0.000000e+000	0.000000e+000	1.000000e+000	0.000000e+000	0.000000e+000	0.000000e+000	0.000000e+000	0.000000e+000	0.000000e+000	0.000000e+000	0.000000e+000
6.000000e-001	0.000000e+000	0.000000e+000	0.000000e+000	1.000000e+000	0.000000e+000	0.000000e+000	0.000000e+000	0.000000e+000	0.000000e+000	0.000000e+000	0.000000e+000	0.000000e+000
7.000000e-001	0.000000e+000	0.000000e+000	0.000000e+000	1.000000e+000	0.000000e+000	0.000000e+000	0.000000e+000	0.000000e+000	0.000000e+000	0.000000e+000	0.000000e+000	0.000000e+000
8.000000e-001	0.000000e+000	0.000000e+000	0.000000e+000	1.000000e+000	0.000000e+000	0.000000e+000	0.000000e+000	0.000000e+000	0.000000e+000	0.000000e+000	0.000000e+000	0.000000e+000
9.000000e-001	0.000000e+000	0.000000e+000	0.000000e+000	1.000000e+000	0.000000e+000	0.000000e+000	0.000000e+000	0.000000e+000	0.000000e+000	0.000000e+000	0.000000e+000	0.000000e+000
1.000000e+000	2.404815e-024	9.081661e-026	8.166128e-029	1.000000e+000	3.127275e-025	3.941992e-025	0.000000e+000	0.000000e+000	-4.039923e-027	7.028868e-025	4.036294e-027	3.629390e-030
1.100000e+000	8.636437e-009	7.506561e-010	1.561511e-012	1.000000e+000	5.886044e-010	5.125606e-010	0.000000e+000	0.000000e+000	-1.376749e-011	1.087397e-009	1.373753e-011	2.996372e-014
1.200000e+000	1.285479e-004	2.658540e-005	1.399310e-007	1.000000e+000	4.044916e-006	2.462249e-006	0.000000e+000	0.000000e+000	-1.780125e-007	6.329152e-006	1.769547e-007	1.057817e-009
1.300000e+000	4.385406e-003	1.580185e-003	1.683635e-005	1.000000e+000	7.529943e-005	3.897370e-005	0.000000e+000	0.000000e+000	-4.897531e-006	1.093756e-004	4.834997e-006	6.253380e-008
1.400000e+000	2.540591e-002	1.259076e-002	2.227106e-004	1.000000e+000	2.811039e-004	1.354291e-004	0.000000e+000	0.000000e+000	-2.237349e-005	3.941594e-004	2.187877e-005	4.947210e-007
1.500000e+000	7.333420e-002	4.413629e-002	1.148230e-003	1.000000e+000	5.712124e-004	2.643434e-004	0.000000e+000	0.000000e+000	-5.097554e-005	7.845802e-004	4.925603e-005	1.719519e-006
1.600000e+000	1.484567e-001	1.016084e-001	3.614386e-003	1.000000e+000	8.502576e-004	3.831213e-004	0.000000e+000	0.000000e+000	-8.179075e-005	1.151588e-003	7.787100e-005	3.919751e-006
1.700000e+000	2.431163e-001	1.821533e-001	8.454634e-003	1.000000e+000	1.046783e-003	4.626335e-004	0.000000e+000	0.000000e+000	-1.064330e-004	1.402984e-003	9.948503e-005	6.947933e-006
1.800000e+000	3.464709e-001	2.773660e-001	1.626166e-002	1.000000e+000	1.134387e-003	4.940099e-004	0.000000e+000	0.000000e+000	-1.206476e-004	1.507749e-003	1.102034e-004	1.044415e-005
1.900000e+000	4.484570e-001	3.772897e-001	2.727144e-002	1.000000e+000	1.122892e-003	4.833993e-004	0.000000e+000	0.000000e+000	-1.242483e-004	1.482043e-003	1.102476e-004	1.400070e-005
2.000000e+000	5.418351e-001	4.733833e-001	4.137842e-002	1.000000e+000	1.040433e-003	4.438550e-004	0.000000e+000	0.000000e+000	-1.195075e-004	1.364781e-003	1.022274e-004	1.728016e-005
2.100000e+000	6.226003e-001	5.598735e-001	5.822619e-002	1.000000e+000	9.184549e-004	3.890584e-004	0.000000e+000	0.000000e+000	-1.095124e-004	1.198001e-003	8.944655e-005	2.006585e-005
2.200000e+000	6.894564e-001	6.338444e-001	7.731863e-002	1.000000e+000	7.831590e-004	3.299863e-004	0.000000e+000	0.000000e+000	-9.709091e-005	1.016054e-003	7.482993e-005	2.226098e-005
2.300000e+000	7.429616e-001	6.946549e-001	9.811676e-002	1.000000e+000	6.525169e-004	2.739193e-004	0.000000e+000	0.000000e+000	-8.433683e-005	8.420994e-004	6.047536e-005	2.386147e-005
2.400000e+000	7.847105e-001	7.431581e-001	1.201068e-001	1.000000e+000	5.366590e-004	2.247872e-004	0.000000e+000	0.000000e+000	-7.254477e-005	6.889014e-004	4.762277e-005	2.492200e-005
2.500000e+000	8.167106e-001	7.809974e-001	1.428392e-001	1.000000e+000	4.397225e-004	1.840415e-004	0.000000e+000	0.000000e+000	-6.235038e-005	5.614136e-004	3.682411e-005	2.552627e-005
2.600000e+000	8.409782e-001	8.100871e-001	1.659446e-001	1.000000e+000	3.619429e-004	1.515681e-004	0.000000e+000	0.000000e+000	-5.393165e-005	4.595794e-004	2.816600e-005	2.576565e-005
2.700000e+000	8.593180e-001	8.322861e-001	1.891337e-001	1.000000e+000	3.014075e-004	1.264238e-004	0.000000e+000	0.000000e+000	-4.719401e-005	3.806373e-004	2.146797e-005	2.572604e-005
2.800000e+000	8.732329e-001	8.492277e-001	2.121900e-001	1.000000e+000	2.552971e-004	1.073430e-004	0.000000e+000	0.000000e+000	-4.190966e-005	3.207305e-004	1.642820e-005	2.548146e-005
2.900000e+000	8.839119e-001	8.622557e-001	2.349569e-001	1.000000e+000	2.206541e-004	9.304297e-005	0.000000e+000	0.000000e+000	-3.780879e-005	2.758883e-004	1.271689e-005	2.509190e-005
3.000000e+000	8.922611e-001	8.724247e-001	2.573260e-001	1.000000e+000	1.947912e-004	8.237984e-005	0.000000e+000	0.000000e+000	-3.463165e-005	2.425394e-004	1.002775e-005	2.460390e-005
3.100000e+000	8.989509e-001	8.805341e-001	2.792250e-001	1.000000e+000	1.754608e-004	7.440893e-005	0.000000e+000	0.000000e+000	-3.215333e-005	2.177164e-004	8.101013e-006	2.405231e-005
3.200000e+000	9.044659e-001	8.871727e-001	3.006087e-001	1.000000e+000	1.608847e-004	6.838941e-005	0.000000e+000	0.000000e+000	-3.019160e-005	1.990825e-004	6.729093e-006	2.346251e-005
3.300000e+000	9.091497e-001	8.927649e-001	3.214515e-001	1.000000e+000	1.497108e-004	6.376196e-005	0.000000e+000	0.000000e+000	-2.860549e-005	1.848672e-004	5.753002e-006	2.285249e-005
3.400000e+000	9.132423e-001	8.976112e-001	3.417409e-001	1.000000e+000	1.409421e-004	6.011635e-005	0.000000e+000	0.000000e+000	-2.728961e-005	1.737689e-004	5.054842e-006	2.223477e-005
3.500000e+000	9.169094e-001	9.019213e-001	3.614743e-001	1.000000e+000	1.338609e-004	5.715853e-005	0.000000e+000	0.000000e+000	-2.616721e-005	1.648523e-004	4.549372e-006	2.161783e-005
3.600000e+000	9.202644e-001	9.058397e-001	3.806550e-001	1.000000e+000	1.279601e-004	5.468156e-005	0.000000e+000	0.000000e+000	-2.518355e-005	1.574581e-004	4.176207e-006	2.100734e-005
3.700000e+000	9.233842e-001	9.094654e-001	3.992906e-001	1.000000e+000	1.228869e-004	5.254193e-005	0.000000e+000	0.000000e+000	-2.430023e-005	1.511286e-004	3.893279e-006	2.040695e-005
3.800000e+000	9.263209e-001	9.128659e-001	4.173912e-001	1.000000e+000	1.183992e-004	5.064130e-005	0.000000e+000	0.000000e+000	-2.349063e-005	1.455499e-004	3.671688e-006	1.981895e-005
3.900000e+000	9.291100e-001	9.160869e-001	4.349688e-001	1.000000e+000	1.143321e-004	4.891293e-005	0.000000e+000	0.000000e+000	-2.273649e-005	1.405085e-004	3.491803e-006	1.924468e-005
4.000000e+000	9.317754e-001	9.191597e-001	4.520360e-001	1.000000e+000	1.105743e-004	4.731179e-005	0.000000e+000	0.000000e+000	-2.202533e-005	1.358608e-004	3.340419e-006	1.868491e-005
4.100000e+000	9.343337e-001	9.221056e-001	4.686061e-001	1.000000e+000	1.070505e-004	4.580714e-005	0.000000e+000	0.000000e+000	-2.134865e-005	1.315090e-004	3.208706e-006	1.813994e-005
4.200000e+000	9.366680e-001	9.249129e-001	4.846922e-001	1.000000e+000	9.966724e-005	4.191797e-005	0.000000e+000	0.000000e+000	-2.052269e-005	1.210625e-004	2.913901e-006	1.760879e-005
4.300000e+000	9.347867e-001	9.260919e-001	5.002914e-001	1.000000e+000	2.522429e-005	4.042125e-006	0.000000e+000	0.000000e+000	-1.517995e-005	1.408647e-005	-1.852037e-006	1.703198e-005
4.400000e+000	9.160608e-001	9.177203e-001	5.152442e-001	1.000000e+000	-1.836410e-004	-9.372385e-005	0.000000e+000	0.000000e+000	2.897280e-006	-2.744675e-004	-1.899629e-005	1.609901e-005
4.500000e+000	8.703508e-001	8.887260e-001	5.290330e-001	1.000000e+000	-4.766984e-004	-2.239014e-004	0.000000e+000	0.000000e+000	3.208060e-005	-6.685192e-004	-4.646829e-005	1.438769e-005
4.600000e+000	7.973741e-001	8.337220e-001	5.408497e-001	1.000000e+000	-7.585917e-004	-3.438996e-004	0.000000e+000	0.000000e+000	6.345852e-005	-1.039033e-003	-7.517339e-005	1.171487e-005
4.700000e+000	7.047909e-001	7.555658e-001	5.498730e-001	1.000000e+000	-9.578723e-004	-4.245924e-004	0.000000e+000	0.000000e+000	8.864598e-005	-1.293819e-003	-9.687367e-005	8.227694e-006
4.800000e+000	6.034462e-001	6.626658e-001	5.555225e-001	1.000000e+000	-1.048144e-003	-4.571123e-004	0.000000e+000	0.000000e+000	1.033893e-004	-1.401867e-003	-1.076750e-004	4.285723e-006
4.900000e+000	5.034059e-001	5.649816e-001	5.575739e-001	1.000000e+000	-1.039234e-003	-4.476097e-004	0.000000e+000	0.000000e+000	1.075027e-004	-1.379341e-003	-1.077990e-004	2.963095e-007
5.000000e+000	4.119116e-001	4.710568e-001	5.561441e-001	1.000000e+000	-9.592822e-004	-4.091397e-004	0.000000e+000	0.000000e+000	1.032594e-004	-1.265163e-003	-9.985589e-005	-3.403486e-006
5.100000e+000	3.329705e-001	3.866672e-001	5.516008e-001	1.000000e+000	-8.397350e-004	-3.553849e-004	0.000000e+000	0.000000e+000	9.374695e-005	-1.101373e-003	-8.714962e-005	-6.597331e-006
5.200000e+000	2.678808e-001	3.147309e-001	5.444508e-001	1.000000e+000	-7.067971e-004	-2.973234e-004	0.000000e+000	0.000000e+000	8.179388e-005	-9.223266e-004	-7.260511e-005	-9.188777e-006
5.300000e+000	2.160860e-001	2.558912e-001	5.352436e-001	1.000000e+000	-5.784425e-004	-2.422366e-004	0.000000e+000	0.000000e+000	6.949440e-005	-7.511847e-004	-5.832032e-005	-1.117407e-005
5.400000e+000	1.759933e-001	2.092969e-001	5.245033e-001	1.000000e+000	-4.648038e-004	-1.940555e-004	0.000000e+000	0.000000e+000	5.814353e-005	-6.007158e-004	-4.553530e-005	-1.260823e-005
5.500000e+000	1.455970e-001	1.733067e-001	5.126892e-001	1.000000e+000	-3.700205e-004	-1.542324e-004	0.000000e+000	0.000000e+000	4.837733e-005	-4.758756e-004	-3.480206e-005	-1.357527e-005
5.600000e+000	1.228826e-001	1.460083e-001	5.001805e-001	1.000000e+000	-2.943300e-004	-1.226541e-004	0.000000e+000	0.000000e+000	4.037419e-005	-3.766100e-004	-2.620733e-005	-1.416686e-005
5.700000e+000	1.060468e-001	1.255442e-001	4.872756e-001	1.000000e+000	-2.358216e-004	-9.837825e-005	0.000000e+000	0.000000e+000	3.403990e-005	-3.001600e-004	-1.957067e-005	-1.446922e-005
5.800000e+000	9.358838e-002	1.102833e-001	4.742003e-001	1.000000e+000	-1.916779e-004	-8.014001e-005	0.000000e+000	0.000000e+000	2.914701e-005	-2.426709e-004	-1.459036e-005	-1.455665e-005
5.900000e+000	8.431976e-002	9.888338e-002	4.611199e-001	1.000000e+000	-1.589432e-004	-6.665738e-005	0.000000e+000	0.000000e+000	2.542608e-005	-2.001745e-004	-1.093665e-005	-1.448943e-005
6.000000e+000	7.733630e-002	9.029131e-002	4.481516e-001	1.000000e+000	-1.349318e-004	-5.678733e-005	0.000000e+000	0.000000e+000	2.261768e-005	-1.691014e-004	-8.303295e-006	-1.431438e-005
6.100000e+000	7.196903e-002	8.370949e-002	4.353758e-001	1.000000e+000	-1.173978e-004	-4.958586e-005	0.000000e+000	0.000000e+000	2.049723e-005	-1.464864e-004	-6.430608e-006	-1.406662e-005
6.200000e+000	6.773481e-002	7.855056e-002	4.228458e-001	1.000000e+000	-1.045646e-004	-4.431284e-005	0.000000e+000	0.000000e+000	1.888282e-005	-1.299946e-004	-5.111045e-006	-1.377178e-005
6.300000e+000	6.429129e-002	7.439162e-002	4.105952e-001	1.000000e+000	-9.508178e-005	-4.040962e-005	0.000000e+000	0.000000e+000	1.763379e-005	-1.178576e-004	-4.185674e-006	-1.344812e-005
6.400000e+000	6.139968e-002	7.093367e-002	3.986439e-001	1.000000e+000	-8.795390e-005	-3.746665e-005	0.000000e+000	0.000000e+000	1.664503e-005	-1.087755e-004	-3.536649e-006	-1.310838e-005
6.500000e+000	5.889554e-002	6.796848e-002	3.870023e-001	1.000000e+000	-8.246459e-005	-3.519050e-005	0.000000e+000	0.000000e+000	1.584010e-005	-1.018150e-004	-3.078777e-006	-1.276133e-005
6.600000e+000	5.666677e-002	6.535276e-002	3.756740e-001	1.000000e+000	-7.810821e-005	-3.337484e-005	0.000000e+000	0.000000e+000	1.516455e-005	-9.631850e-005	-2.751722e-006	-1.241282e-005
6.700000e+000	5.463754e-002	6.298884e-002	3.646585e-001	1.000000e+000	-7.453349e-005	-3.187678e-005	0.000000e+000	0.000000e+000	1.458022e-005	-9.183005e-005	-2.513464e-006	-1.206676e-005
6.800000e+000	5.275683e-002	6.081061e-002	3.539523e-001	1.000000e+000	-7.149954e-005	-3.059857e-005	0.000000e+000	0.000000e+000	1.406079e-005	-8.803733e-005	-2.335144e-006	-1.172564e-005
6.900000e+000	5.099042e-002	5.877352e-002	3.435503e-001	1.000000e+000	-6.884288e-005	-2.947402e-005	0.000000e+000	0.000000e+000	1.358823e-005	-8.472867e-005	-2.197178e-006	-1.139105e-005
7.000000e+000	4.931529e-002	5.684756e-002	3.334462e-001	1.000000e+000	-6.645350e-005	-2.845866e-005	0.000000e+000	0.000000e+000	1.315032e-005	-8.176184e-005	-2.086401e-006	-1.106392e-005
7.100000e+000	4.771591e-002	5.501249e-002	3.236329e-001	1.000000e+000	-6.425782e-005	-2.752279e-005	0.000000e+000	0.000000e+000	1.273883e-005	-7.904178e-005	-1.994040e-006	-1.074479e-005
7.200000e+000	4.618169e-002	5.325453e-002	3.141031e-001	1.000000e+000	-6.220683e-005	-2.664662e-005	0.000000e+000	0.000000e+000	1.234820e-005	-7.650525e-005	-1.914283e-006	-1.043392e-005
7.300000e+000	4.470527e-002	5.156416e-002	3.048493e-001	1.000000e+000	-6.026789e-005	-2.581702e-005	0.000000e+000	0.000000e+000	1.197469e-005	-7.411022e-005	-1.843302e-006	-1.013138e-005
7.400000e+000	4.328142e-002	4.993471e-002	2.958641e-001	1.000000e+000	-5.841924e-005	-2.502519e-005	0.000000e+000	0.000000e+000	1.161574e-005	-7.182869e-005	-1.778583e-006	-9.837154e-006
7.500000e+000	4.190630e-002	4.836133e-002	2.871400e-001	1.000000e+000	-5.664629e-005	-2.426522e-005	0.000000e+000	0.000000e+000	1.126961e-005	-6.964191e-005	-1.718480e-006	-9.551125e-006
7.600000e+000	4.057698e-002	4.684039e-002	2.786696e-001	1.000000e+000	-5.493910e-005	-2.353310e-005	0.000000e+000	0.000000e+000	1.093506e-005	-6.753714e-005	-1.661910e-006	-9.273151e-006
7.700000e+000	3.929113e-002	4.536905e-002	2.704459e-001	1.000000e+000	-5.329079e-005	-2.282604e-005	0.000000e+000	0.000000e+000	1.061122e-005	-6.550561e-005	-1.608160e-006	-9.003056e-006
7.800000e+000	3.804682e-002	4.394500e-002	2.624618e-001	1.000000e+000	-5.169650e-005	-2.214202e-005	0.000000e+000	0.000000e+000	1.029741e-005	-6.354110e-005	-1.556757e-006	-8.740655e-006
7.900000e+000	3.684238e-002	4.256628e-002	2.547105e-001	1.000000e+000	-5.015261e-005	-2.147957e-005	0.000000e+000	0.000000e+000	9.993133e-006	-6.163905e-005	-1.507382e-006	-8.485751e-006
8.000000e+000	3.567634e-002	4.123117e-002	2.471853e-001	1.000000e+000	-4.865638e-005	-2.083756e-005	0.000000e+000	0.000000e+000	9.697962e-006	-5.979598e-005	-1.459814e-006	-8.238147e-006
8.100000e+000	3.454735e-002	3.993812e-002	2.398797e-001	1.000000e+000	-4.720561e-005	-2.021505e-005	0.000000e+000	0.000000e+000	9.411545e-006	-5.800911e-005	-1.413899e-006	-7.997647e-006
8.200000e+000	3.345414e-002	3.868569e-002	2.327874e-001	1.000000e+000	-4.579845e-005	-1.961127e-005	0.000000e+000	0.000000e+000	9.133575e-006	-5.627615e-005	-1.369521e-006	-7.764054e-006
8.300000e+000	3.239553e-002	3.747254e-002	2.259024e-001	1.000000e+000	-4.443333e-005	-1.902556e-005	0.000000e+000	0.000000e+000	8.863771e-006	-5.459511e-005	-1.326593e-006	-7.537178e-006
8.400000e+000	3.137040e-002	3.629741e-002	2.192186e-001	1.000000e+000	-4.310879e-005	-1.845728e-005	0.000000e+000	0.000000e+000	8.601877e-006	-5.296420e-005	-1.285046e-006	-7.316831e-006
8.500000e+000	3.037767e-002	3.515906e-002	2.127302e-001	1.000000e+000	-4.182354e-005	-1.790590e-005	0.000000e+000	0.000000e+000	8.347650e-006	-5.138179e-005	-1.244820e-006	-7.102830e-006
8.600000e+000	2.941632e-002	3.405635e-002	2.064316e-001	1.000000e+000	-4.057635e-005	-1.737087e-005	0.000000e+000	0.000000e+000	8.100861e-006	-4.984636e-005	-1.205864e-006	-6.894996e-006
8.700000e+000	2.848533e-002	3.298814e-002	2.003174e-001	1.000000e+000	-3.936605e-005	-1.685171e-005	0.000000e+000	0.000000e+000	7.861290e-006	-4.835648e-005	-1.168134e-006	-6.693156e-006
8.800000e+000	2.758375e-002	3.195335e-002	1.943822e-001	1.000000e+000	-3.819155e-005	-1.634794e-005	0.000000e+000	0.000000e+000	7.628725e-006	-4.691076e-005	-1.131586e-006	-6.497140e-006
8.900000e+000	2.671065e-002	3.095094e-002	1.886208e-001	1.000000e+000	-3.705177e-005	-1.585909e-005	0.000000e+000	0.000000e+000	7.402964e-006	-4.550790e-005	-1.096182e-006	-6.306783e-006
9.000000e+000	2.586513e-002	2.997989e-002	1.830283e-001	1.000000e+000	-3.594570e-005	-1.538473e-005	0.000000e+000	0.000000e+000	7.183808e-006	-4.414662e-005	-1.061884e-006	-6.121924e-006
9.100000e+000	2.504632e-002	2.903923e-002	1.775998e-001	1.000000e+000	-3.487233e-005	-1.492443e-005	0.000000e+000	0.000000e+000	6.971067e-006	-4.282569e-005	-1.028658e-006	-5.942409e-006
9.200000e+000	2.425338e-002	2.812800e-002	1.723304e-001	1.000000e+000	-3.383071e-005	-1.447777e-005	0.000000e+000	0.000000e+000	6.764554e-006	-4.154393e-005	-9.964686e-007	-5.768085e-006
9.300000e+000	2.348549e-002	2.724528e-002	1.672157e-001	1.000000e+000	-3.281991e-005	-1.404436e-005	0.000000e+000	0.000000e+000	6.564089e-006	-4.030018e-005	-9.652844e-007	-5.598805e-006
9.400000e+000	2.274186e-002	2.639020e-002	1.622511e-001	1.000000e+000	-3.183902e-005	-1.362380e-005	0.000000e+000	0.000000e+000	6.369499e-006	-3.909332e-005	-9.350734e-007	-5.434425e-006
9.500000e+000	2.202172e-002	2.556187e-002	1.574323e-001	1.000000e+000	-3.088717e-005	-1.321573e-005	0.000000e+000	0.000000e+000	6.180612e-006	-3.792229e-005	-9.058053e-007	-5.274806e-006
9.600000e+000	2.132434e-002	2.475947e-002	1.527551e-001	1.000000e+000	-2.996351e-005	-1.281976e-005	0.000000e+000	0.000000e+000	5.997264e-006	-3.678601e-005	-8.774507e-007	-5.119813e-006
9.700000e+000	2.064900e-002	2.398219e-002	1.482153e-001	1.000000e+000	-2.906721e-005	-1.243555e-005	0.000000e+000	0.000000e+000	5.819295e-006	-3.568347e-005	-8.499811e-007	-4.969314e-006
9.800000e+000	1.999500e-002	2.322925e-002	1.438090e-001	1.000000e+000	-2.819748e-005	-1.206275e-005	0.000000e+000	0.000000e+000	5.646549e-006	-3.461368e-005	-8.233689e-007	-4.823180e-006
9.900000e+000	1.936167e-002	2.249988e-002	1.395323e-001	1.000000e+000	-2.735353e-005	-1.170102e-005	0.000000e+000	0.000000e+000	5.478874e-006	-3.357567e-005	-7.975875e-007	-4.681287e-006
1.000000e+001	1.874836e-002	2.179335e-002	1.353814e-001	1.000000e+000	-2.653460e-005	-1.135005e-005	0.000000e+000	0.000000e+000	5.316125e-006	-3.256852e-005	-7.726109e-007	-4.543514e-006
