0.0000	0.0
0.4344	0.0
0.4361	0.0
0.4367	0.5
0.4467	0.5
0.4472	0.5
0.4683	0.5
0.4689	0.5
0.4706	0.5
0.4711	0.5
0.4733	0.5
0.4739	1.0
0.5600	1.0
0.5606	1.0
0.5617	1.0
0.5622	1.0
0.5744	1.0
0.5750	1.0
0.5844	1.0
0.5850	1.0
0.8667	1.0
0.8672	1.0
0.8678	1.0
1.1222	1.0
1.1228	1.5
1.1239	1.5
1.1244	2.0
1.1250	2.5
1.1256	2.5
1.1261	3.0
1.1267	3.5
1.1272	4.0
1.1278	4.5
1.1283	5.0
1.1289	5.5
1.1294	6.0
1.1300	6.5
1.1306	7.0
1.1311	8.0
1.1317	8.5
1.1322	9.0
1.1328	9.5
1.1333	10.0
1.1339	10.0
1.1344	10.5
1.1350	11.5
1.1356	12.0
1.1361	12.0
1.1367	12.5
1.1372	13.0
1.1378	13.5
1.1383	13.5
1.1389	14.0
1.1400	14.0
1.1406	14.5
1.1411	14.5
1.1417	14.5
1.1422	15.0
1.1433	15.0
1.1439	15.5
1.1444	15.5
1.1450	16.0
1.1467	16.0
1.1472	16.0
1.1478	16.5
1.1489	16.5
1.1494	16.5
1.1500	16.5
1.1506	16.5
1.1511	16.5
1.1517	17.0
1.1528	17.0
1.1533	17.0
1.1539	17.0
1.1544	17.0
1.1550	17.0
1.1556	17.0
1.1572	17.0
1.1578	17.5
1.1589	17.5
1.1594	17.5
1.1600	17.5
1.1606	17.5
1.1611	17.5
1.1644	17.5
1.1650	18.0
1.1661	18.0
1.1667	18.0
1.1678	18.0
1.1683	18.0
1.1689	18.0
1.1694	18.0
1.1711	18.0
1.1717	18.0
1.1722	18.0
1.1744	18.0
1.1750	18.0
1.1756	18.0
1.1761	18.0
1.1778	18.0
1.1783	18.0
1.1794	18.0
1.1800	18.0
1.1811	18.0
1.1817	18.0
1.1844	18.0
1.1850	18.5
1.1856	18.5
1.1861	18.5
1.1867	18.5
1.1872	18.5
1.1883	18.5
1.1889	18.5
1.1894	18.5
1.1900	18.5
1.1906	18.5
1.1917	18.5
1.1922	18.5
1.1933	18.5
1.1939	18.5
1.1944	18.5
1.1950	18.5
1.1956	18.5
1.1961	18.5
1.1972	18.5
1.1978	18.5
1.2017	18.5
1.2022	18.5
1.2050	18.5
1.2056	18.5
1.2078	18.5
1.2083	18.5
1.2089	18.5
1.2094	18.5
1.2100	18.5
1.2106	18.5
1.2111	18.5
1.2122	18.5
1.2128	18.5
1.2133	18.5
1.2139	18.5
1.2200	18.5
1.2206	18.5
1.2233	18.5
1.2239	18.5
1.2261	18.5
1.2267	18.5
1.2278	18.5
1.2283	18.5
1.2344	18.5
1.2350	18.5
1.2378	18.5
1.2383	18.5
1.2389	18.5
1.2394	18.5
1.2400	18.5
1.2406	19.0
1.2422	19.0
1.2428	19.0
1.2433	19.0
1.2456	19.0
1.2461	19.0
1.2478	19.0
1.2483	19.0
1.2489	19.0
1.2494	19.0
1.2500	19.5
1.2517	19.5
1.2522	19.5
1.2539	19.5
1.2544	19.5
1.2550	19.5
1.2556	19.5
1.2561	19.5
1.2567	19.5
1.2600	19.5
1.2606	19.5
1.2611	19.5
1.2656	19.5
1.2661	19.5
1.2672	19.5
1.2678	19.5
1.2683	19.5
1.2689	19.5
1.2694	19.5
1.2700	20.0
1.2711	20.0
1.2717	19.5
1.2722	20.0
1.2728	20.0
1.2733	20.0
1.2739	19.5
1.2744	19.5
1.2761	19.5
1.2767	19.5
1.2794	19.5
1.2800	19.5
1.2806	19.5
1.2833	19.5
1.2839	19.5
1.2844	19.5
1.2850	20.0
1.2856	19.5
1.2861	19.5
1.2867	19.5
1.2872	19.5
1.2878	19.5
1.2889	19.5
1.2894	19.5
1.2917	19.5
1.2922	19.5
1.2928	19.5
1.2933	20.0
1.2950	20.0
1.2956	19.5
1.2972	19.5
1.2978	20.0
1.2983	19.5
1.2994	19.5
1.3000	19.5
1.3022	19.5
1.3028	19.5
1.3044	19.5
1.3050	20.0
1.3056	19.5
1.3061	19.5
1.3067	20.0
1.3072	19.5
1.3150	19.5
1.3156	19.5
1.3178	19.5
1.3183	19.5
1.3217	19.5
1.3222	19.5
1.3228	19.5
1.3250	19.5
1.3256	19.5
1.3261	19.5
1.3283	19.5
1.3289	20.0
1.3294	19.5
1.3306	19.5
1.3311	20.0
1.3350	20.0
1.3356	20.0
1.3361	19.5
1.3389	19.5
1.3394	19.5
1.3428	19.5
1.3433	20.0
1.3439	20.0
1.3444	19.5
1.3450	19.5
1.3456	19.5
1.3461	19.5
1.3467	19.5
1.3483	19.5
1.3489	19.5
1.3494	19.5
1.3511	19.5
1.3517	20.0
1.3544	20.0
1.3550	20.0
1.3572	20.0
1.3578	19.5
1.3583	20.0
1.3594	20.0
1.3600	19.5
1.3606	19.5
1.3611	20.0
1.3644	20.0
1.3650	20.0
1.3656	20.0
1.3661	19.5
1.3667	20.0
1.3672	19.5
1.3678	20.0
1.3683	19.5
1.3689	19.5
1.3694	19.5
1.3706	19.5
1.3711	20.0
1.3739	20.0
1.3744	19.5
1.3750	20.0
1.3756	20.0
1.3761	19.5
1.3767	19.5
1.3772	20.0
1.3778	20.0
1.3783	19.5
1.3789	19.5
1.3794	19.5
1.3800	20.0
1.3806	20.0
1.3811	20.0
1.3817	19.5
1.3833	19.5
1.3839	20.0
1.3850	20.0
1.3856	19.5
1.3861	20.0
1.3972	20.0
1.3978	20.0
1.3994	20.0
1.4000	19.5
1.4006	20.0
1.4244	20.0
1.4250	20.0
1.5317	20.0
1.5322	19.5
1.5328	19.5
1.5333	20.0
1.5339	20.0
1.5344	19.5
1.5361	19.5
1.5367	20.0
1.5372	19.5
1.5383	19.5
1.5389	20.0
1.5394	19.5
1.5406	19.5
1.5411	20.0
1.5439	20.0
1.5444	19.5
1.5478	19.5
1.5483	20.0
1.5600	20.0
1.5606	19.5
1.5611	19.5
1.5617	20.0
1.6106	20.0
1.6111	19.5
1.6117	20.0
1.6128	20.0
1.6133	19.5
1.6189	19.5
1.6194	20.0
1.6561	20.0
1.6567	19.5
1.6572	19.5
1.6578	20.0
1.6583	19.5
1.6594	19.5
1.6600	20.0
1.6606	19.5
1.6611	20.0
1.6672	20.0
1.6678	19.5
1.6706	19.5
1.6711	20.0
1.6933	20.0
1.6939	19.5
1.6944	20.0
1.7856	20.0
1.7861	20.5
1.7867	20.0
1.8067	20.0
1.8072	20.0
1.8078	20.0
1.8083	20.0
1.8089	20.0
1.8139	20.0
1.8144	20.0
1.8150	20.0
1.8633	20.0
1.8639	20.5
1.8644	20.5
1.8650	20.0
1.8694	20.0
1.8700	20.5
1.8706	20.5
1.8711	20.0
1.8728	20.0
1.8733	20.5
1.8739	20.0
1.8750	20.0
1.8756	20.5
1.8839	20.5
1.8844	20.0
1.8850	20.5
1.8856	20.0
1.9628	20.0
1.9633	19.5
1.9639	20.0
1.9650	20.0
1.9656	19.5
1.9667	19.5
1.9672	20.0
1.9678	20.0
1.9683	19.5
1.9700	19.5
1.9706	20.0
1.9711	19.5
1.9856	19.5
1.9861	20.0
2.0428	20.0
2.0433	19.5
2.0439	20.0
2.0444	19.5
2.0456	19.5
2.0461	20.0
2.0467	19.5
2.0472	20.0
2.0478	20.0
2.0483	19.5
2.0528	19.5
2.0533	20.0
2.0544	20.0
2.0550	19.5
2.0556	20.0
2.1133	20.0
2.1139	20.5
2.1261	20.5
2.1267	20.0
2.1800	20.0
2.1806	20.5
2.1811	20.5
2.1817	20.0
2.1822	20.0
2.1828	20.5
2.1833	20.0
2.1839	20.0
2.1844	20.5
2.1850	20.0
2.1950	20.0
2.1956	20.5
2.1961	20.0
2.1994	20.0
2.2000	20.5
2.2050	20.5
2.2056	20.0
2.2061	20.5
2.2067	20.0
2.2072	20.0
2.2078	20.5
2.2200	20.5
2.2206	20.0
2.2211	20.0
2.2217	20.5
2.2294	20.5
2.2300	20.0
2.2317	20.0
2.2322	20.5
2.2328	20.0
2.2350	20.0
2.2356	20.5
2.2367	20.5
2.2372	20.0
2.2378	20.5
2.2394	20.5
2.2400	20.0
2.2428	20.0
2.2433	20.5
2.2694	20.5
2.2700	20.0
2.2778	20.0
2.2783	20.5
2.2789	20.5
2.2794	20.0
2.2883	20.0
2.2889	20.5
2.2911	20.5
2.2917	20.0
2.2950	20.0
2.2956	20.5
2.3011	20.5
2.3017	20.0
2.3028	20.0
2.3033	20.5
2.3172	20.5
2.3178	20.0
2.3183	20.0
2.3189	20.5
2.3256	20.5
2.3261	20.0
2.3267	20.0
2.3272	20.5
2.3278	20.5
2.3283	20.0
2.3289	20.0
2.3294	20.5
2.3317	20.5
2.3322	20.0
2.3328	20.5
2.3339	20.5
2.3344	20.0
2.3350	20.5
2.3394	20.5
2.3400	20.0
2.3406	20.5
2.3411	20.0
2.3422	20.0
2.3428	20.5
2.3433	20.0
2.3439	20.5
2.3461	20.5
2.3467	20.0
2.3506	20.0
2.3511	20.5
2.3544	20.5
2.3550	20.0
2.3606	20.0
2.3611	20.5
2.4233	20.5
2.4239	20.0
2.4778	20.0
2.4783	20.5
2.4800	20.5
2.4806	20.0
2.4844	20.0
2.4850	20.5
2.4856	20.0
2.5189	20.0
2.5194	20.5
2.5200	20.0
2.5206	20.5
2.5211	20.5
2.5217	20.0
2.5244	20.0
2.5250	20.5
2.5289	20.5
2.5294	20.0
2.5300	20.0
2.5306	20.5
2.5311	20.0
2.5317	20.0
2.5322	20.5
2.5333	20.5
2.5339	20.0
2.5344	20.5
2.5350	20.0
2.5400	20.0
2.5406	20.5
2.5411	20.0
2.5417	20.5
2.5439	20.5
2.5444	20.0
2.5450	20.5
2.6778	20.5
2.6783	20.5
2.6806	20.5
2.6811	21.0
2.6822	21.0
2.6828	20.5
2.6833	20.5
2.6839	20.5
2.6844	20.5
2.6872	20.5
2.6878	20.5
2.6883	20.5
2.6889	20.5
2.6894	20.5
2.6900	20.5
2.6906	20.5
2.7478	20.5
2.7483	20.0
2.7489	20.5
2.7494	20.5
2.7500	20.0
2.7550	20.0
2.7556	20.5
2.7661	20.5
2.7667	20.0
2.7672	20.5
2.7683	20.5
2.7689	20.0
2.7711	20.0
2.7717	20.5
2.8167	20.5
2.8172	20.5
2.8178	20.5
2.8194	20.5
2.8200	20.5
2.8206	20.5
2.8217	20.5
2.8222	20.5
2.8228	20.5
2.8289	20.5
2.8294	20.5
2.8300	20.5
2.8328	20.5
2.8333	20.5
2.8339	20.5
2.8378	20.5
2.8383	20.5
2.8389	20.5
2.8394	20.5
2.8467	20.5
2.8472	20.5
2.8478	20.5
2.8494	20.5
2.8500	20.5
2.8506	20.5
2.8522	20.5
2.8528	20.5
2.8533	20.5
2.8539	20.5
2.8544	20.5
2.8633	20.5
2.8639	20.5
2.8644	20.5
2.8650	20.5
2.8656	20.5
2.8728	20.5
2.8733	20.5
2.8739	20.5
2.9606	20.5
2.9611	20.0
2.9728	20.0
2.9733	20.5
2.9761	20.5
2.9767	20.0
2.9772	20.5
2.9917	20.5
2.9922	20.0
2.9961	20.0
2.9967	20.5
2.9972	20.5
2.9978	20.0
3.0006	20.0
3.0011	20.5
3.0017	20.5
3.0022	20.0
3.0028	20.0
3.0033	20.5
3.0044	20.5
3.0050	20.0
3.0067	20.0
3.0072	20.5
3.0083	20.5
3.0089	20.0
3.0289	20.0
3.0294	20.5
3.0300	20.0
3.0311	20.0
3.0317	20.5
3.0322	20.0
3.0328	20.0
3.0333	20.5
3.0339	20.5
3.0344	20.0
3.0350	20.0
3.0356	20.0
3.0361	20.0
3.0367	20.0
3.0372	20.0
3.0378	20.0
3.0383	20.0
3.0389	20.0
3.0394	20.5
3.0400	20.5
3.0406	20.5
3.0411	20.5
3.0417	20.5
3.0422	20.0
3.0428	20.5
3.0433	20.5
3.0439	20.5
3.0444	20.5
3.0450	20.0
3.0456	20.0
3.0461	20.0
3.0467	20.0
3.0472	20.5
3.0489	20.5
3.0494	20.0
3.0511	20.0
3.0517	20.0
3.0522	20.0
3.0528	20.0
3.0533	20.0
3.0539	20.0
3.0550	20.0
3.0556	20.0
3.0561	20.0
3.0567	20.0
3.0572	20.0
3.0578	20.0
3.0583	20.0
3.0594	20.0
3.0600	20.5
3.0606	20.5
3.0611	20.0
3.0617	20.5
3.0622	20.5
3.0628	20.5
3.0639	20.5
3.0644	20.5
3.0667	20.5
3.0672	20.5
3.0678	20.5
3.0761	20.5
3.0767	20.5
3.0772	20.5
3.0778	20.5
3.0783	20.5
3.0789	20.5
3.0811	20.5
3.0817	20.5
3.0822	20.5
3.0828	20.5
3.0839	20.5
3.0844	20.0
3.0850	20.0
3.0856	20.5
3.0861	20.5
3.0872	20.5
3.0878	20.5
3.0883	20.0
3.0889	20.0
3.0894	20.5
3.0906	20.5
3.0911	20.5
3.0922	20.5
3.0928	20.5
3.0933	20.5
3.0939	20.0
3.0944	20.5
3.0950	20.5
3.0956	20.5
3.0961	20.5
3.0972	20.5
3.0978	20.5
3.0983	20.5
3.0989	20.5
3.0994	20.5
3.1000	20.5
3.1006	20.5
3.1011	20.5
3.1017	20.5
3.1022	20.0
3.1028	20.5
3.1033	20.5
3.1039	20.0
3.1044	20.5
3.1183	20.5
3.1189	20.5
3.1194	20.5
3.1578	20.5
3.1978	20.5
3.2178	20.5
3.2183	21.0
3.3011	21.0
3.3017	20.5
3.3022	20.5
3.3028	21.0
3.3044	21.0
3.3050	20.5
3.3056	21.0
3.3067	21.0
3.3072	20.5
3.3150	20.5
3.3156	21.0
3.3200	21.0
3.3206	20.5
3.3211	21.0
3.3233	21.0
3.3239	20.5
3.3244	21.0
3.3250	21.0
3.3256	20.5
3.3278	20.5
3.3283	21.0
3.3294	21.0
3.3300	20.5
3.3306	21.0
3.3322	21.0
3.3328	20.5
3.3339	20.5
3.3344	21.0
3.3350	20.5
3.3406	20.5
3.3411	21.0
3.3417	20.5
3.3422	21.0
3.3444	21.0
3.3450	20.5
3.3494	20.5
3.3500	21.0
3.3506	20.5
3.3583	20.5
3.3589	21.0
3.3628	21.0
3.3633	20.5
3.3639	21.0
3.3722	21.0
3.3728	20.5
3.3733	20.5
3.3739	21.0
3.3839	21.0
3.3844	20.5
3.3850	21.0
3.4056	21.0
3.4061	20.5
3.4067	21.0
3.4100	21.0
3.4106	20.5
3.4122	20.5
3.4128	21.0
3.4183	21.0
3.4189	20.5
3.4206	20.5
3.4211	21.0
3.4222	21.0
3.4228	20.5
3.4267	20.5
3.4272	21.0
3.4278	21.0
3.4283	20.5
3.4289	20.5
3.4294	21.0
3.4400	21.0
3.4406	20.5
3.4411	21.0
3.4906	21.0
3.4911	20.5
3.4917	21.0
3.5522	21.0
3.5528	21.5
3.5533	21.0
3.5556	21.0
3.5561	21.5
3.5633	21.5
3.5639	21.0
3.5650	21.0
3.5656	21.5
3.5672	21.5
3.5678	21.0
3.5706	21.0
3.5711	21.5
3.5717	21.5
3.5722	21.0
3.5739	21.0
3.5744	21.5
3.5756	21.5
3.5761	21.0
3.5794	21.0
3.5800	21.5
3.5806	21.5
3.5811	21.0
3.6028	21.0
3.6033	21.5
3.6044	21.5
3.6050	21.0
3.6056	21.5
3.6061	21.5
3.6067	21.0
3.6083	21.0
3.6089	21.5
3.6094	21.0
3.6100	21.5
3.6106	21.5
3.6111	21.0
3.6122	21.0
3.6128	21.5
3.6133	21.5
3.6139	21.0
3.6183	21.0
3.6189	21.5
3.6194	21.5
3.6200	21.0
3.7161	21.0
3.7167	21.5
3.7239	21.5
3.7244	21.0
3.7250	21.5
3.7256	21.5
3.7261	21.0
3.7467	21.0
3.7472	21.5
3.7478	21.0
3.7483	21.0
3.7489	21.0
3.7794	21.0
3.7800	20.5
3.7806	21.0
3.8050	21.0
3.8056	20.5
3.8061	21.0
3.8417	21.0
3.8422	20.5
3.8428	21.0
3.8789	21.0
3.8794	20.5
3.8800	21.0
3.9322	21.0
3.9328	20.5
3.9333	21.0
3.9489	21.0
3.9494	21.5
3.9522	21.5
3.9528	21.0
4.0228	21.0
4.0233	20.5
4.0239	20.5
4.0244	21.0
4.0256	21.0
4.0261	20.5
4.0267	21.0
4.0472	21.0
4.0478	20.5
4.0494	20.5
4.0500	21.0
4.0517	21.0
4.0522	20.5
4.0533	20.5
4.0539	21.0
4.0561	21.0
4.0567	20.5
4.0578	20.5
4.0583	21.0
4.0611	21.0
4.0617	20.5
4.0622	20.5
4.0628	21.0
4.0672	21.0
4.0678	20.5
4.0683	20.5
4.0689	21.0
4.0694	20.5
4.0700	21.0
4.0706	20.5
4.0711	20.5
4.0717	21.0
4.0939	21.0
4.0944	20.5
4.0950	21.0
4.0983	21.0
4.0989	20.5
4.1006	20.5
4.1011	21.0
4.1050	21.0
4.1056	20.5
4.1061	21.0
4.1067	20.5
4.1078	20.5
4.1083	21.0
4.1100	21.0
4.1106	20.5
4.1111	21.0
4.1172	21.0
4.1178	20.5
4.1194	20.5
4.1200	21.0
4.1217	21.0
4.1222	20.5
4.1228	21.0
4.1239	21.0
4.1244	20.5
4.1250	21.0
4.1267	21.0
4.1272	20.5
4.1283	20.5
4.1289	21.0
4.1411	21.0
4.1417	20.5
4.1422	21.0
4.1739	21.0
4.1744	20.5
4.1750	21.0
4.2250	21.0
4.2256	20.5
4.2261	21.0
4.2267	20.5
4.2272	20.5
4.2278	21.0
4.2294	21.0
4.2300	20.5
4.2322	20.5
4.2328	21.0
4.2333	21.0
4.2339	20.5
4.2367	20.5
4.2372	21.0
4.2378	21.0
4.2383	20.5
4.2389	21.0
4.2394	21.0
4.2400	20.5
4.2406	21.0
4.2417	21.0
4.2422	20.5
4.2433	20.5
4.2439	21.0
4.2450	21.0
4.2456	20.5
4.2472	20.5
4.2478	21.0
4.2656	21.0
4.2661	20.5
4.2667	21.0
4.2867	21.0
4.2872	20.5
4.2878	21.0
4.2883	21.0
4.2889	20.5
4.2894	21.0
4.3028	21.0
4.3033	20.5
4.3050	20.5
4.3056	21.0
4.3083	21.0
4.3089	20.5
4.3106	20.5
4.3111	21.0
4.3117	20.5
4.3122	21.0
4.3572	21.0
4.3578	20.5
4.3583	21.0
4.3594	21.0
4.3600	20.5
4.3617	20.5
4.3622	21.0
4.3639	21.0
4.3644	20.5
4.3650	21.0
4.3689	21.0
4.3694	20.5
4.3700	21.0
4.4772	21.0
4.4778	20.5
4.4783	20.5
4.4789	21.0
4.5028	21.0
4.5033	20.5
4.5039	21.0
4.5256	21.0
4.5261	20.5
4.5267	21.0
4.5822	21.0
4.5828	21.5
4.5844	21.5
4.5850	21.0
4.5856	21.5
4.5878	21.5
4.5883	21.0
4.5917	21.0
4.5922	21.5
4.5928	21.5
4.5933	21.0
4.5939	21.0
4.5944	21.5
4.5950	21.5
4.5956	21.0
4.5989	21.0
4.5994	21.5
4.6000	21.5
4.6006	21.0
4.6039	21.0
4.6044	21.5
4.6050	21.0
4.6083	21.0
4.6089	21.5
4.6094	21.5
4.6100	21.0
4.6106	21.5
4.6111	21.0
4.6117	21.5
4.6128	21.5
4.6133	21.0
4.6139	21.0
4.6144	21.5
4.6150	21.5
4.6156	21.0
4.6178	21.0
4.6183	21.5
4.6189	21.0
4.6194	21.0
4.6200	21.5
4.6206	21.0
4.6494	21.0
4.6500	21.5
4.6517	21.5
4.6522	21.0
4.6528	21.0
4.6533	21.5
4.6661	21.5
4.6667	21.0
4.6672	21.5
4.6939	21.5
4.6944	21.0
4.6950	21.0
4.6956	21.5
4.6972	21.5
4.6978	21.0
4.6983	21.5
4.7044	21.5
4.7050	21.0
4.7122	21.0
4.7128	21.5
4.7133	21.5
4.7139	21.0
4.7144	21.5
4.7150	21.5
4.7156	21.5
4.7161	21.5
4.7167	21.5
4.7172	21.5
4.7178	21.5
4.7189	21.5
4.7194	21.5
4.7200	21.5
4.7206	21.5
4.7211	21.5
4.7217	21.0
4.7222	21.0
4.7228	21.5
4.7233	21.5
4.7239	21.0
4.7244	21.0
4.7300	21.0
4.7306	21.0
4.7311	21.0
4.7322	21.0
4.7328	21.0
4.7333	21.0
4.7339	21.0
4.7344	21.0
4.7456	21.0
4.7461	21.5
4.7478	21.5
4.7483	21.0
4.7489	21.0
4.7494	21.5
4.7500	21.5
4.7506	21.5
4.7511	21.5
4.7517	21.0
4.7522	21.5
4.7544	21.5
4.7550	21.5
4.7556	21.0
4.7561	21.0
4.7567	21.5
4.7572	21.5
4.7578	21.5
4.7589	21.5
4.7594	21.5
4.7600	21.0
4.7606	21.0
4.7611	21.5
4.7617	21.5
4.7622	21.5
4.7628	21.0
4.7633	21.0
4.7639	21.0
4.7644	21.0
4.7650	21.0
4.7656	21.5
4.7661	21.5
4.7667	21.0
4.7700	21.0
4.7706	21.0
4.7711	21.0
4.7744	21.0
4.7750	21.5
4.7756	21.0
4.7761	21.0
4.7772	21.0
4.7778	21.5
4.7783	21.5
4.7789	21.0
4.7800	21.0
4.7806	21.0
4.7811	21.0
4.7833	21.0
4.7839	21.0
4.7844	21.0
4.7872	21.0
4.7878	21.5
4.7883	21.5
4.7889	21.5
4.7894	21.0
4.7900	21.0
4.7906	21.0
4.7911	21.5
4.7917	21.0
4.7928	21.0
4.7933	21.0
4.7939	21.5
4.7944	21.0
4.7994	21.0
4.8000	21.0
4.8006	21.0
4.8011	21.0
4.8017	21.0
4.8022	21.0
4.8028	21.5
4.8033	21.0
4.8056	21.0
4.8061	21.5
4.8067	21.5
4.8072	21.0
4.8094	21.0
4.8100	21.0
4.8106	21.0
4.8111	21.5
4.8122	21.5
4.8128	21.0
4.8133	21.0
4.8144	21.0
4.8150	21.0
4.8156	21.5
4.8161	21.5
4.8167	21.5
4.8172	21.5
4.8178	21.0
4.8183	21.0
4.8189	21.0
4.8194	21.0
4.8200	21.0
4.8206	21.0
4.8211	21.0
4.8217	21.0
4.8222	21.0
4.8228	21.0
4.8233	21.0
4.8239	21.0
4.8244	21.0
4.8250	21.0
4.8256	21.5
4.8261	21.0
4.8278	21.0
4.8283	21.5
4.8294	21.5
4.8300	21.0
4.8306	21.0
4.8311	21.5
4.8317	21.0
4.8322	21.5
4.8328	21.5
4.8333	21.5
4.8339	21.5
4.8344	21.0
4.8361	21.0
4.8367	21.5
4.8372	21.0
4.8628	21.0
4.8633	21.5
4.8644	21.5
4.8650	21.0
4.8656	21.5
4.8661	21.0
4.8667	21.0
4.8689	21.0
4.8694	21.0
4.8700	21.0
4.8706	21.0
4.8711	21.5
4.8722	21.5
4.8728	21.0
4.8733	21.0
4.8739	21.0
4.8744	21.5
4.8750	21.5
4.8756	21.0
4.8761	21.0
4.8767	21.0
4.8772	21.5
4.8778	21.5
4.8794	21.5
4.8800	21.0
4.8806	21.0
4.8811	21.5
4.8817	21.0
4.8822	21.0
4.8828	21.5
4.8833	21.5
4.8839	21.5
4.8844	21.5
4.8850	21.0
4.8856	21.0
4.8861	21.5
4.8867	21.0
4.8872	21.0
4.8878	21.0
4.8883	21.0
4.8889	21.0
4.8894	21.0
4.8900	21.0
4.8906	21.5
4.8911	21.5
4.8917	21.5
4.8922	21.0
4.8928	21.5
4.8933	21.5
4.8944	21.5
4.8950	21.5
4.8956	21.0
4.8961	21.0
4.8967	21.0
4.8972	21.5
4.8978	21.5
4.8983	21.5
4.8989	21.5
4.8994	21.5
4.9000	21.5
4.9006	21.5
4.9011	21.5
4.9017	21.0
4.9028	21.0
4.9033	21.5
4.9056	21.5
4.9061	21.5
4.9067	21.5
4.9072	21.0
4.9078	21.0
4.9083	21.0
4.9089	21.5
4.9167	21.5
4.9172	21.0
4.9178	21.5
4.9272	21.5
4.9278	21.5
4.9283	21.5
4.9367	21.5
4.9372	21.5
4.9378	21.5
4.9383	21.5
4.9389	21.5
4.9394	21.5
4.9411	21.5
4.9417	21.5
4.9422	21.5
4.9433	21.5
4.9439	21.5
4.9444	21.5
4.9467	21.5
4.9472	21.0
4.9478	21.5
4.9528	21.5
4.9533	21.0
4.9539	21.5
4.9550	21.5
4.9556	21.0
4.9561	21.0
4.9567	21.5
4.9817	21.5
4.9822	21.0
4.9833	21.0
4.9839	21.5
5.0394	21.5
5.0400	22.0
5.0406	21.5
5.0411	21.5
5.0417	22.0
5.0428	22.0
5.0433	21.5
5.0956	21.5
5.0961	21.0
5.0967	21.5
5.0989	21.5
5.0994	21.0
5.1000	21.0
5.1006	21.5
5.1217	21.5
5.1222	21.0
5.1228	21.5
5.1411	21.5
5.1417	21.0
5.1439	21.0
5.1444	21.5
5.1450	21.0
5.1461	21.0
5.1467	21.5
5.1472	21.0
5.1478	21.0
5.1483	21.5
5.1572	21.5
5.1578	21.0
5.1583	21.5
5.1911	21.5
5.1917	22.0
5.1922	21.5
5.2039	21.5
5.2044	21.0
5.2050	21.5
5.2100	21.5
5.2106	21.0
5.2111	21.5
5.2733	21.5
5.2739	21.0
5.2744	21.5
5.2750	21.0
5.2756	21.0
5.2761	21.5
5.2811	21.5
5.2817	21.0
5.2828	21.0
5.2833	21.5
5.2839	21.5
5.2844	21.0
5.2850	21.0
5.2856	21.5
5.3250	21.5
5.3256	21.0
5.3261	21.5
5.3700	21.5
5.3706	21.0
5.3711	21.0
5.3717	20.5
5.3728	20.5
5.3733	20.0
5.3739	19.0
5.3744	19.0
5.3750	18.5
5.3756	18.0
5.3767	18.0
5.3772	17.5
5.3778	16.5
5.3783	15.5
5.3789	15.0
5.3794	15.5
5.3800	15.0
5.3811	15.0
5.3817	14.5
5.3822	13.5
5.3828	13.5
5.3833	13.0
5.3839	12.5
5.3844	12.5
5.3850	12.0
5.3856	12.0
5.3861	11.5
5.3867	11.0
5.3872	10.5
5.3878	10.0
5.3889	10.0
5.3894	9.5
5.3906	9.5
5.3911	9.0
5.3917	8.5
5.3922	8.5
5.3928	8.5
5.3933	8.0
5.3939	8.0
5.3944	7.5
5.3950	7.0
5.3956	7.0
5.3961	6.5
5.3983	6.5
5.3989	6.0
5.3994	5.5
5.4000	5.0
5.4006	5.0
5.4011	5.5
5.4017	5.5
5.4022	5.0
5.4039	5.0
5.4044	4.5
5.4067	4.5
5.4072	4.0
5.4094	4.0
5.4100	4.0
5.4106	4.0
5.4111	3.5
5.4128	3.5
5.4133	3.5
5.4139	3.0
5.4144	3.0
5.4150	3.5
5.4156	3.0
5.4161	3.0
5.4172	3.0
5.4178	3.0
5.4183	3.0
5.4189	3.0
5.4194	3.0
5.4206	3.0
5.4211	2.5
5.4222	2.5
5.4228	2.5
5.4244	2.5
5.4250	2.5
5.4256	2.5
5.4261	2.5
5.4272	2.5
5.4278	2.0
5.4317	2.0
5.4322	2.0
5.4333	2.0
5.4339	1.5
5.4344	1.5
5.4350	1.5
5.4356	1.5
5.4361	2.0
5.4378	2.0
5.4383	1.5
5.4411	1.5
5.4417	1.5
5.4422	1.5
5.4428	1.5
5.4444	1.5
5.4450	1.5
5.4461	1.5
5.4467	1.5
5.4500	1.5
5.4506	1.5
5.4511	1.5
5.4517	1.5
5.4533	1.5
5.4539	1.5
5.4550	1.5
5.4556	1.5
5.4567	1.5
5.4572	1.5
5.4583	1.5
5.4589	1.5
5.4600	1.5
5.4606	1.5
5.4617	1.5
5.4622	1.5
5.4628	1.5
5.4633	1.5
5.4639	1.5
5.4644	1.5
5.4656	1.5
5.4661	1.5
5.4683	1.5
5.4689	1.5
5.4694	1.5
5.4700	1.5
5.4706	1.5
5.4711	1.5
5.4728	1.5
5.4733	1.5
5.4783	1.5
5.4789	1.5
5.4800	1.5
5.4806	1.5
5.4822	1.5
5.4828	1.5
5.4839	1.5
5.4844	1.5
5.4861	1.5
5.4867	1.5
5.4900	1.5
5.4906	1.5
5.4911	1.5
5.4933	1.5
5.4939	1.5
5.4950	1.5
5.4956	1.0
5.5061	1.0
5.5067	1.0
5.5117	1.0
5.5122	1.0
5.5172	1.0
5.5178	1.0
5.5222	1.0
5.5228	1.0
5.5400	1.0
5.5406	1.0
5.5433	1.0
5.5439	1.0
5.5444	1.0
5.5450	1.0
5.5722	1.0
5.5728	1.0
5.6317	1.0
5.6322	1.0
5.6378	1.0
5.6383	1.0
5.6389	1.0
13.2578	1.0
13.2583	1.5
13.2589	1.0
13.2611	1.0
13.2617	1.5
13.2622	1.0
13.2639	1.0
13.2644	1.5
13.2650	1.0
13.2661	1.0
13.2667	1.5
13.2672	1.0
13.2678	1.5
13.7167	1.5
13.7172	2.0
13.7456	2.0
13.7461	2.0
13.7628	2.0
13.7633	2.5
13.7639	2.5
13.7644	2.0
13.7656	2.0
13.7661	2.5
13.7667	2.0
13.7672	2.0
13.7678	2.5
13.8167	2.5
13.8172	2.5
13.8178	2.5
13.8183	2.5
13.8189	2.5
13.8194	2.5
13.8200	2.5
13.8206	2.5
13.8706	2.5
13.8711	2.0
13.8717	2.0
13.8722	2.5
13.8894	2.5
13.8900	2.0
13.8917	2.0
13.8922	2.5
13.8928	2.5
13.8933	2.0
13.9072	2.0
13.9078	2.5
13.9083	2.0
14.0433	2.0
14.0439	2.0
14.0444	2.0
14.0450	2.0
14.6628	2.0
14.6633	1.5
14.6639	2.0
14.6644	1.5
14.6650	1.5
14.6656	2.0
14.6672	2.0
14.6678	1.5
14.6683	2.0
14.7194	2.0
14.7200	1.5
14.7206	1.5
14.7211	2.0
14.7244	2.0
14.7250	1.5
14.7256	2.0
14.7261	2.0
14.7267	1.5
14.7272	2.0
14.7289	2.0
14.7294	1.5
14.7300	2.0
14.7678	2.0
14.7683	1.5
14.7689	2.0
14.7700	2.0
14.7706	1.5
14.7711	2.0
14.7772	2.0
14.7778	1.5
14.7783	1.5
14.7789	2.0
14.7828	2.0
14.7833	1.5
14.7839	1.5
14.7844	2.0
14.7906	2.0
14.7911	1.5
14.7917	2.0
14.8000	2.0
14.8006	1.5
14.8033	1.5
14.8039	2.0
14.8044	1.5
14.8050	2.0
14.8056	1.5
14.8072	1.5
14.8078	2.0
14.8083	2.0
14.8089	1.5
14.8094	2.0
14.8150	2.0
14.8156	1.5
14.8161	2.0
14.8167	1.5
14.8172	1.5
14.8178	2.0
14.8183	2.0
14.8189	1.5
14.8194	2.0
14.8200	2.0
14.8206	1.5
14.8211	2.0
14.8217	1.5
14.8222	1.5
14.8228	2.0
14.8300	2.0
14.8306	1.5
14.8311	2.0
14.8400	2.0
14.8406	1.5
14.8411	1.5
14.8417	2.0
14.8422	1.5
14.8433	1.5
14.8439	2.0
14.8444	2.0
14.8450	1.5
14.8461	1.5
14.8467	2.0
14.8472	2.0
14.8478	1.5
14.8633	1.5
14.8639	2.0
14.8644	1.5
14.8661	1.5
14.8667	2.0
14.8678	2.0
14.8683	1.5
14.8711	1.5
14.8717	2.0
14.8722	1.5
14.8728	2.0
14.8733	1.5
14.8739	2.0
14.8744	2.0
14.8750	1.5
14.8756	2.0
14.8761	1.5
14.8767	2.0
14.8811	2.0
14.8817	1.5
14.8822	2.0
14.8844	2.0
14.8850	1.5
14.8878	1.5
14.8883	2.0
14.8889	2.0
14.8894	1.5
14.8906	1.5
14.8911	2.0
14.8917	1.5
14.8922	2.0
14.8928	1.5
14.8933	1.5
14.8939	2.0
14.8944	2.0
14.8950	1.5
14.8956	2.0
14.8961	1.5
14.9106	1.5
14.9111	2.0
14.9117	1.5
14.9128	1.5
14.9133	2.0
14.9139	1.5
14.9150	1.5
14.9156	2.0
14.9161	1.5
15.5783	1.5
15.5789	1.5
15.5794	1.5
15.5822	1.5
15.5828	1.5
15.5833	1.5
15.5844	1.5
15.5850	1.5
15.5856	1.5
15.5867	1.5
15.5872	1.5
15.5878	1.5
15.5883	1.5
15.5889	1.5
15.5894	1.5
15.5900	1.5
15.5928	1.5
15.5933	1.5
15.5939	1.5
15.5944	1.5
15.5950	1.5
15.6000	1.5
15.6006	1.5
15.6011	1.5
15.6017	1.5
15.6028	1.5
15.6033	1.5
15.6039	1.5
15.6044	1.5
15.6050	1.5
15.6056	1.5
15.6061	1.5
15.6067	1.5
15.6083	1.5
15.6089	1.5
15.6094	1.5
15.6100	1.5
15.6106	1.5
15.6111	1.5
15.6117	1.5
15.6122	1.5
15.6128	1.5
15.6133	1.5
15.6139	1.5
15.6144	1.5
15.6150	1.5
15.6156	1.5
15.6200	1.5
15.6206	1.5
15.6211	1.5
15.6217	1.5
15.6222	1.5
15.6228	1.5
15.6233	1.5
15.6239	1.5
15.6244	1.5
15.6250	1.5
20.5322	1.5
20.5328	1.0
20.5333	1.5
20.5428	1.5
20.5433	1.0
20.5439	1.5
20.5711	1.5
20.5717	1.0
20.5722	1.5
20.5806	1.5
20.5811	1.0
20.5817	1.5
20.5856	1.5
20.5861	1.0
20.5867	1.5
20.5922	1.5
20.5928	1.0
20.5933	1.5
20.5939	1.5
20.5944	1.0
20.5950	1.5
20.6133	1.5
20.6139	1.0
20.6144	1.5
20.6172	1.5
20.6178	1.0
20.6183	1.5
20.6311	1.5
20.6317	1.0
20.6322	1.5
20.6372	1.5
20.6378	1.0
20.6383	1.5
20.6433	1.5
20.6439	1.0
20.6444	1.5
20.6467	1.5
20.6472	1.0
20.6478	1.5
20.6494	1.5
20.6500	1.0
20.6506	1.5
20.6522	1.5
20.6528	1.0
20.6533	1.0
20.6539	1.5
20.6544	1.5
20.6550	1.0
20.6556	1.5
20.6561	1.5
20.6567	1.0
20.6572	1.5
20.6578	1.0
20.6583	1.5
20.6661	1.5
20.6667	1.0
20.6672	1.5
20.6728	1.5
20.6733	1.0
20.6739	1.5
20.6772	1.5
20.6778	1.0
20.6783	1.5
20.6811	1.5
20.6817	1.0
20.6822	1.5
20.6872	1.5
20.6878	1.0
20.6883	1.0
20.6889	1.5
20.6894	1.0
20.6900	1.5
20.6972	1.5
20.6978	1.0
20.6983	1.5
20.7044	1.5
20.7050	1.0
20.7056	1.5
20.7061	1.5
20.7067	1.0
20.7072	1.5
20.7106	1.5
20.7111	1.0
20.7117	1.5
20.7133	1.5
20.7139	1.0
20.7144	1.5
20.7150	1.0
20.7156	1.5
20.7233	1.5
20.7239	1.0
20.7244	1.5
20.7250	1.0
20.7256	1.5
20.7294	1.5
20.7300	1.0
20.7306	1.5
20.7333	1.5
20.7339	1.0
20.7344	1.5
20.7350	1.5
20.7356	1.0
20.7361	1.5
20.7367	1.0
20.7372	1.0
20.7378	1.5
20.7411	1.5
20.7417	1.0
20.7422	1.0
20.7428	1.5
20.7433	1.0
20.7439	1.5
20.7450	1.5
20.7456	1.0
20.7461	1.5
20.7489	1.5
20.7494	1.0
20.7500	1.5
20.7539	1.5
20.7544	1.0
20.7550	1.5
20.7594	1.5
20.7600	1.0
20.7606	1.0
20.7611	1.5
20.7650	1.5
20.7656	1.0
20.7661	1.5
20.7678	1.5
20.7683	1.0
20.7689	1.5
20.7694	1.0
20.7700	1.5
20.7706	1.5
20.7711	1.0
20.7717	1.0
20.7722	1.5
20.7750	1.5
20.7756	1.0
20.7761	1.5
20.7772	1.5
20.7778	1.0
20.7783	1.5
20.7794	1.5
20.7800	1.0
20.7806	1.0
20.7811	1.5
20.7817	1.0
20.7822	1.5
20.7828	1.0
20.7833	1.5
20.7839	1.5
20.7844	1.0
20.7850	1.0
20.7856	1.5
20.7861	1.0
20.7867	1.5
20.7872	1.0
20.7878	1.0
20.7883	1.5
20.7889	1.0
20.7894	1.0
20.7900	1.5
20.7906	1.0
20.7917	1.0
20.7922	1.5
20.7928	1.5
20.7933	1.0
20.7956	1.0
20.7961	1.5
20.7967	1.0
20.7989	1.0
20.7994	1.5
20.8000	1.0
20.8006	1.5
20.8011	1.5
20.8017	1.0
20.8022	1.5
20.8028	1.5
20.8033	1.0
20.8039	1.5
20.8044	1.0
20.8061	1.0
20.8067	1.5
20.8072	1.0
20.8078	1.5
20.8083	1.5
20.8089	1.0
20.8106	1.0
20.8111	1.5
20.8117	1.5
20.8122	1.0
20.8128	1.0
20.8133	1.5
20.8139	1.5
20.8144	1.0
20.8244	1.0
20.8250	1.5
20.8256	1.0
20.8300	1.0
20.8306	1.5
20.8311	1.0
20.8356	1.0
20.8361	1.5
20.8367	1.0
20.8400	1.0
20.8406	1.5
20.8411	1.0
20.8639	1.0
20.8644	1.5
20.8650	1.0
20.8728	1.0
20.8733	1.5
20.8739	1.0
20.8744	1.0
20.8750	1.5
20.8756	1.0
20.8778	1.0
20.8783	1.5
20.8789	1.0
20.8867	1.0
20.8872	1.5
20.8878	1.0
20.8889	1.0
20.8894	1.5
20.8900	1.0
20.8906	1.0
20.8911	1.5
20.8917	1.0
20.8956	1.0
20.8961	1.5
20.8967	1.0
20.8983	1.0
20.8989	1.5
20.8994	1.0
20.9000	1.0
20.9006	1.5
20.9011	1.0
20.9056	1.0
20.9061	1.5
20.9067	1.0
20.9094	1.0
20.9100	1.5
20.9106	1.0
20.9139	1.0
20.9144	1.5
20.9150	1.0
20.9228	1.0
20.9233	1.5
20.9239	1.0
20.9306	1.0
20.9311	1.5
20.9317	1.0
20.9417	1.0
20.9422	1.5
20.9428	1.0
20.9467	1.0
20.9472	1.5
20.9478	1.0
20.9483	1.5
20.9489	1.0
20.9539	1.0
20.9544	1.5
20.9550	1.0
20.9644	1.0
20.9650	1.5
20.9656	1.0
21.0394	1.0
21.0400	1.5
21.0406	1.0
21.0767	1.0
21.0772	1.5
21.0778	1.0
22.8178	1.0
22.8183	1.5
22.8206	1.5
22.8211	2.0
22.8217	2.0
22.8222	3.0
22.8233	3.0
22.8239	4.0
22.8244	4.5
22.8250	6.0
22.8267	6.0
22.8272	7.0
22.8278	7.5
22.8283	9.0
22.8289	9.0
22.8294	8.5
22.8300	9.0
22.8306	10.0
22.8311	10.0
22.8317	10.5
22.8322	11.0
22.8328	11.0
22.8333	11.5
22.8339	12.0
22.8344	12.0
22.8350	12.5
22.8356	12.5
22.8361	13.0
22.8367	13.0
22.8372	13.5
22.8383	13.5
22.8389	14.0
22.8406	14.0
22.8411	14.5
22.8422	14.5
22.8428	15.0
22.8439	15.0
22.8444	15.5
22.8478	15.5
22.8483	16.0
22.8506	16.0
22.8511	16.5
22.8550	16.5
22.8556	17.0
22.8561	16.5
22.8567	17.0
22.8611	17.0
22.8617	17.5
22.8744	17.5
22.8750	18.0
22.8767	18.0
22.8772	18.0
22.8794	18.0
22.8800	18.0
22.8806	18.0
22.8822	18.0
22.8828	18.0
22.8833	18.0
22.8839	18.0
22.8844	18.0
22.8850	18.0
22.8867	18.0
22.8872	18.0
22.8878	18.0
22.8894	18.0
22.8900	18.0
22.8906	18.0
22.8911	18.0
22.8922	18.0
22.8928	18.0
22.8933	18.0
22.8950	18.0
22.8956	18.0
22.8961	18.0
22.8967	18.0
22.8994	18.0
22.9000	18.0
22.9006	18.0
22.9011	18.0
22.9017	18.0
22.9033	18.0
22.9039	18.0
22.9061	18.0
22.9067	18.0
22.9078	18.0
22.9083	18.0
22.9089	18.0
22.9094	18.0
22.9100	18.0
22.9106	18.0
22.9117	18.0
22.9122	18.0
22.9128	18.0
22.9133	18.0
22.9139	18.0
22.9150	18.0
22.9156	18.0
22.9161	18.0
22.9167	18.0
22.9172	18.0
22.9178	18.0
22.9217	18.0
22.9222	18.0
22.9239	18.0
22.9244	18.5
22.9250	18.5
22.9256	18.0
22.9267	18.0
22.9272	18.5
22.9278	18.0
22.9283	18.5
22.9300	18.5
22.9306	18.5
22.9328	18.5
22.9333	18.0
22.9339	18.0
22.9344	18.0
22.9350	18.5
22.9356	18.5
22.9361	18.0
22.9367	18.0
22.9372	18.0
22.9378	18.5
22.9383	18.5
22.9389	18.5
22.9394	18.0
22.9406	18.0
22.9411	18.5
22.9417	18.0
22.9422	18.0
22.9428	18.0
22.9444	18.0
22.9450	18.0
22.9494	18.0
22.9500	17.5
22.9506	18.0
22.9511	18.0
22.9539	18.0
22.9544	18.0
22.9567	18.0
22.9572	18.0
22.9600	18.0
22.9606	18.0
22.9611	18.0
22.9622	18.0
22.9628	18.0
22.9633	18.0
22.9639	18.0
22.9650	18.0
22.9656	18.0
22.9661	18.0
22.9667	18.0
22.9672	18.0
22.9678	18.5
22.9683	18.0
22.9689	18.5
22.9694	18.0
22.9717	18.0
22.9722	18.5
22.9728	18.5
22.9744	18.5
22.9750	18.0
22.9756	18.5
22.9839	18.5
22.9844	18.5
22.9894	18.5
22.9900	18.5
22.9906	18.5
22.9911	18.5
22.9917	18.5
22.9928	18.5
22.9933	18.5
22.9939	18.5
22.9944	18.5
22.9972	18.5
22.9978	18.5
23.0056	18.5
23.0061	18.5
23.0172	18.5
23.0178	18.5
23.0211	18.5
23.0217	18.5
23.0289	18.5
23.0294	18.5
23.0339	18.5
23.0344	18.5
23.0350	18.5
23.0356	18.5
23.0383	18.5
23.0389	18.5
23.0517	18.5
23.0522	18.5
23.0694	18.5
23.0700	18.5
23.0917	18.5
23.0922	18.5
23.1572	18.5
23.1578	18.5
23.1583	18.5
23.1794	18.5
23.1800	18.5
23.1811	18.5
23.1817	18.5
23.1822	18.5
23.1906	18.5
23.1911	18.5
23.1939	18.5
23.1944	18.5
23.1950	18.5
23.1961	18.5
23.1967	18.5
23.2828	18.5
23.2833	19.0
23.2839	18.5
23.2861	18.5
23.2867	19.0
23.2878	19.0
23.2883	18.5
23.3000	18.5
23.3006	19.0
23.3011	18.5
23.3033	18.5
23.3039	19.0
23.3072	19.0
23.3078	18.5
23.3100	18.5
23.3106	19.0
23.3111	18.5
23.3117	18.5
23.3122	19.0
23.3128	18.5
23.3139	18.5
23.3144	19.0
23.3150	18.5
23.3156	18.5
23.3161	19.0
23.3167	18.5
23.3194	18.5
23.3200	19.0
23.3206	18.5
23.3211	19.0
23.3256	19.0
23.3261	18.5
23.3267	19.0
23.3317	19.0
23.3322	18.5
23.3350	18.5
23.3356	19.0
23.3372	19.0
23.3378	18.5
23.3383	19.0
23.3400	19.0
23.3406	18.5
23.3411	19.0
23.3517	19.0
23.3522	18.5
23.3539	18.5
23.3544	19.0
23.3550	19.0
23.3556	18.5
23.3561	19.0
23.3567	19.0
23.3572	18.5
23.3578	19.0
23.3583	18.5
23.3589	19.0
23.3683	19.0
23.3689	18.5
23.3694	19.0
23.3783	19.0
23.3789	18.5
23.3817	18.5
23.3822	19.0
23.3850	19.0
23.3856	18.5
23.3861	19.0
23.4044	19.0
23.4050	18.5
23.4067	18.5
23.4072	19.0
23.4083	19.0
23.4089	18.5
23.4094	19.0
23.4128	19.0
23.4133	18.5
23.4144	18.5
23.4150	19.0
23.4172	19.0
23.4178	18.5
23.4194	18.5
23.4200	19.0
23.4211	19.0
23.4217	18.5
23.4222	18.5
23.4228	19.0
23.4233	18.5
23.4311	18.5
23.4317	19.0
23.4322	18.5
23.4328	18.5
23.4333	19.0
23.4339	19.0
23.4344	18.5
23.4406	18.5
23.4411	19.0
23.4422	19.0
23.4428	18.5
23.4444	18.5
23.4450	19.0
23.4494	19.0
23.4500	18.5
23.4506	19.0
23.4528	19.0
23.4533	18.5
23.4539	18.5
23.4544	19.0
23.4550	18.5
23.4556	18.5
23.4561	19.0
23.4578	19.0
23.4583	18.5
23.4594	18.5
23.4600	19.0
23.4633	19.0
23.4639	18.5
23.4644	19.0
23.4650	18.5
23.4656	19.0
23.4661	18.5
23.4667	18.5
23.4672	19.0
23.4678	19.0
23.4683	18.5
23.4706	18.5
23.4711	19.0
23.4717	18.5
23.4722	18.5
23.4728	19.0
23.4733	19.0
23.4739	18.5
23.4783	18.5
23.4789	19.0
23.4794	18.5
23.4800	19.0
23.4822	19.0
23.4828	18.5
23.4833	19.0
23.4839	19.0
23.4844	18.5
23.4850	18.5
23.4856	19.0
23.4861	18.5
23.4900	18.5
23.4906	19.0
23.4911	19.0
23.4917	18.5
23.4956	18.5
23.4961	19.0
23.4967	18.5
23.4972	19.0
23.5000	19.0
23.5006	18.5
23.5017	18.5
23.5022	19.0
23.5028	19.0
23.5033	18.5
23.5039	19.0
23.5044	19.0
23.5050	18.5
23.5072	18.5
23.5078	19.0
23.5178	19.0
23.5183	18.5
23.5189	19.0
23.5217	19.0
23.5222	18.5
23.7572	18.5
23.7578	19.0
23.7594	19.0
23.7600	18.5
23.7856	18.5
23.7861	19.0
23.7867	19.0
23.7872	18.5
23.8461	18.5
23.8467	19.0
23.8472	18.5
23.8483	18.5
23.8489	19.0
23.8494	18.5
23.8500	19.0
23.8506	18.5
23.8522	18.5
23.8528	19.0
23.8533	18.5
23.8539	19.0
23.8578	19.0
23.8583	18.5
23.8589	19.0
23.8633	19.0
23.8639	18.5
23.8644	18.5
23.8650	19.0
23.8661	19.0
23.8667	18.5
23.8672	19.0
23.8678	19.0
23.8683	18.5
23.8689	19.0
23.8694	18.5
23.8711	18.5
23.8717	19.0
23.8722	18.5
23.8728	19.0
23.8733	18.5
23.8778	18.5
23.8783	19.0
23.8794	19.0
23.8800	18.5
23.8822	18.5
23.8828	19.0
23.8856	19.0
23.8861	18.5
23.8867	18.5
23.8872	19.0
23.8878	18.5
23.9072	18.5
23.9078	19.0
23.9083	18.5
23.9089	19.0
23.9094	18.5
23.9306	18.5
23.9311	19.0
23.9317	18.5
23.9533	18.5
23.9539	19.0
23.9550	19.0
23.9556	18.5
23.9689	18.5
23.9694	19.0
23.9700	18.5
24.0028	18.5
24.0033	19.0
24.0039	18.5
24.0211	18.5
24.0217	19.0
24.0244	19.0
24.0250	18.5
24.0256	19.0
24.0261	18.5
24.0278	18.5
24.0283	19.0
24.0289	18.5
24.0344	18.5
24.0350	19.0
24.0356	19.0
24.0361	18.5
24.3506	18.5
24.3511	18.0
24.3517	18.0
24.3522	18.5
24.3528	18.5
24.3533	18.0
24.3539	18.5
24.3544	18.5
24.3550	18.0
24.3556	18.5
24.3567	18.5
24.3572	18.0
24.3578	18.5
24.3656	18.5
24.3661	18.0
24.3667	18.0
24.3672	18.5
24.3678	18.0
24.3683	18.0
24.3689	18.5
24.3706	18.5
24.3711	18.0
24.3717	18.5
24.3739	18.5
24.3744	18.0
24.3750	18.0
24.3756	18.5
24.3761	18.0
24.3767	18.5
24.3850	18.5
24.3856	18.0
24.4006	18.0
24.4011	18.5
24.4022	18.5
24.4028	18.0
24.4033	18.5
24.4056	18.5
24.4061	18.0
24.4067	18.5
24.4072	18.0
24.4078	18.5
24.4083	18.5
24.4089	18.0
24.4111	18.0
24.4117	18.5
24.4122	18.0
24.4300	18.0
24.4306	18.5
24.4311	18.0
24.4478	18.0
24.4483	18.5
24.4489	18.0
24.4550	18.0
24.4556	18.5
24.4561	18.0
24.4589	18.0
24.4594	18.5
24.4611	18.5
24.4617	18.0
24.4628	18.0
24.4633	18.5
24.4678	18.5
24.4683	18.0
24.4744	18.0
24.4750	18.5
24.4756	18.0
24.5094	18.0
24.5100	18.5
24.5106	18.0
24.5522	18.0
24.5528	18.5
24.5533	18.0
24.5678	18.0
24.5683	18.0
24.5689	18.0
24.5694	18.0
24.5700	18.0
24.5706	18.5
24.5711	18.5
24.5717	18.5
24.5722	18.0
24.5728	18.0
24.5733	18.5
24.5739	18.0
24.7094	18.0
24.7100	18.5
24.7106	18.0
24.7122	18.0
24.7128	18.5
24.7133	18.5
24.7139	18.0
24.7144	18.0
24.7150	18.5
24.7161	18.5
24.7167	18.0
24.7200	18.0
24.7206	18.5
24.7300	18.5
24.7306	18.0
24.7322	18.0
24.7328	18.5
24.7461	18.5
24.7467	18.0
24.7528	18.0
24.7533	18.5
24.7561	18.5
24.7567	18.0
24.9472	18.0
24.9478	17.5
24.9483	17.5
24.9489	18.0
25.0422	18.0
25.0428	17.5
25.0433	18.0
25.0794	18.0
25.0800	17.5
25.0806	18.0
25.1417	18.0
25.1422	17.5
25.1428	18.0
25.2961	18.0
25.2967	18.5
25.2989	18.5
25.2994	18.0
25.3006	18.0
25.3011	18.5
25.3089	18.5
25.3094	18.0
25.3189	18.0
25.3194	18.5
25.3200	18.5
25.3206	18.0
25.3617	18.0
25.3622	17.5
25.3739	17.5
25.3744	18.0
25.3767	18.0
25.3772	17.5
25.3783	17.5
25.3789	18.0
25.5544	18.0
25.5550	18.5
25.5567	18.5
25.5572	18.0
25.5594	18.0
25.5600	18.5
25.5606	18.5
25.5611	18.0
25.5733	18.0
25.5739	18.5
25.5744	18.5
25.5750	18.0
25.5772	18.0
25.5778	18.5
25.5789	18.5
25.5794	18.0
25.5844	18.0
25.5850	18.5
25.5856	18.0
25.5894	18.0
25.5900	18.5
25.5911	18.5
25.5917	18.0
25.5922	18.5
25.5939	18.5
25.5944	18.0
25.5950	18.5
25.5956	18.0
25.5961	18.0
25.5967	18.5
25.5983	18.5
25.5989	18.0
25.6000	18.0
25.6006	18.5
25.6083	18.5
25.6089	18.0
25.6094	18.5
25.6100	18.5
25.6106	18.0
25.6111	18.5
25.6122	18.5
25.6128	18.0
25.6133	18.0
25.6139	18.5
25.6144	18.5
25.6150	18.0
25.6178	18.0
25.6183	18.5
25.6189	18.0
25.6294	18.0
25.6300	18.5
25.6322	18.5
25.6328	18.0
25.6389	18.0
25.6394	18.5
25.6400	18.5
25.6406	18.0
25.6461	18.0
25.6467	18.5
25.6478	18.5
25.6483	18.0
25.6494	18.0
25.6500	18.5
25.6506	18.0
25.6639	18.0
25.6644	18.5
25.6656	18.5
25.6661	18.0
25.6672	18.0
25.6678	18.5
25.6700	18.5
25.6706	18.0
25.7000	18.0
25.7006	18.5
25.7022	18.5
25.7028	18.0
25.7044	18.0
25.7050	18.5
25.7083	18.5
25.7089	18.0
25.7094	18.0
25.7100	18.5
25.7106	18.0
25.7117	18.0
25.7122	18.5
25.7128	18.5
25.7133	18.0
25.7139	18.0
25.7144	18.5
25.7150	18.0
25.7183	18.0
25.7189	18.5
25.7217	18.5
25.7222	18.0
25.7228	18.5
25.7233	18.5
25.7239	18.0
25.7244	18.0
25.7250	18.5
25.7267	18.5
25.7272	18.0
25.7278	18.5
25.7283	18.0
25.7306	18.0
25.7311	18.5
25.7317	18.0
25.7322	18.5
25.7328	18.0
25.7344	18.0
25.7350	18.5
25.7356	18.0
25.7361	18.5
25.7378	18.5
25.7383	18.0
25.7389	18.0
25.7394	18.5
25.7400	18.0
25.7422	18.0
25.7428	18.5
25.7433	18.5
25.7439	18.0
25.7489	18.0
25.7494	18.5
25.7500	18.0
25.7522	18.0
25.7528	18.5
25.7533	18.0
25.7550	18.0
25.7556	18.5
25.7583	18.5
25.7589	18.0
25.7594	18.5
25.7600	18.0
25.7606	18.0
25.7611	18.5
25.7633	18.5
25.7639	18.0
25.7644	18.5
25.7650	18.0
25.7667	18.0
25.7672	18.5
25.7678	18.0
25.7683	18.0
25.7689	18.5
25.7694	18.0
25.7733	18.0
25.7739	18.5
25.7756	18.5
25.7761	18.0
25.7767	18.0
25.7772	18.5
25.7789	18.5
25.7794	18.0
25.7800	18.0
25.7806	18.5
25.7811	18.5
25.7817	18.0
25.7872	18.0
25.7878	18.5
25.7883	18.0
25.7906	18.0
25.7911	18.5
25.7917	18.0
25.7939	18.0
25.7944	18.5
25.7950	18.5
25.7956	18.0
25.7961	18.0
25.7967	18.0
25.7972	18.5
25.7989	18.5
25.7994	18.0
25.8000	18.0
25.8006	18.5
25.8011	18.0
25.8022	18.0
25.8028	18.5
25.8033	18.0
25.8039	18.5
25.8044	18.0
25.8056	18.0
25.8061	18.5
25.8078	18.5
25.8083	18.0
25.8100	18.0
25.8106	18.5
25.8111	18.0
25.8183	18.0
25.8189	18.5
25.8194	18.0
25.8200	18.5
25.8256	18.5
25.8261	18.0
25.8283	18.0
25.8289	18.5
25.8328	18.5
25.8333	18.0
25.8339	18.5
25.8383	18.5
25.8389	18.0
25.8417	18.0
25.8422	18.0
25.8428	18.0
25.8444	18.0
25.8450	18.5
25.8456	18.0
25.8467	18.0
25.8472	18.0
25.8478	18.0
25.8483	18.5
25.8489	18.0
25.8494	18.0
25.8500	18.0
25.8506	18.5
25.8511	18.5
25.8517	18.5
25.8522	18.0
25.8528	18.5
25.8533	18.0
25.8539	18.5
25.8550	18.5
25.8556	18.0
25.8561	18.5
25.8567	18.5
25.8572	18.5
25.8578	18.5
25.8583	18.5
25.8589	18.0
25.8594	18.5
25.8600	18.5
25.8606	18.5
25.8611	18.5
25.8617	18.5
25.8622	18.5
25.8639	18.5
25.8644	18.5
25.8650	18.0
25.8672	18.0
25.8678	18.5
25.8689	18.5
25.8694	18.5
25.8700	18.0
25.8706	18.0
25.8711	18.5
25.8722	18.5
25.8728	18.5
25.8739	18.5
25.8744	18.5
25.8750	18.5
25.8756	18.5
25.8761	18.5
25.8767	18.0
25.8772	18.5
25.8783	18.5
25.8789	18.0
25.8794	18.0
25.8800	18.5
25.8806	18.0
25.8811	18.5
25.8817	18.5
25.8822	18.5
25.8828	18.5
25.8833	18.5
25.8839	18.0
25.8844	18.0
25.8850	18.5
25.8856	18.0
25.8861	18.0
25.8867	18.5
25.8872	18.5
25.8878	18.5
25.8883	18.5
25.8889	18.0
25.8894	18.5
25.8917	18.5
25.8922	18.5
25.8939	18.5
25.8944	18.5
25.8950	18.0
25.8956	18.5
25.8961	18.5
25.8967	18.5
25.8972	18.0
25.8978	18.0
25.8983	18.5
25.8989	18.5
25.9000	18.5
25.9006	18.0
25.9011	18.0
25.9017	18.0
25.9022	18.0
25.9067	18.0
25.9072	18.0
25.9078	18.0
25.9083	18.0
25.9106	18.0
25.9111	18.0
25.9117	18.0
25.9122	18.0
25.9128	18.5
25.9139	18.5
25.9144	18.0
25.9150	18.5
25.9156	18.5
25.9161	18.5
25.9167	18.5
25.9172	18.0
25.9178	18.5
25.9183	18.0
25.9189	18.0
25.9200	18.0
25.9206	18.5
25.9211	18.5
25.9217	18.5
25.9222	18.5
25.9228	18.5
25.9233	18.5
25.9239	18.5
25.9244	18.0
25.9250	18.0
25.9256	18.5
25.9261	18.5
25.9267	18.5
25.9272	18.5
25.9278	18.5
25.9311	18.5
25.9317	18.5
25.9322	18.5
25.9328	18.5
25.9339	18.5
25.9344	18.5
25.9350	18.5
25.9367	18.5
25.9372	18.5
25.9378	18.5
25.9383	18.0
25.9389	18.0
25.9394	18.5
25.9428	18.5
25.9433	18.0
25.9439	18.0
25.9444	18.5
25.9450	18.5
25.9456	18.0
25.9467	18.0
25.9472	18.5
25.9478	18.5
25.9483	18.0
25.9489	18.5
25.9494	18.0
25.9500	18.0
25.9506	18.5
25.9511	18.5
25.9517	18.0
25.9522	18.0
25.9528	18.5
25.9539	18.5
25.9544	18.0
25.9550	18.5
25.9556	18.5
25.9561	18.5
25.9628	18.5
25.9633	18.5
25.9639	18.5
25.9644	18.5
25.9650	18.5
25.9689	18.5
25.9694	18.0
25.9700	18.5
25.9717	18.5
25.9722	18.0
25.9728	18.0
25.9733	18.5
25.9756	18.5
25.9761	18.0
25.9767	18.5
25.9794	18.5
25.9800	18.5
25.9806	18.5
25.9822	18.5
25.9828	18.0
25.9833	18.5
25.9850	18.5
25.9856	18.5
25.9861	18.5
25.9906	18.5
25.9911	18.0
25.9917	18.0
25.9922	18.5
25.9944	18.5
25.9950	18.0
25.9956	18.5
26.0050	18.5
26.0056	18.0
26.0061	18.5
26.0094	18.5
26.0100	18.0
26.0111	18.0
26.0117	18.5
26.0133	18.5
26.0139	18.0
26.0144	18.5
26.0200	18.5
26.0206	18.0
26.0211	18.5
26.0217	18.0
26.0222	18.5
26.0339	18.5
26.0344	18.0
26.0350	18.5
26.0361	18.5
26.0367	18.0
26.0394	18.0
26.0400	18.5
26.0406	18.5
26.0411	18.0
26.0439	18.0
26.0444	18.5
26.0450	18.0
26.0456	18.5
26.0472	18.5
26.0478	18.0
26.0483	18.5
26.0494	18.5
26.0500	18.0
26.0517	18.0
26.0522	18.5
26.0550	18.5
26.0556	18.5
26.0561	18.5
26.0578	18.5
26.0583	18.0
26.0589	18.5
26.0600	18.5
26.0606	18.0
26.0611	18.5
26.0633	18.5
26.0639	18.0
26.0650	18.0
26.0656	18.5
26.0767	18.5
26.0772	19.0
26.0778	18.5
26.0789	18.5
26.0794	19.0
26.0800	18.5
26.1006	18.5
26.1011	19.0
26.1017	18.5
26.1094	18.5
26.1100	19.0
26.1106	18.5
26.1111	19.0
26.1117	18.5
26.1122	19.0
26.1128	19.0
26.1133	18.5
26.1144	18.5
26.1150	19.0
26.1156	18.5
26.1711	18.5
26.1717	19.0
26.1722	18.5
26.1728	19.0
26.1733	18.5
26.1744	18.5
26.1750	19.0
26.1783	19.0
26.1789	18.5
26.1794	18.5
26.1800	19.0
26.1806	19.0
26.1811	18.5
26.1889	18.5
26.1894	19.0
26.1922	19.0
26.1928	18.5
26.1933	18.5
26.1939	19.0
26.1956	19.0
26.1961	18.5
26.1978	18.5
26.1983	19.0
26.1989	18.5
26.2072	18.5
26.2078	19.0
26.2094	19.0
26.2100	18.5
26.2311	18.5
26.2317	19.0
26.2322	18.5
26.2367	18.5
26.2372	19.0
26.2378	18.5
26.2761	18.5
26.2767	19.0
26.2783	19.0
26.2789	18.5
26.2794	19.0
26.2800	18.5
26.2806	19.0
26.2817	19.0
26.2822	18.5
26.2833	18.5
26.2839	19.0
26.2844	18.5
26.3550	18.5
26.3556	18.0
26.3561	18.5
26.3617	18.5
26.3622	18.0
26.3628	18.5
26.3672	18.5
26.3678	18.0
26.3683	18.0
26.3689	18.5
26.3833	18.5
26.3839	18.0
26.3844	18.5
26.3850	18.5
26.3856	18.0
26.3861	18.0
26.3867	18.5
26.3889	18.5
26.3894	18.0
26.3900	18.0
26.3906	18.5
26.4133	18.5
26.4139	18.0
26.4144	18.5
26.4494	18.5
26.4500	18.0
26.4511	18.0
26.4517	18.5
26.4522	18.5
26.4528	18.0
26.4533	18.5
26.4589	18.5
26.4594	18.0
26.4600	18.5
26.4650	18.5
26.4656	18.0
26.4661	18.5
26.4794	18.5
26.4800	18.0
26.4806	18.5
26.5011	18.5
26.5017	18.0
26.5022	18.5
26.5872	18.5
26.5878	18.0
26.5883	18.5
26.6178	18.5
26.6183	19.0
26.6200	19.0
26.6206	18.5
26.6622	18.5
26.6628	18.0
26.6633	18.5
26.8494	18.5
26.8500	19.0
26.8506	18.5
26.8511	19.0
26.8517	19.0
26.8522	18.5
26.9644	18.5
26.9650	19.0
26.9661	19.0
26.9667	18.5
26.9672	19.0
26.9678	18.5
27.0100	18.5
27.0106	18.0
27.0111	18.0
27.0117	17.0
27.0122	17.0
27.0128	16.5
27.0133	16.5
27.0139	16.0
27.0144	15.5
27.0150	15.0
27.0156	15.0
27.0161	14.0
27.0167	14.0
27.0172	13.5
27.0178	13.0
27.0183	12.5
27.0189	12.0
27.0194	11.5
27.0200	11.0
27.0206	11.0
27.0211	10.0
27.0217	9.5
27.0222	9.5
27.0228	9.0
27.0239	9.0
27.0244	8.5
27.0250	8.5
27.0256	7.5
27.0261	7.0
27.0267	6.5
27.0272	6.5
27.0278	6.0
27.0283	6.5
27.0289	6.0
27.0300	6.0
27.0306	5.5
27.0317	5.5
27.0322	5.0
27.0328	5.0
27.0333	4.5
27.0339	4.5
27.0344	5.0
27.0350	5.0
27.0356	4.5
27.0378	4.5
27.0383	4.0
27.0400	4.0
27.0406	4.0
27.0411	3.5
27.0422	3.5
27.0428	3.0
27.0433	3.5
27.0439	3.0
27.0444	3.0
27.0450	3.0
27.0461	3.0
27.0467	3.0
27.0472	3.0
27.0478	2.5
27.0483	2.5
27.0489	2.5
27.0494	2.5
27.0500	2.5
27.0550	2.5
27.0556	2.0
27.0561	2.0
27.0578	2.0
27.0583	2.0
27.0600	2.0
27.0606	2.0
27.0617	2.0
27.0622	2.0
27.0650	2.0
27.0656	2.0
27.0667	2.0
27.0672	2.0
27.0678	2.0
27.0683	2.0
27.0689	2.0
27.0694	2.0
27.0700	2.0
27.0717	2.0
27.0722	1.5
27.0728	1.5
27.0733	2.0
27.0739	2.0
27.0744	1.5
27.0794	1.5
27.0800	1.5
27.0822	1.5
27.0828	1.5
27.0861	1.5
27.0867	1.5
27.0917	1.5
27.0922	1.5
27.0928	1.5
27.0933	1.5
27.0961	1.5
27.0967	1.5
27.0978	1.5
27.0983	1.5
27.1039	1.5
27.1044	1.5
27.1056	1.5
27.1061	1.5
27.1067	1.5
27.1083	1.5
27.1089	1.5
27.1122	1.5
27.1128	1.5
27.1133	1.5
27.1139	1.5
27.1144	1.5
27.1150	1.5
27.1156	1.5
27.1161	1.5
27.1167	1.5
27.1178	1.5
27.1183	1.5
27.1189	1.5
27.1194	1.5
27.1200	1.5
27.1206	1.5
27.1211	1.5
27.1228	1.5
27.1233	1.5
27.1250	1.5
27.1256	1.5
27.1261	1.5
27.1267	1.5
27.1272	1.5
27.1278	1.5
27.1283	1.5
27.1306	1.5
27.1311	1.5
27.1317	1.5
27.1322	1.5
27.1417	1.5
27.1422	1.5
27.1439	1.5
27.1444	1.5
27.1450	1.5
27.1456	1.5
27.1578	1.5
27.1583	1.0
27.1589	1.5
27.1600	1.5
27.1606	1.0
27.1611	1.5
27.1622	1.5
27.1628	1.0
27.1633	1.5
27.1644	1.5
27.1650	1.0
27.1656	1.5
27.1672	1.5
27.1678	1.0
27.1683	1.0
27.1689	1.0
27.1694	1.5
27.1711	1.5
27.1717	1.0
27.1722	1.0
27.1733	1.0
27.1739	1.0
27.1750	1.0
27.1756	1.0
27.1761	1.0
27.1767	1.0
27.1933	1.0
27.1939	1.0
27.1972	1.0
27.1978	1.5
27.1983	1.0
27.1989	1.5
27.2067	1.5
27.2072	1.5
27.2106	1.5
27.2111	1.5
27.2122	1.5
27.2128	1.5
27.2167	1.5
27.2172	1.5
27.2200	1.5
27.2206	1.0
27.2211	1.5
27.2222	1.5
27.2228	1.0
27.2289	1.0
27.2294	1.0
27.2556	1.0
27.2561	1.0
27.2672	1.0
27.2678	1.0
27.2717	1.0
27.2722	1.0
27.2728	1.0
27.2733	1.0
27.2756	1.0
27.2761	1.0
27.3122	1.0
27.3128	1.0
27.3428	1.0
27.3433	1.0
27.3444	1.0
27.3450	1.0
27.3467	1.0
27.3472	1.0
27.4144	1.0
27.4150	1.0
27.4156	1.0
27.4161	1.0
30.0294	1.0
30.0300	1.0
30.0306	1.0
30.0461	1.0
30.0467	1.0
30.0472	1.0
30.0717	1.0
30.0722	1.0
30.0728	1.0
30.1072	1.0
30.1078	1.0
30.1083	1.0
30.3006	1.0
30.3011	1.0
30.3017	1.0
30.3589	1.0
30.3594	1.0
30.3600	1.0
30.3794	1.0
30.3800	1.0
30.3806	1.0
30.4000	1.0
30.4006	1.0
30.4011	1.0
30.4094	1.0
30.4100	1.0
30.4106	1.0
30.4733	1.0
30.4739	1.0
30.4744	1.0
30.4967	1.0
30.4972	1.0
30.4978	1.0
30.5656	1.0
30.5661	1.0
30.5667	1.0
30.5889	1.0
30.5894	1.0
30.5900	1.0
30.5972	1.0
30.5978	1.0
30.5983	1.0
30.5989	1.0
30.6300	1.0
30.6306	1.0
30.6311	1.0
30.6322	1.0
30.6328	1.0
30.6333	1.0
30.6478	1.0
30.6483	1.0
30.6489	1.0
30.7589	1.0
30.7594	1.0
30.7600	1.0
30.7972	1.0
30.7978	1.0
30.7983	1.0
30.8417	1.0
30.8422	1.0
30.8428	1.0
31.0150	1.0
31.0156	1.0
31.0161	1.0
31.0228	1.0
31.0233	1.0
31.0239	1.0
31.0450	1.0
31.0456	1.0
31.0461	1.0
31.1300	1.0
31.1306	1.0
31.1311	1.0
33.2006	1.0
33.2011	1.5
33.2017	1.0
33.2133	1.0
33.2139	1.5
33.2144	1.0
33.2211	1.0
33.2217	1.5
33.2222	1.0
33.2233	1.0
33.2239	1.5
33.2244	1.5
33.2250	1.0
33.2278	1.0
33.2283	1.5
33.2289	1.0
33.2294	1.5
33.2300	1.0
33.2306	1.0
33.2311	1.5
33.2317	1.0
33.2322	1.0
33.2328	1.5
33.2333	1.0
33.2344	1.0
33.2350	1.5
33.2356	1.0
33.2378	1.0
33.2383	1.5
33.2389	1.0
33.2394	1.5
33.2400	1.0
33.2406	1.5
33.2411	1.0
33.2422	1.0
33.2428	1.5
33.2433	1.0
33.2439	1.5
33.2444	1.5
33.2450	1.0
33.2467	1.0
33.2472	1.5
33.2478	1.5
33.2483	1.0
33.2494	1.0
33.2500	1.5
33.2506	1.0
33.2511	1.5
33.2517	1.5
33.2522	1.0
33.2533	1.0
33.2539	1.5
33.2544	1.0
33.2550	1.0
33.2556	1.5
33.2561	1.0
33.2567	1.5
33.2572	1.0
33.2589	1.0
33.2594	1.5
33.2600	1.0
33.2606	1.5
33.2611	1.0
33.2639	1.0
33.2644	1.5
33.2650	1.0
33.2661	1.0
33.2667	1.5
33.2678	1.5
33.2683	1.0
33.2700	1.0
33.2706	1.5
33.2717	1.5
33.2722	1.0
33.2750	1.0
33.2756	1.5
33.2761	1.0
33.2767	1.5
33.2778	1.5
33.2783	1.0
33.2789	1.0
33.2794	1.5
33.2800	1.5
33.2806	1.0
33.2811	1.5
33.2817	1.5
33.2822	1.0
33.2828	1.5
33.2833	1.5
33.2839	1.0
33.2844	1.5
33.2850	1.0
33.2856	1.0
33.2861	1.5
33.2878	1.5
33.2883	1.0
33.2889	1.5
33.2894	1.5
33.2900	1.0
33.2906	1.5
33.2922	1.5
33.2928	1.0
33.2933	1.5
33.2950	1.5
33.2956	1.0
33.2961	1.5
33.3000	1.5
33.3006	1.0
33.3011	1.5
33.3017	1.0
33.3022	1.5
33.3028	1.0
33.3033	1.5
33.3083	1.5
33.3089	1.0
33.3094	1.5
33.3117	1.5
33.3122	1.0
33.3128	1.5
33.3144	1.5
33.3150	1.0
33.3156	1.5
33.3161	1.0
33.3167	1.5
33.3178	1.5
33.3183	1.0
33.3189	1.0
33.3194	1.5
33.3200	1.0
33.3206	1.5
33.3256	1.5
33.3261	1.0
33.3267	1.5
33.3272	1.5
33.3278	1.0
33.3283	1.5
33.3289	1.0
33.3294	1.5
33.3300	1.5
33.3306	1.0
33.3311	1.5
33.3350	1.5
33.3356	1.0
33.3361	1.5
33.3383	1.5
33.3389	1.0
33.3394	1.5
33.3428	1.5
33.3433	1.0
33.3444	1.0
33.3450	1.5
33.3456	1.0
33.3461	1.5
33.3467	1.0
33.3472	1.5
33.3528	1.5
33.3533	1.0
33.3539	1.0
33.3544	1.5
33.3550	1.0
33.3556	1.5
33.3561	1.0
33.3567	1.5
33.3572	1.0
33.3578	1.5
33.3656	1.5
33.3661	1.0
33.3667	1.5
33.3678	1.5
33.3683	1.0
33.3689	1.0
33.3694	1.5
33.3706	1.5
33.3711	1.0
33.3717	1.5
33.3722	1.0
33.3728	1.5
33.3733	1.5
33.3739	1.0
33.3744	1.5
33.3761	1.5
33.3767	1.0
33.3772	1.5
33.3817	1.5
33.3822	1.0
33.3828	1.5
33.3867	1.5
33.3872	1.0
33.3878	1.5
33.3883	1.5
33.3889	1.0
33.3894	1.5
33.3906	1.5
33.3911	1.0
33.3917	1.5
33.3922	1.0
33.3928	1.5
33.4006	1.5
33.4011	1.0
33.4017	1.5
33.4039	1.5
33.4044	1.0
33.4050	1.5
33.4144	1.5
33.4150	1.0
33.4156	1.5
33.4217	1.5
33.4222	1.0
33.4228	1.5
33.4583	1.5
33.4589	1.0
33.4594	1.5
33.4644	1.5
33.4650	1.0
33.4656	1.5
33.5239	1.5
33.5244	1.0
33.5250	1.5
33.5278	1.5
33.5283	1.0
33.5289	1.5
33.5311	1.5
33.5317	1.0
33.5322	1.5
40.0000	1.5