0	0	1
0.6306	0	1
0.635	0	1
0.6356	0	1
0.6361	0	1
0.6417	0	1
0.6422	0	1
0.6428	0	1
2.4994	0	1
2.5	0	1
2.5011	0	1
2.5017	0	1
2.5022	0	1
2.5028	0	1
2.5033	0	1
2.5039	0	1
2.5094	0	1
2.51	0.5	1
2.5117	0.5	1
2.5122	0	1
2.5128	0.5	1
2.5978	0.5	1
2.5983	1	1
2.5989	1	1
2.5994	0.5	1
2.6	1	1
2.6128	1	1
2.6133	1	1
2.6489	1	1
2.6494	1.5	1
2.67	1.5	1
2.6706	1.5	1
2.69	1.5	1
2.6906	2	1
2.7122	2	1
2.7128	2	1
2.7239	2	1
2.7244	2.5	1
2.7494	2.5	1
2.75	2.5	1
2.7561	2.5	1
2.7567	3	1
2.7828	3	1
2.7833	3	1
2.7867	3	1
2.7872	3.5	1
2.81	3.5	1
2.8106	3.5	1
2.8161	3.5	1
2.8167	4	1
2.84	4	1
2.8406	4	1
2.8433	4	1
2.8439	4.5	1
2.8706	4.5	1
2.8711	4.5	1
2.8717	4.5	1
2.8722	4.5	1
2.8728	4.5	1
2.8733	5	1
2.8967	5	1
2.8972	5	1
2.9011	5	1
2.9017	5.5	1
2.9022	5	1
2.9028	5.5	1
2.93	5.5	1
2.9306	5.5	1
2.9311	5.5	1
2.9317	6	1
2.9322	6	1
2.9328	5.5	1
2.9333	6	1
2.96	6	1
2.9606	6	1
2.9611	6	1
2.9617	6	1
2.9633	6	1
2.9639	6.5	1
2.9889	6.5	1
2.9894	6.5	1
2.9956	6.5	1
2.9961	7	1
3.0206	7	1
3.0211	7	1
3.0294	7	1
3.03	7.5	1
3.0306	7	1
3.0311	7.5	1
3.055	7.5	1
3.0556	7.5	1
3.0561	7.5	1
3.0567	7.5	1
3.0656	7.5	1
3.0661	8	1
3.0917	8	1
3.0922	8	1
3.105	8	1
3.1056	8.5	1
3.1061	8.5	1
3.1067	8	1
3.1072	8.5	1
3.1294	8.5	1
3.13	8.5	1
3.1483	8.5	1
3.1489	9	1
3.1756	9	1
3.1761	9	1
3.1933	9	1
3.1939	9.5	1
3.1944	9	1
3.195	9.5	1
3.2189	9.5	1
3.2194	9.5	1
3.22	9.5	1
3.2206	9.5	1
3.2439	9.5	1
3.2444	10	1
3.245	9.5	1
3.2456	9.5	1
3.2461	10	1
3.2694	10	1
3.27	10	1
3.3	10	1
3.3006	10.5	1
3.3011	10	1
3.3017	10.5	1
3.3033	10.5	1
3.3039	10	1
3.3044	10.5	1
3.3228	10.5	1
3.3233	10.5	1
3.3661	10.5	1
3.3667	11	1
3.3672	10.5	1
3.3678	11	1
3.3872	11	1
3.3878	11	1
3.3883	11	1
3.3889	11	1
3.39	11	1
3.3906	11	1
3.4417	11	1
3.4422	11.5	1
3.4428	11.5	1
3.4433	11	1
3.4439	11	1
3.4444	11.5	1
3.4589	11.5	1
3.4594	11.5	1
3.525	11.5	1
3.5256	12	1
3.5267	12	1
3.5272	11.5	1
3.5278	11.5	1
3.5283	12	1
3.54	12	1
3.5406	12	1
3.5411	12	1
3.5417	12	1
3.5422	12	1
3.5428	12	1
3.6272	12	1
3.6278	12.5	1
3.6283	12	1
3.6294	12	1
3.63	12.5	1
3.6322	12.5	1
3.6328	12	1
3.6333	12.5	1
3.6411	12.5	1
3.6417	12.5	1
3.6422	12.5	1
3.6428	12.5	1
3.6433	12.5	1
3.6439	12.5	1
3.6444	12.5	1
3.7417	12.5	1
3.7422	13	1
3.7428	13	1
3.7433	12.5	1
3.7439	12.5	1
3.7444	13	1
3.745	13	1
3.7456	12.5	1
3.7461	13	1
3.7483	13	1
3.7489	13	1
3.7494	13	1
3.7506	13	1
3.7511	13	1
3.7517	13	1
3.7522	13	1
3.7539	13	1
3.7544	13	1
3.755	13	1
3.7583	13	1
3.7589	13	1
3.7594	13	1
3.8722	13	1
3.8728	13.5	1
3.8733	13	1
3.8739	13.5	1
3.8744	13	1
3.875	13.5	1
3.8761	13.5	1
3.8767	13.5	1
3.8772	13.5	1
3.8778	13	1
3.8783	13	1
3.8789	13.5	1
3.8794	13.5	1
3.88	13.5	1
3.8806	13.5	1
3.8811	13.5	1
3.8817	13.5	1
3.8822	13	1
3.8828	13.5	1
4.0372	13.5	1
4.0378	13.5	1
4.0383	13.5	1
4.04	13.5	1
4.0406	14	1
4.0411	13.5	1
4.0417	14	1
4.0422	13.5	1
4.0456	13.5	1
4.0461	14	1
4.2222	14	1
4.2228	14	1
4.2233	14	1
4.2239	14	1
4.2244	14	1
4.2256	14	1
4.2261	14	1
4.2267	14	1
4.2283	14	1
4.2289	14	1
4.23	14	1
4.2306	14	1
4.2311	14	1
4.2344	14	1
4.235	14	1
4.2356	14	1
4.2467	14	1
4.2472	14.5	1
4.2494	14.5	1
4.25	14	1
4.2506	14.5	1
4.2522	14.5	1
4.2528	14	1
4.2533	14.5	1
4.4633	14.5	1
4.4639	14.5	1
4.4644	14.5	1
4.465	14.5	1
4.4656	14.5	1
4.4672	14.5	1
4.4678	14.5	1
4.4683	14.5	1
4.4689	14.5	1
4.4694	14.5	1
4.4717	14.5	1
4.4722	14.5	1
4.4733	14.5	1
4.4739	14.5	1
4.4744	14.5	1
4.475	14.5	1
4.4756	14.5	1
4.4761	14.5	1
4.4767	14.5	1
4.4783	14.5	1
4.4789	14.5	1
4.4817	14.5	1
4.4822	14.5	1
4.4828	14.5	1
4.4861	14.5	1
4.4867	14.5	1
4.4872	14.5	1
4.5072	14.5	1
4.5078	15	1
4.5083	14.5	1
4.5089	15	1
4.51	15	1
4.5106	14.5	1
4.5122	14.5	1
4.5128	15	1
4.8383	15	1
4.8389	15	1
4.8394	15	1
4.8417	15	1
4.8422	15	1
4.8428	15	1
4.8444	15	1
4.845	15	1
4.8456	15	1
4.8467	15	1
4.8472	15	1
4.8478	15	1
4.8506	15	1
4.8511	15	1
4.8517	15	1
4.8522	15	1
4.8528	15	1
4.8533	15	1
4.8556	15	1
4.8561	15	1
4.8567	15	1
4.8578	15	1
4.8583	15	1
4.8589	15	1
4.8594	15	1
4.86	15	1
4.8628	15	1
4.8633	15.5	1
4.8639	15	1
4.8656	15	1
4.8661	15	1
4.8667	15	1
4.8672	15	1
4.8678	15.5	1
4.8683	15	1
4.8694	15	1
4.87	15	1
4.8706	15	1
4.8728	15	1
4.8733	15.5	1
4.8739	15	1
4.8744	15.5	1
4.875	15	1
4.8756	15	1
4.8761	15.5	1
4.8767	15	1
4.8772	15.5	1
4.8778	15	1
4.8783	15.5	1
4.8789	15	1
4.8794	15.5	1
4.88	15.5	1
4.8806	15	1
4.8811	15.5	1
4.8822	15.5	1
4.8828	15	1
4.8833	15.5	1
4.8856	15.5	1
4.8861	15	1
4.8867	15.5	1
4.89	15.5	1
4.8906	15	1
4.8911	15.5	1
5.235	15.5	1
5.2356	15.5	1
5.2361	15.5	1
5.2372	15.5	1
5.2378	15.5	1
5.2383	15.5	1
5.2489	15.5	1
5.2494	15.5	1
5.25	15.5	1
5.2506	15.5	1
5.2511	15.5	1
5.2517	15.5	1
5.2522	15.5	1
5.2528	15.5	1
5.2533	15.5	1
5.2544	15.5	1
5.255	15.5	1
5.2572	15.5	1
5.2578	15.5	1
5.2583	15.5	1
5.2594	15.5	1
5.26	15.5	1
5.2606	15.5	1
5.2628	15.5	1
5.2633	15.5	1
5.2639	15.5	1
5.2656	15.5	1
5.2661	15.5	1
5.2667	15.5	1
5.2689	15.5	1
5.2694	15.5	1
5.27	15.5	1
5.2711	15.5	1
5.2717	15.5	1
5.2728	15.5	1
5.2733	15.5	1
5.2744	15.5	1
5.275	15.5	1
5.2756	15.5	1
5.2761	15.5	1
5.2939	15.5	1
5.2944	15.5	1
5.295	15.5	1
5.2983	15.5	1
5.2989	15.5	1
5.2994	15.5	1
5.305	15.5	1
5.3056	15.5	1
5.3061	15.5	1
5.3078	15.5	1
5.3083	15.5	1
5.3089	15.5	1
5.31	15.5	1
5.3106	15.5	1
5.3111	15.5	1
5.3144	15.5	1
5.315	16	1
5.3156	15.5	1
5.3161	15.5	1
5.3167	16	1
5.3172	15.5	1
5.3217	15.5	1
5.3222	16	1
5.3228	15.5	1
5.3233	15.5	1
5.3239	16	1
5.3261	16	1
5.3267	15.5	1
5.3283	15.5	1
5.3289	16	1
5.3294	15.5	1
5.33	16	1
5.3361	16	1
5.3367	15.5	1
5.3372	16	1
5.3544	16	1
5.355	15.5	1
5.3556	16	1
5.9706	16	1
5.9711	16	1
5.9717	16	1
5.9722	16	1
5.9728	16	1
5.9733	16	1
5.975	16	1
5.9756	16	1
5.9761	16	1
5.9839	16	1
5.9844	16	1
5.985	16	1
5.9894	16	1
5.99	16	1
5.9906	16	1
5.9911	16	1
5.9922	16	1
5.9928	16	1
5.9961	16	1
5.9967	16	1
5.9972	16	1
6	16	1
6.0006	16	1
6.0011	16	1
6.0033	16	1
6.0039	16	1
6.0044	16	1
6.005	16	1
6.0078	16	1
6.0083	16	1
6.0089	16	1
6.0094	16	1
6.0106	16	1
6.0111	16	1
6.0117	16	1
6.0122	16	1
6.0128	16	1
6.0133	16	1
6.0139	16	1
6.0144	16	1
6.0172	16	1
6.0178	16	1
6.0183	16	1
6.0194	16	1
6.02	16	1
6.0206	16	1
6.0233	16	1
6.0239	16	1
6.0244	16	1
6.025	16	1
6.0256	16	1
6.0261	16	1
6.0294	16	1
6.03	16	1
6.0306	16	1
6.0444	16	1
6.045	16	1
6.0456	16	1
6.0489	16	1
6.0494	16	1
6.05	16	1
6.0506	16	1
6.0511	16	1
6.0933	16	1
6.0939	16.5	1
6.0944	16.5	1
6.095	16	1
6.0956	16.5	1
6.0961	16	1
6.0967	16	1
6.0972	16.5	1
6.0978	16.5	1
6.0983	16	1
6.0989	16.5	1
6.0994	16	1
6.1	16.5	1
6.1006	16	1
6.1011	16.5	1
6.1017	16.5	1
6.1022	16	1
6.1044	16	1
6.105	16.5	1
6.1056	16	1
6.1072	16	1
6.1078	16.5	1
6.1083	16	1
6.1089	16	1
6.1094	16.5	1
6.11	16	1
6.1111	16	1
6.1117	16.5	1
6.1122	16	1
6.1133	16	1
6.1139	16.5	1
6.1144	16.5	1
6.115	16	1
6.1156	16	1
6.1161	16.5	1
6.1167	16	1
6.1178	16	1
6.1183	16.5	1
6.1189	16.5	1
6.1194	16	1
6.12	16.5	1
6.1233	16.5	1
6.1239	16	1
6.1244	16.5	1
6.125	16.5	1
6.1256	16	1
6.1261	16.5	1
6.1289	16.5	1
6.1294	16	1
6.13	16.5	1
6.1367	16.5	1
6.1372	16	1
6.1378	16.5	1
6.6322	16.5	1
6.6328	16.5	1
6.6333	16.5	1
6.6356	16.5	1
6.6361	16.5	1
6.6367	16.5	1
6.6372	16.5	1
6.6378	16.5	1
6.6383	16.5	1
6.6389	16.5	1
6.6394	16.5	1
6.64	16.5	1
6.6406	16.5	1
6.6411	16.5	1
6.6417	16.5	1
6.6422	16.5	1
6.6428	16.5	1
6.6433	16.5	1
6.6461	16.5	1
6.6467	16.5	1
6.6472	16.5	1
6.6478	16.5	1
6.6483	16.5	1
6.6489	16.5	1
6.65	16.5	1
6.6506	16.5	1
6.6511	16.5	1
6.6517	16.5	1
6.6522	16.5	1
6.6528	16.5	1
6.6533	16.5	1
6.6539	16.5	1
6.6544	16.5	1
6.655	16.5	1
6.6572	16.5	1
6.6578	16.5	1
6.6583	16.5	1
6.6589	16.5	1
6.6594	16.5	1
6.6622	16.5	1
6.6628	16.5	1
6.6633	16.5	1
6.6644	16.5	1
6.665	16.5	1
6.6656	16.5	1
6.6678	16.5	1
6.6683	16.5	1
6.6689	16.5	1
6.8283	16.5	1
6.8289	16.5	1
6.8294	16.5	1
6.8317	16.5	1
6.8322	16.5	1
6.8328	16.5	1
6.8333	16.5	1
6.8339	16.5	1
6.8356	16.5	1
6.8361	16.5	1
6.8383	16.5	1
6.8389	16.5	1
6.8394	16.5	1
6.84	16.5	1
6.8406	16.5	1
6.8422	16.5	1
6.8428	16.5	1
6.8433	16.5	1
6.8439	16.5	1
6.8444	16.5	1
6.845	16.5	1
6.8456	16.5	1
6.9133	16.5	1
6.9139	16	1
6.9144	16.5	1
6.915	16.5	1
6.9156	16	1
6.9556	16	1
6.9561	16	1
6.9567	16	1
6.9572	16	1
6.9578	16	1
6.9717	16	1
6.9722	15.5	1
6.9728	16	1
6.9739	16	1
6.9744	15.5	1
7.0111	15.5	1
7.0117	15.5	1
7.0122	15.5	1
7.0128	15.5	1
7.0167	15.5	1
7.0172	15	1
7.0178	15.5	1
7.0183	15.5	1
7.0189	15	1
7.055	15	1
7.0556	15	1
7.0567	15	1
7.0572	14.5	1
7.0578	14.5	1
7.0583	14.5	1
7.0906	14.5	1
7.0911	14	1
7.0928	14	1
7.0933	14	1
7.0939	14	1
7.0944	14	1
7.1239	14	1
7.1244	13.5	1
7.125	13.5	1
7.1256	14	1
7.1261	13.5	1
7.1289	13.5	1
7.1294	13.5	1
7.1567	13.5	1
7.1572	13	1
7.1611	13	1
7.1617	13	1
7.1872	13	1
7.1878	12.5	1
7.1883	13	1
7.1889	12.5	1
7.1939	12.5	1
7.1944	12.5	1
7.195	12.5	1
7.1956	12.5	1
7.2189	12.5	1
7.2194	12	1
7.2244	12	1
7.225	12	1
7.2494	12	1
7.25	11.5	1
7.2556	11.5	1
7.2561	11.5	1
7.2567	11.5	1
7.2572	11.5	1
7.2578	11.5	1
7.2583	11.5	1
7.2589	11.5	1
7.2594	11.5	1
7.2817	11.5	1
7.2822	11	1
7.2889	11	1
7.2894	11	1
7.29	11	1
7.2906	11	1
7.2911	11	1
7.3133	11	1
7.3139	10.5	1
7.3217	10.5	1
7.3222	10.5	1
7.3489	10.5	1
7.3494	10	1
7.3556	10	1
7.3561	10	1
7.3844	10	1
7.385	9.5	1
7.3856	10	1
7.3861	9.5	1
7.3911	9.5	1
7.3917	9.5	1
7.4217	9.5	1
7.4222	9	1
7.4228	9.5	1
7.4233	9	1
7.4289	9	1
7.4294	9	1
7.4639	9	1
7.4644	8.5	1
7.4678	8.5	1
7.4683	8.5	1
7.5056	8.5	1
7.5061	8.5	1
7.5067	8.5	1
7.5072	8	1
7.5078	8	1
7.5522	8	1
7.5528	7.5	1
7.6006	7.5	1
7.6011	7	1
7.6017	7	1
7.6022	7.5	1
7.6028	7.5	1
7.6033	7	1
7.6039	7.5	1
7.6044	7	1
7.6517	7	1
7.6522	7	1
7.6528	7	1
7.6533	7	1
7.6539	7	1
7.6606	7	1
7.6611	6.5	1
7.6617	6.5	1
7.6622	7	1
7.6628	6.5	1
7.7122	6.5	1
7.7128	6.5	1
7.7133	6.5	1
7.7139	6.5	1
7.7144	6.5	1
7.715	6.5	1
7.7156	6.5	1
7.7161	6.5	1
7.7256	6.5	1
7.7261	6	1
7.7267	6	1
7.7272	6.5	1
7.7278	6	1
7.7822	6	1
7.7828	6	1
7.7833	6	1
7.7839	6	1
7.7844	6	1
7.785	6	1
7.7856	6	1
7.8011	6	1
7.8017	5.5	1
7.8628	5.5	1
7.8633	5.5	1
7.8639	5.5	1
7.8644	5.5	1
7.865	5.5	1
7.8656	5.5	1
7.8661	5.5	1
7.8667	5.5	1
7.8906	5.5	1
7.8911	5	1
7.8917	5.5	1
7.8922	5	1
7.9594	5	1
7.96	5	1
7.9606	5	1
7.9611	5	1
7.9961	5	1
7.9967	4.5	1
7.9972	5	1
7.9994	5	1
8	4.5	1
8.0006	5	1
8.0011	4.5	1
8.0728	4.5	1
8.0733	4.5	1
8.0739	4.5	1
8.0744	4.5	1
8.075	4.5	1
8.0772	4.5	1
8.0778	4.5	1
8.0783	4.5	1
8.1239	4.5	1
8.1244	4	1
8.125	4.5	1
8.1256	4.5	1
8.1261	4	1
8.1267	4.5	1
8.1278	4.5	1
8.1283	4	1
8.2111	4	1
8.2117	4	1
8.2122	4	1
8.2128	4	1
8.2133	4	1
8.2139	4	1
8.2144	4	1
8.215	4	1
8.2156	4	1
8.2161	4	1
8.2167	4	1
8.2833	4	1
8.2839	3.5	1
8.2844	4	1
8.2861	4	1
8.2867	3.5	1
8.2872	4	1
8.2883	4	1
8.2889	3.5	1
8.3894	3.5	1
8.39	3.5	1
8.3906	3.5	1
8.3911	3.5	1
8.3928	3.5	1
8.3933	3.5	1
8.3944	3.5	1
8.395	3.5	1
8.5033	3.5	1
8.5039	3	1
8.5056	3	1
8.5061	3.5	1
8.5083	3.5	1
8.5089	3	1
8.6328	3	1
8.6333	3	1
8.635	3	1
8.6356	3	1
8.6361	3	1
8.6367	3	1
8.6372	3	1
8.6389	3	1
8.6394	3	1
8.64	3	1
8.6406	3	1
8.6411	3	1
8.6417	3	1
8.8028	3	1
8.8033	2.5	1
8.8039	3	1
8.8089	3	1
8.8094	2.5	1
8.81	3	1
8.8111	3	1
8.8117	2.5	1
8.8122	3	1
8.8128	2.5	1
8.8139	2.5	1
8.8144	3	1
8.815	2.5	1
8.8156	3	1
8.8161	3	1
8.8167	2.5	1
8.9817	2.5	1
8.9822	2.5	1
8.9828	2.5	1
8.9833	2.5	1
8.9839	2.5	1
8.9856	2.5	1
8.9861	2.5	1
8.9867	2.5	1
8.9889	2.5	1
8.9894	2.5	1
8.99	2.5	1
8.9906	2.5	1
8.9911	2.5	1
8.9917	2.5	1
8.9922	2.5	1
8.9928	2.5	1
8.9933	2.5	1
8.9939	2.5	1
8.995	2.5	1
8.9956	2.5	1
8.9967	2.5	1
8.9972	2.5	1
9.245	2.5	1
9.2456	2	1
9.2461	2.5	1
9.2578	2.5	1
9.2583	2	1
9.2589	2.5	1
9.2594	2	1
9.26	2.5	1
9.2606	2	1
9.2656	2	1
9.2661	2.5	1
9.2667	2	1
9.5056	2	1
9.5061	2	1
9.5067	2	1
9.5106	2	1
9.5111	2	1
9.5117	2	1
9.5139	2	1
9.5144	2	1
9.515	2	1
9.5167	2	1
9.5172	2	1
9.5183	2	1
9.5189	2	1
9.5194	2	1
9.52	2	1
9.5206	2	1
9.5211	2	1
9.5228	2	1
9.5233	2	1
9.5239	2	1
9.5256	2	1
9.5261	2	1
9.5267	2	1
9.5272	2	1
9.5278	2	1
9.5283	2	1
9.9561	2	1
9.9567	1.5	1
9.9572	2	1
9.9589	2	1
9.9594	1.5	1
9.96	1.5	1
9.9606	2	1
9.9611	2	1
9.9617	1.5	1
9.9622	1.5	1
9.9628	2	1
9.9633	1.5	1
9.9639	2	1
9.9644	1.5	1
9.965	2	1
9.9661	2	1
9.9667	1.5	1
9.9672	1.5	1
9.9678	2	1
9.9694	2	1
9.97	1.5	1
9.9706	2	1
9.9722	2	1
9.9728	1.5	1
9.9739	1.5	1
9.9744	2	1
9.975	2	1
9.9756	1.5	1
9.9761	2	1
9.9767	2	1
9.9772	1.5	1
9.9778	2	1
9.98	2	1
9.9806	1.5	1
9.9811	1.5	1
9.9817	2	1
9.9833	2	1
9.9839	1.5	1
9.985	1.5	1
9.9856	2	1
9.9861	1.5	1
9.9867	1.5	1
9.9872	2	1
9.9878	2	1
9.9883	1.5	1
9.9917	1.5	1
9.9922	2	1
9.9928	1.5	1
10.4139	1.5	1
10.4144	1.5	1
10.415	1.5	1
10.4406	1.5	1
10.4411	1.5	1
10.4417	1.5	1
10.4428	1.5	1
10.4433	1.5	1
10.4439	1.5	1
10.4444	1.5	1
10.445	1.5	1
10.4456	1.5	1
10.4461	1.5	1
10.4467	1.5	1
10.4472	1.5	1
10.4478	1.5	1
10.4483	1.5	1
10.4511	1.5	1
10.4517	1.5	1
10.4522	1.5	1
10.4528	1.5	1
11.2239	1.5	1
11.2244	1	1
11.225	1.5	1
11.2594	1.5	1
11.26	1	1
11.2606	1.5	1
11.2761	1.5	1
11.2767	1	1
11.2806	1	1
11.2811	1.5	1
11.2833	1.5	1
11.2839	1	1
11.2861	1	1
11.2867	1.5	1
11.2872	1	1
11.29	1	1
11.2906	1.5	1
11.2911	1	1
11.2928	1	1
11.2933	1.5	1
11.2939	1	1
11.3078	1	1
11.3083	1.5	1
11.3089	1	1
11.3189	1	1
11.3194	1.5	1
11.32	1.5	1
11.3206	1	1
12.3556	1	1
12.3561	1	1
12.3567	1	1
12.3656	1	1
12.3661	1	1
12.3667	1	1
12.3767	1	1
12.3772	1	1
12.3778	1	1
12.3822	1	1
12.3828	1	1
12.3833	1	1
12.385	1	1
12.3856	1	1
12.3861	1	1
12.3867	1	1
12.3872	1	1
12.3878	1	1
12.3883	1	1
12.3889	1	1
12.3928	1	1
12.3933	1	1
12.3939	1	1
12.3944	1	1
12.395	1	1
12.3956	1	1
12.3961	1	1
12.3967	1	1
12.4	1	1
12.4006	1	1
12.4011	1	1
12.4022	1	1
12.4028	1	1
12.4033	1	1
12.4039	1	1
12.4044	1	1
12.405	1	1
12.4056	1	1
12.4078	1	1
12.4083	1	1
12.4089	1	1
12.4094	1	1
12.41	1	1
12.4106	1	1
12.4111	1	1
12.4117	1	1
12.4122	1	1
12.4172	1	1
12.4178	1	1
12.4183	1	1
12.4206	1	1
12.4211	1	1
12.4217	1	1
12.4278	1	1
12.4283	1	1
12.4289	1	1
12.4294	1	1
12.43	1	1
12.4344	1	1
12.435	1	1
12.4356	1	1
12.4478	1	1
12.4483	1	1
12.4489	1	1
12.4494	1	1
12.45	1	1
12.4506	1	1
13.2106	1	1
13.2111	1	1
13.2117	1	1
13.2122	1	1
13.2128	1	1
13.2133	1	1
13.2139	1	1
13.2144	1	1
13.215	1	1
13.2156	1	1
13.2161	1	1
13.2178	1	1
13.2183	1	1
13.2189	1	1
13.2194	1	1
13.22	1	1
13.2206	1	1
13.2211	1	1
13.2228	1	1
13.2233	1	1
13.2239	1	1
13.2261	1	1
13.2267	1	1
13.2272	1	1
13.2356	1	1
13.2361	1	1
13.2367	1	1
14.2083	1	1
14.2089	1	1
14.2094	1	1
14.21	1	1
14.2106	1	1
14.2161	1	1
14.2167	1	1
14.2178	1	1
14.2183	1	1
14.2189	1	1
14.2206	1	1
14.2211	1	1
14.2217	1	1
14.2239	1	1
14.2244	1	1
14.225	1	1
14.2256	1	1
14.2261	1	1
14.2267	1	1
14.2272	1	1
14.2278	1	1
14.2283	1	1
14.2289	1	1
14.2294	1	1
14.23	1	1
14.2306	1	1
14.2311	1	1
14.2317	1	1
14.2328	1	1
14.2333	1	1
14.2339	1	1
14.2344	1	1
14.235	1	1
14.2356	1	1
14.2361	1	1
14.2367	1	1
14.2372	1	1
14.2383	1	1
14.2389	1	1
14.2394	1	1
14.24	1	1
14.2411	1	1
14.2417	1	1
14.2422	1	1
14.2428	1	1
14.2433	1	1
14.245	1	1
14.2456	1	1
14.2461	1	1
14.2467	1	1
14.2472	1	1
14.2478	1	1
14.2483	1	1
14.2489	1	1
14.2494	1	1
14.25	1	1
14.2528	1	1
14.2533	1	1
14.255	1	1
14.2556	1	1
14.2578	1	1
14.2583	1	1
14.2589	1	1
14.2639	1	1
14.2644	1	1
14.265	1	1
14.2656	1	1
15.6878	1	1
15.6883	1	1
15.6889	1	1
15.6944	1	1
15.695	1	1
15.6956	1	1
15.7078	1	1
15.7083	1	1
15.7089	1	1
15.7117	1	1
15.7122	1	1
15.7128	1	1
15.73	1	1
15.7306	1	1
15.7311	1	1
15.7322	1	1
15.7328	1	1
15.7333	1	1
15.7422	1	1
15.7428	1	1
15.7433	1	1
15.7478	1	1
15.7483	1	1
15.7489	1	1
15.8278	1	1
15.8283	1	1
15.8289	1	1
15.8422	1	1
15.8428	1	1
15.8433	1	1
15.8572	1	1
15.8578	1	1
15.8583	1	1
15.875	1	1
15.8756	1	1
15.8761	1	1
15.9406	1	1
15.9411	1	1
15.9417	1	1
17.4339	1	1
17.4344	0.5	1
17.435	1	1
17.4356	0.5	1
17.4361	1	1
17.4517	1	1
17.4522	0.5	1
17.4528	1	1
17.4867	1	1
17.4872	0.5	1
17.4878	1	1
17.4889	1	1
17.4894	0.5	1
17.49	1	1
17.4917	1	1
17.4922	0.5	1
17.4928	1	1
17.4939	1	1
17.4944	0.5	1
17.495	1	1
17.4956	0.5	1
17.4961	1	1
17.4972	1	1
17.4978	0.5	1
17.4983	1	1
17.5	1	1
17.5006	0.5	1
17.5011	1	1
17.5017	1	1
17.5022	0.5	1
17.5028	1	1
17.5033	0.5	1
17.5056	0.5	1
17.5061	1	1
17.5067	0.5	1
17.5072	1	1
17.5078	0.5	1
17.5083	1	1
17.5089	0.5	1
17.5117	0.5	1
17.5122	1	1
17.5128	1	1
17.5133	0.5	1
17.5139	0.5	1
17.5144	1	1
17.5156	1	1
17.5161	0.5	1
17.5183	0.5	1
17.5189	1	1
17.5194	0.5	1
17.5217	0.5	1
17.5222	1	1
17.5228	0.5	1
17.5283	0.5	1
17.5289	1	1
17.5294	1	1
17.53	0.5	1
17.5339	0.5	1
17.5344	1	1
17.535	0.5	1
17.5367	0.5	1
17.5372	1	1
17.5378	0.5	1
17.5394	0.5	1
17.54	1	1
17.5406	0.5	1
17.5644	0.5	1
17.565	1	1
17.5656	0.5	1
17.5872	0.5	1
17.5878	1	1
17.5883	0.5	1
17.5889	1	1
17.5894	0.5	1
21.4417	0.5	1
21.4422	0.5	1
21.4428	0.5	1
21.4539	0.5	1
21.4544	0.5	1
21.455	0.5	1
21.47	0.5	1
21.4706	0.5	1
21.4711	0.5	1
21.4728	0.5	1
21.4733	0.5	1
21.4739	0.5	1
21.4778	0.5	1
21.4783	0.5	1
21.4789	0.5	1
21.4806	0.5	1
21.4811	0.5	1
21.4817	0.5	1
21.4822	0.5	1
21.4828	0.5	1
21.4833	0.5	1
21.4867	0.5	1
21.4872	0.5	1
21.4878	0.5	1
21.4883	0.5	1
21.4889	0.5	1
21.4894	0.5	1
21.49	0.5	1
21.4906	0.5	1
21.495	0.5	1
21.4956	0.5	1
21.4961	0.5	1
21.4967	0.5	1
21.4978	0.5	1
21.4983	0.5	1
21.4989	0.5	1
21.4994	0.5	1
21.5	0.5	1
21.5022	0.5	1
21.5028	0.5	1
21.5033	0.5	1
21.505	0.5	1
21.5056	0.5	1
21.5061	0.5	1
21.5083	0.5	1
21.5089	0.5	1
21.5094	0.5	1
21.51	0.5	1
21.5228	0.5	1
21.5233	0.5	1
21.5239	0.5	1
21.5256	0.5	1
21.5261	0.5	1
21.5267	0.5	1
21.5306	0.5	1
21.5311	0.5	1
21.5317	0.5	1
21.535	0.5	1
21.5356	0.5	1
21.5361	0.5	1
21.5461	0.5	1
21.5467	0.5	1
21.5472	0.5	1
21.5478	0.5	1
21.5483	0.5	1
21.5544	0.5	1
21.555	0.5	1
21.5556	0.5	1
21.5611	0.5	1
21.5617	0.5	1
21.5622	0.5	1
21.5628	0.5	1
21.5639	0.5	1
21.5644	0.5	1
21.565	0.5	1
21.5656	0.5	1
21.5689	0.5	1
21.5694	0.5	1
21.57	0.5	1
21.5706	0.5	1
21.5711	0.5	1
21.5733	0.5	1
21.5739	0.5	1
21.575	0.5	1
21.5756	0.5	1
21.5772	0.5	1
21.5778	0.5	1
21.5783	0.5	1
21.5833	0.5	1
21.5839	0.5	1
21.5844	0.5	1
21.585	0.5	1
21.5856	0.5	1
21.5861	0.5	1
21.5867	0.5	1
21.5872	0.5	1
21.5878	0.5	1
21.5883	0.5	1
21.5889	0.5	1
21.5894	0.5	1
21.59	0.5	1
21.5911	0.5	1
21.5917	0.5	1
21.5922	0.5	1
21.5928	0.5	1
21.5933	0.5	1
21.5939	0.5	1
21.5944	0.5	1
21.595	0.5	1
21.5956	0.5	1
21.5961	0.5	1
21.5967	0.5	1
21.5972	0.5	1
21.5978	0.5	1
21.5983	0.5	1
21.5989	0.5	1
21.5994	0.5	1
21.6	0.5	1
21.6006	0.5	1
21.6011	0.5	1
21.6017	0.5	1
21.6028	0.5	1
21.6033	0.5	1
21.6044	0.5	1
21.605	0.5	1
21.6067	0.5	1
21.6072	0.5	1
21.6078	0.5	1
21.6089	0.5	1
21.6094	0.5	1
21.61	0.5	1
21.6106	0.5	1
21.6111	0.5	1
21.6117	0.5	1
21.6172	0.5	1
21.6178	0.5	1
21.6189	0.5	1
21.6194	0.5	1
21.6217	0.5	1
21.6222	0.5	1
21.6228	0.5	1
21.6256	0.5	1
21.6261	0.5	1
21.6267	0.5	1
21.6272	0.5	1
21.6283	0.5	1
21.6289	0.5	1
21.6294	0.5	1
21.63	0.5	1
21.6306	0.5	1
21.6311	0.5	1
21.6317	0.5	1
21.6322	0.5	1
21.6333	0.5	1
21.6339	0.5	1
21.6389	0.5	1
21.6394	0.5	1
21.64	0.5	1
21.6433	0.5	1
21.6439	0.5	1
21.6444	0.5	1
21.645	0.5	1
21.6456	0.5	1
21.6461	0.5	1
21.6483	0.5	1
21.6489	0.5	1
21.6494	0.5	1
21.65	0.5	1
21.6522	0.5	1
21.6528	0.5	1
21.6533	0.5	1
21.6539	0.5	1
21.6544	0.5	1
21.655	0.5	1
21.6583	0.5	1
21.6589	0.5	1
21.6594	0.5	1
21.66	0.5	1
21.6606	0.5	1
21.6611	0.5	1
21.6617	0.5	1
21.6628	0.5	1
21.6633	0.5	1
21.6639	0.5	1
21.6644	0.5	1
21.665	0.5	1
21.6656	0.5	1
21.6672	0.5	1
21.6678	0.5	1
21.6689	0.5	1
21.6694	0.5	1
21.67	0.5	1
21.6706	0.5	1
21.675	0.5	1
21.6756	0.5	1
21.6761	0.5	1
21.6767	0.5	1
21.6772	0.5	1
21.6778	0.5	1
21.6783	0.5	1
21.68	0.5	1
21.6806	0.5	1
21.6811	0.5	1
21.6839	0.5	1
21.6844	0.5	1
21.685	0.5	1
21.6856	0.5	1
21.6861	0.5	1
21.6867	0.5	1
21.6872	0.5	1
21.6878	0.5	1
21.6883	0.5	1
21.6889	0.5	1
21.6894	0.5	1
21.69	0.5	1
21.6906	0.5	1
21.6911	0.5	1
21.6917	0.5	1
21.6922	0.5	1
21.6933	0.5	1
21.6939	0.5	1
21.6944	0.5	1
21.695	0.5	1
21.6956	0.5	1
21.6961	0.5	1
21.6967	0.5	1
21.6972	0.5	1
21.6978	0.5	1
21.6983	0.5	1
21.6989	0.5	1
21.6994	0.5	1
21.7011	0.5	1
21.7017	0.5	1
21.7022	0.5	1
21.7028	0.5	1
21.7033	0.5	1
21.7072	0.5	1
21.7078	0.5	1
21.7083	0.5	1
21.7089	0.5	1
21.7094	0.5	1
21.7111	0.5	1
21.7117	0.5	1
21.7122	0.5	1
21.7128	0.5	1
21.7133	0.5	1
21.7139	0.5	1
21.7144	0.5	1
21.715	0.5	1
21.7156	0.5	1
21.7161	0.5	1
21.7167	0.5	1
21.7172	0.5	1
21.7178	0.5	1
21.7183	0.5	1
21.7189	0.5	1
21.7194	0.5	1
21.72	0.5	1
21.7206	0.5	1
21.7211	0.5	1
21.7217	0.5	1
21.7222	0.5	1
21.7228	0.5	1
21.7372	0.5	1
21.7378	0.5	1
21.7383	0.5	1
21.7389	0.5	1
21.7394	0.5	1
21.7417	0.5	1
21.7422	0.5	1
21.7428	0.5	1
21.7461	0.5	1
21.7467	0.5	1
21.7472	0.5	1
21.7494	0.5	1
21.75	0.5	1
21.7506	0.5	1
21.7517	0.5	1
21.7522	0.5	1
21.7528	0.5	1
21.7561	0.5	1
21.7567	0.5	1
21.7572	0.5	1
21.7578	0.5	1
21.7594	0.5	1
21.76	0.5	1
21.7606	0.5	1
21.7667	0.5	1
21.7672	0.5	1
21.7678	0.5	1
21.7689	0.5	1
21.7694	0.5	1
21.77	0.5	1
21.7922	0.5	1
21.7928	0.5	1
21.7933	0.5	1
23.7267	0.5	1
23.7272	0	1
23.7278	0.5	1
23.7467	0.5	1
23.7472	0	1
23.7478	0.5	1
23.7794	0.5	1
23.78	0	1
23.7806	0.5	1
23.7944	0.5	1
23.795	0	1
23.7956	0.5	1
23.8	0.5	1
23.8006	0	1
23.8011	0.5	1
23.8056	0.5	1
23.8061	0	1
23.8067	0.5	1
23.8083	0.5	1
23.8089	0	1
23.8094	0.5	1
23.8106	0.5	1
23.8111	0	1
23.8117	0.5	1
23.8139	0.5	1
23.8144	0	1
23.815	0.5	1
23.8156	0	1
23.8161	0.5	1
23.8194	0.5	1
23.82	0	1
23.8206	0.5	1
23.8211	0.5	1
23.8217	0	1
23.8222	0.5	1
23.8261	0.5	1
23.8267	0	1
23.8272	0.5	1
23.8278	0	1
23.8283	0.5	1
23.8289	0	1
23.8294	0	1
23.83	0.5	1
23.8306	0.5	1
23.8311	0	1
23.8317	0.5	1
23.8333	0.5	1
23.8339	0	1
23.8344	0.5	1
23.8356	0.5	1
23.8361	0	1
23.8383	0	1
23.8389	0.5	1
23.8411	0.5	1
23.8417	0	1
23.8422	0.5	1
23.845	0.5	1
23.8456	0	1
23.8461	0.5	1
23.8467	0	1
23.8472	0.5	1
23.8478	0.5	1
23.8483	0	1
23.8533	0	1
23.8539	0.5	1
23.8544	0	1
23.855	0.5	1
23.8561	0.5	1
23.8567	0	1
23.8606	0	1
23.8611	0.5	1
23.8617	0	1
23.8917	0	1
23.8922	0.5	1
23.8928	0	1
23.8944	0	1
23.895	0.5	1
23.8956	0	1
23.905	0	1
23.9056	0.5	1
23.9061	0	1
23.9822	0	1
23.9828	0.5	1
23.9833	0	1
24.0256	0	1
24.0261	0.5	1
24.03	0.5	1
24.0306	0	1
24.0311	0.5	1
24.0356	0.5	1
24.0361	0	1
24.0367	0.5	1
24.0372	0	1
24.0378	0	1
24.0383	0.5	1
24.0394	0.5	1
24.04	0	1
24.0406	0	1
24.0411	0.5	1
24.1528	0.5	1
24.1533	0.5	1
24.1539	0.5	1
24.1544	0.5	1
24.1978	0.5	1
24.1983	1	1
24.2467	1	1
24.2472	1	1
24.2561	1	1
24.2567	1.5	1
24.2989	1.5	1
24.2994	2	1
24.3367	2	1
24.3372	2.5	1
24.34	2.5	1
24.3406	2.5	1
24.3417	2.5	1
24.3422	2.5	1
24.3428	2.5	1
24.3694	2.5	1
24.37	3	1
24.3761	3	1
24.3767	3	1
24.4011	3	1
24.4017	3.5	1
24.4106	3.5	1
24.4111	3.5	1
24.4317	3.5	1
24.4322	4	1
24.4406	4	1
24.4411	4	1
24.4633	4	1
24.4639	4.5	1
24.4722	4.5	1
24.4728	4.5	1
24.4922	4.5	1
24.4928	5	1
24.5028	5	1
24.5033	5	1
24.5039	5	1
24.5044	5	1
24.5222	5	1
24.5228	5.5	1
24.5328	5.5	1
24.5333	5.5	1
24.5339	5.5	1
24.5344	5.5	1
24.5544	5.5	1
24.555	6	1
24.5644	6	1
24.565	6	1
24.5861	6	1
24.5867	6.5	1
24.5967	6.5	1
24.5972	6.5	1
24.6206	6.5	1
24.6211	7	1
24.6289	7	1
24.6294	7	1
24.63	7	1
24.6306	7	1
24.6567	7	1
24.6572	7.5	1
24.6644	7.5	1
24.665	7.5	1
24.6956	7.5	1
24.6961	8	1
24.7022	8	1
24.7028	8	1
24.7039	8	1
24.7044	8	1
24.705	8	1
24.7383	8	1
24.7389	8.5	1
24.7428	8.5	1
24.7433	8.5	1
24.7856	8.5	1
24.7861	9	1
24.7872	9	1
24.7878	9	1
24.7889	9	1
24.7894	9	1
24.79	9	1
24.8356	9	1
24.8361	9	1
24.8367	9	1
24.8372	9	1
24.8378	9	1
24.8394	9	1
24.84	9.5	1
24.8406	9.5	1
24.8411	9	1
24.8417	9.5	1
24.8933	9.5	1
24.8939	9.5	1
24.8944	9.5	1
24.895	9.5	1
24.8961	9.5	1
24.8967	9.5	1
24.8972	9.5	1
24.9017	9.5	1
24.9022	10	1
24.9028	9.5	1
24.9033	10	1
24.9039	9.5	1
24.9044	10	1
24.9589	10	1
24.9594	10	1
24.96	10	1
24.9606	10	1
24.9733	10	1
24.9739	10.5	1
24.9744	10	1
24.975	10	1
24.9756	10.5	1
25.0361	10.5	1
25.0367	10.5	1
25.0606	10.5	1
25.0611	11	1
25.1289	11	1
25.1294	11	1
25.13	11	1
25.1306	11	1
25.1311	11	1
25.1317	11	1
25.1683	11	1
25.1689	11.5	1
25.1694	11	1
25.1706	11	1
25.1711	11.5	1
25.1717	11.5	1
25.1722	11	1
25.1728	11.5	1
25.2478	11.5	1
25.2483	11.5	1
25.25	11.5	1
25.2506	11.5	1
25.2517	11.5	1
25.2522	11.5	1
25.3083	11.5	1
25.3089	12	1
25.3094	11.5	1
25.31	11.5	1
25.3106	12	1
25.3111	12	1
25.3117	11.5	1
25.3122	11.5	1
25.3128	12	1
25.3133	12	1
25.3139	11.5	1
25.3144	12	1
25.3989	12	1
25.3994	12	1
25.4	12	1
25.4006	12	1
25.4011	12	1
25.4017	12	1
25.4028	12	1
25.4033	12	1
25.4039	12	1
25.4044	12	1
25.405	12	1
25.4056	12	1
25.4061	12	1
25.4067	12	1
25.4072	12	1
25.4939	12	1
25.4944	12.5	1
25.495	12	1
25.4967	12	1
25.4972	12.5	1
25.4983	12.5	1
25.4989	12	1
25.4994	12	1
25.5	12.5	1
25.5011	12.5	1
25.5017	12	1
25.5022	12.5	1
25.5028	12	1
25.5033	12.5	1
25.5039	12.5	1
25.5044	12	1
25.505	12.5	1
25.5067	12.5	1
25.5072	12	1
25.5078	12	1
25.5083	12.5	1
25.6067	12.5	1
25.6072	12.5	1
25.6078	12.5	1
25.6083	12.5	1
25.6089	12.5	1
25.6094	12.5	1
25.61	12.5	1
25.6106	12.5	1
25.6117	12.5	1
25.6122	12.5	1
25.6128	12.5	1
25.6133	12.5	1
25.6139	12.5	1
25.6167	12.5	1
25.6172	12.5	1
25.6178	12.5	1
25.6183	12.5	1
25.7917	12.5	1
25.7922	13	1
25.7928	12.5	1
25.7933	13	1
25.7939	13	1
25.7944	12.5	1
25.795	13	1
25.7956	13	1
25.7961	12.5	1
25.7967	13	1
25.7972	12.5	1
25.7983	12.5	1
25.7989	13	1
25.7994	12.5	1
25.8	13	1
25.8017	13	1
25.8022	12.5	1
25.8028	12.5	1
25.8033	13	1
25.8117	13	1
25.8122	12.5	1
25.8128	13	1
25.9867	13	1
25.9872	13	1
25.9883	13	1
25.9889	13	1
25.99	13	1
25.9906	13	1
25.9911	13	1
25.9917	13	1
25.9939	13	1
25.9944	13	1
25.995	13	1
25.9956	13	1
25.9961	13	1
25.9967	13	1
25.9983	13	1
25.9989	13	1
26	13	1
26.0006	13	1
26.0011	13	1
26.0017	13	1
26.0056	13	1
26.0061	13	1
26.0067	13	1
26.0106	13	1
26.0111	13	1
26.0117	13	1
26.0122	13	1
26.0128	13	1
26.0133	13	1
26.015	13	1
26.0156	13	1
26.0161	13	1
26.0178	13	1
26.0183	13	1
26.0189	13	1
26.5272	13	1
26.5278	13.5	1
26.5283	13	1
26.5306	13	1
26.5311	13.5	1
26.5317	13.5	1
26.5322	13	1
26.5372	13	1
26.5378	13.5	1
26.5383	13	1
26.5456	13	1
26.5461	13.5	1
26.5467	13	1
26.5506	13	1
26.5511	13.5	1
26.5517	13	1
26.5522	13.5	1
26.5528	13.5	1
26.5533	13	1
26.5544	13	1
26.555	13.5	1
26.5556	13	1
26.5561	13	1
26.5567	13.5	1
26.5611	13.5	1
26.5617	13	1
26.5622	13.5	1
26.5672	13.5	1
26.5678	13	1
26.5683	13	1
26.5689	13.5	1
26.5694	13	1
26.57	13.5	1
26.5706	13	1
26.5711	13.5	1
26.5739	13.5	1
26.5744	13	1
26.575	13.5	1
26.5761	13.5	1
26.5767	13	1
26.5772	13	1
26.5778	13.5	1
26.8706	13.5	1
26.8711	13.5	1
26.8717	13.5	1
26.8811	13.5	1
26.8817	13.5	1
26.8822	13.5	1
26.8856	13.5	1
26.8861	13.5	1
26.8878	13.5	1
26.8883	13.5	1
26.8889	13.5	1
26.8894	13.5	1
26.89	13.5	1
26.8906	13.5	1
26.8961	13.5	1
26.8967	13.5	1
26.8972	13.5	1
26.9	13.5	1
26.9006	13.5	1
26.9011	13.5	1
26.9039	13.5	1
26.9044	13.5	1
26.905	13.5	1
26.9056	13.5	1
26.9239	13.5	1
26.9244	13.5	1
26.925	13.5	1
27.3422	13.5	1
27.3428	14	1
27.3433	13.5	1
27.3561	13.5	1
27.3567	14	1
27.3572	13.5	1
27.3578	14	1
27.3583	13.5	1
27.3633	13.5	1
27.3639	14	1
27.3644	13.5	1
27.365	13.5	1
27.3656	14	1
27.3661	13.5	1
27.3678	13.5	1
27.3683	14	1
27.3689	13.5	1
27.3694	13.5	1
27.37	14	1
27.3706	13.5	1
27.3711	13.5	1
27.3717	14	1
27.3722	13.5	1
27.3728	13.5	1
27.3733	14	1
27.3739	13.5	1
27.3744	14	1
27.375	14	1
27.3756	13.5	1
27.3761	13.5	1
27.3767	14	1
27.3794	14	1
27.38	13.5	1
27.3833	13.5	1
27.3839	14	1
27.3844	13.5	1
27.385	14	1
27.3856	13.5	1
27.3861	14	1
27.3867	14	1
27.3872	13.5	1
27.3878	14	1
27.3889	14	1
27.3894	13.5	1
27.39	14	1
27.3939	14	1
27.3944	13.5	1
27.395	14	1
27.3978	14	1
27.3983	13.5	1
27.3989	14	1
27.405	14	1
27.4056	13.5	1
27.4061	14	1
27.41	14	1
27.4106	13.5	1
27.4111	14	1
27.4139	14	1
27.4144	13.5	1
27.415	14	1
27.5906	14	1
27.5911	14	1
27.5917	14	1
27.5922	14	1
27.5928	14	1
27.5933	14	1
27.5967	14	1
27.5972	14	1
27.5978	14	1
27.5983	14	1
27.5989	14	1
27.5994	14	1
27.6	14	1
27.6006	14	1
27.6011	14	1
27.6017	14	1
27.6022	14	1
27.6028	14	1
27.6033	14	1
27.6039	14	1
27.6044	14	1
27.605	14	1
27.6056	14	1
27.6061	14	1
27.61	14	1
27.6106	14	1
27.6111	14	1
27.6117	14	1
27.6122	14	1
27.6128	14	1
27.6133	14	1
27.6139	14	1
27.6144	14	1
27.615	14	1
27.6156	14	1
27.6161	14	1
27.6167	14	1
27.6189	14	1
27.6194	14	1
27.62	14	1
27.6211	14	1
27.6217	14	1
27.6239	14	1
27.6244	14	1
27.625	14	1
27.6256	14	1
27.6278	14	1
27.6283	14	1
27.6289	14	1
27.6294	14	1
28.1517	14	1
28.1522	14.5	1
28.1528	14	1
28.1578	14	1
28.1583	14.5	1
28.1589	14	1
28.17	14	1
28.1706	14.5	1
28.1711	14	1
28.1717	14.5	1
28.1722	14	1
28.1728	14	1
28.1733	14.5	1
28.1739	14	1
28.1756	14	1
28.1761	14.5	1
28.1767	14	1
28.1772	14.5	1
28.1778	14.5	1
28.1783	14	1
28.1817	14	1
28.1822	14.5	1
28.1828	14.5	1
28.1833	14	1
28.1839	14.5	1
28.1844	14	1
28.1856	14	1
28.1861	14.5	1
28.1867	14	1
28.1872	14	1
28.1878	14.5	1
28.1883	14	1
28.2006	14	1
28.2011	14.5	1
28.2017	14	1
28.2022	14	1
28.2028	14.5	1
28.2033	14	1
28.2122	14	1
28.2128	14.5	1
28.2133	14	1
28.2139	14	1
28.2144	14.5	1
28.215	14	1
28.2194	14	1
28.22	14.5	1
28.2206	14.5	1
28.2211	14	1
28.2217	14.5	1
28.2222	14	1
28.2228	14.5	1
28.2233	14	1
28.2244	14	1
28.225	14.5	1
28.2256	14	1
28.2267	14	1
28.2272	14.5	1
28.2278	14	1
28.2294	14	1
28.23	14.5	1
28.2306	14.5	1
28.2311	14	1
28.2339	14	1
28.2344	14.5	1
28.235	14	1
28.4172	14	1
28.4178	13.5	1
28.4206	13.5	1
28.4211	13.5	1
28.4217	13.5	1
28.4239	13.5	1
28.4244	13.5	1
28.4761	13.5	1
28.4767	13	1
28.4933	13	1
28.4939	13	1
28.5206	13	1
28.5211	12.5	1
28.5217	13	1
28.5222	12.5	1
28.5417	12.5	1
28.5422	12.5	1
28.5583	12.5	1
28.5589	12	1
28.5594	12	1
28.56	12.5	1
28.5611	12.5	1
28.5617	12	1
28.5811	12	1
28.5817	12	1
28.5833	12	1
28.5839	12	1
28.5844	12	1
28.595	12	1
28.5956	11.5	1
28.6189	11.5	1
28.6194	11.5	1
28.62	11.5	1
28.6206	11.5	1
28.6272	11.5	1
28.6278	11	1
28.6533	11	1
28.6539	11	1
28.66	11	1
28.6606	10.5	1
28.6844	10.5	1
28.685	10.5	1
28.69	10.5	1
28.6906	10	1
28.7172	10	1
28.7178	10	1
28.7217	10	1
28.7222	9.5	1
28.7494	9.5	1
28.75	9.5	1
28.7539	9.5	1
28.7544	9	1
28.7806	9	1
28.7811	9	1
28.7878	9	1
28.7883	8.5	1
28.8117	8.5	1
28.8122	8.5	1
28.8133	8.5	1
28.8139	8.5	1
28.8144	8.5	1
28.815	8.5	1
28.8239	8.5	1
28.8244	8	1
28.8483	8	1
28.8489	8	1
28.8494	8	1
28.85	8	1
28.8589	8	1
28.8594	7.5	1
28.86	8	1
28.8617	8	1
28.8622	7.5	1
28.8867	7.5	1
28.8872	7.5	1
28.9	7.5	1
28.9006	7	1
28.9011	7.5	1
28.9017	7	1
28.925	7	1
28.9256	7	1
28.9261	7	1
28.9272	7	1
28.9278	7	1
28.9428	7	1
28.9433	6.5	1
28.9439	6.5	1
28.9444	7	1
28.945	6.5	1
28.9689	6.5	1
28.9694	6.5	1
28.99	6.5	1
28.9906	6	1
28.9911	6.5	1
28.9917	6	1
28.9922	6.5	1
28.9928	6	1
29.0217	6	1
29.0222	6	1
29.0478	6	1
29.0483	5.5	1
29.0739	5.5	1
29.0744	5.5	1
29.1083	5.5	1
29.1089	5	1
29.1356	5	1
29.1361	5	1
29.1367	5	1
29.1372	5	1
29.1817	5	1
29.1822	4.5	1
29.2078	4.5	1
29.2083	4.5	1
29.2722	4.5	1
29.2728	4	1
29.2733	4.5	1
29.2761	4.5	1
29.2767	4	1
29.2994	4	1
29.3	4	1
29.3828	4	1
29.3833	3.5	1
29.3839	4	1
29.3844	3.5	1
29.385	4	1
29.3856	4	1
29.3861	3.5	1
29.3872	3.5	1
29.3878	4	1
29.3883	3.5	1
29.4083	3.5	1
29.4089	3.5	1
29.4094	3.5	1
29.41	3.5	1
29.4106	3.5	1
29.4111	3.5	1
29.5311	3.5	1
29.5317	3	1
29.5322	3.5	1
29.5339	3.5	1
29.5344	3	1
29.5367	3	1
29.5372	3.5	1
29.5378	3	1
29.5522	3	1
29.5528	3	1
29.5533	3	1
29.5539	3	1
29.7228	3	1
29.7233	2.5	1
29.7239	3	1
29.7256	3	1
29.7261	2.5	1
29.7283	2.5	1
29.7289	2.5	1
29.7294	3	1
29.73	2.5	1
29.7311	2.5	1
29.7317	2.5	1
29.7322	2.5	1
29.7328	2.5	1
29.7333	2.5	1
29.7344	2.5	1
29.735	2.5	1
29.7361	2.5	1
29.7367	2.5	1
29.7383	2.5	1
29.7389	2.5	1
29.9967	2.5	1
29.9972	2.5	1
29.9978	2.5	1
29.9983	2.5	1
29.9989	2.5	1
30	2.5	1
30.0006	2.5	1
30.0011	2.5	1
30.0017	2.5	1
30.0033	2.5	1
30.0039	2	1
30.0044	2	1
30.005	2.5	1
30.0056	2.5	1
30.0061	2	1
30.0072	2	1
30.0078	2.5	1
30.0083	2.5	1
30.0089	2	1
30.4078	2	1
30.4083	2	1
30.4089	2	1
30.4156	2	1
30.4161	2	1
30.4167	2	1
30.4172	2	1
30.4178	2	1
30.4194	2	1
30.42	2	1
30.4206	2	1
30.4211	2	1
30.4222	2	1
30.4228	2	1
30.4233	2	1
30.4239	2	1
30.4461	2	1
30.4467	1.5	1
30.4472	2	1
30.4478	1.5	1
30.4483	2	1
30.45	2	1
30.4506	1.5	1
30.4517	1.5	1
30.4522	2	1
30.4528	1.5	1
30.4533	2	1
30.4539	1.5	1
30.455	1.5	1
30.4556	2	1
30.4561	1.5	1
30.4567	2	1
30.4572	1.5	1
30.4589	1.5	1
30.4594	2	1
30.46	1.5	1
30.4606	1.5	1
30.4611	2	1
30.4617	1.5	1
30.4633	1.5	1
30.4639	2	1
30.4644	1.5	1
31.1589	1.5	1
31.1594	1.5	1
31.16	1.5	1
31.1628	1.5	1
31.1633	1.5	1
31.1639	1.5	1
31.1683	1.5	1
31.1689	1.5	1
31.1694	1.5	1
31.1822	1.5	1
31.1828	1.5	1
31.1833	1.5	1
31.1839	1.5	1
31.1844	1.5	1
31.185	1.5	1
31.1861	1.5	1
31.1867	1.5	1
31.1872	1.5	1
31.1894	1.5	1
31.19	1.5	1
31.1906	1.5	1
31.1911	1.5	1
31.1917	1.5	1
31.1928	1.5	1
31.1933	1.5	1
31.1944	1.5	1
31.195	1.5	1
31.1956	1.5	1
31.1961	1.5	1
31.1967	1.5	1
31.1972	1.5	1
31.1978	1.5	1
31.1983	1.5	1
31.1989	1.5	1
31.1994	1.5	1
31.2	1.5	1
31.2006	1.5	1
31.2011	1.5	1
31.2017	1.5	1
31.2022	1.5	1
31.2028	1.5	1
31.2033	1.5	1
31.2039	1.5	1
31.2061	1.5	1
31.2067	1.5	1
31.2072	1.5	1
31.2094	1.5	1
31.21	1.5	1
31.2106	1.5	1
31.2133	1.5	1
31.2139	1.5	1
31.2144	1.5	1
31.2739	1.5	1
31.2744	1	1
31.275	1.5	1
31.2878	1.5	1
31.2883	1	1
31.2889	1.5	1
31.2939	1.5	1
31.2944	1	1
31.295	1	1
31.2956	1.5	1
31.2961	1	1
31.2967	1.5	1
31.2972	1	1
31.2978	1.5	1
31.2994	1.5	1
31.3	1	1
31.3006	1.5	1
31.3011	1	1
31.3017	1	1
31.3022	1.5	1
31.3083	1.5	1
31.3089	1	1
31.3094	1.5	1
31.31	1	1
31.3106	1.5	1
31.3111	1	1
31.3122	1	1
31.3128	1.5	1
31.3139	1.5	1
31.3144	1	1
31.315	1.5	1
31.3156	1.5	1
31.3161	1	1
31.3167	1.5	1
31.3183	1.5	1
31.3189	1	1
31.3217	1	1
31.3222	1.5	1
31.3228	1	1
31.3244	1	1
31.325	1.5	1
31.3256	1	1
31.3267	1	1
31.3272	1.5	1
31.3278	1	1
33.92	1	1
33.9206	1	1
33.9211	1	1
33.9233	1	1
33.9239	1	1
33.9244	1	1
33.9289	1	1
33.9294	1	1
33.93	1	1
33.9389	1	1
33.9394	1	1
33.94	1	1
33.9583	1	1
33.9589	1	1
33.9594	1	1
33.9744	1	1
33.975	1	1
33.9756	1	1
33.9761	1	1
33.9778	1	1
33.9783	1	1
33.9789	1	1
33.9861	1	1
33.9867	1	1
33.9872	1	1
33.9978	1	1
33.9983	1	1
33.9989	1	1
34.0533	1	1
34.0539	1	1
34.0544	1	1
34.055	1	1
34.0589	1	1
34.0594	1	1
34.06	1	1
34.0617	1	1
34.0622	1	1
34.0628	1	1
34.065	1	1
34.0656	1	1
34.0661	1	1
34.0683	1	1
34.0689	1	1
34.0694	1	1
34.0706	1	1
34.0711	1	1
34.0717	1	1
34.0728	1	1
34.0733	1	1
34.0739	1	1
34.0772	1	1
34.0778	1	1
34.0783	1	1
34.0794	1	1
34.08	1	1
34.0806	1	1
34.0839	1	1
34.0844	1	1
34.0867	1	1
34.0872	1	1
34.0906	1	1
34.0911	1	1
34.0917	1	1
34.0928	1	1
34.0933	1	1
34.0939	1	1
34.0944	1	1
34.0972	1	1
34.0978	1	1
34.0983	1	1
34.0994	1	1
34.1	1	1
34.1006	1	1
34.1011	1	1
34.1017	1	1
34.1022	1	1
34.1044	1	1
34.105	1	1
34.1056	1	1
34.1061	1	1
34.1067	1	1
34.1072	1	1
34.1083	1	1
34.1089	1	1
34.1094	1	1
34.11	1	1
34.1106	1	1
34.1111	1	1
34.1122	1	1
34.1128	1	1
34.1133	1	1
34.1139	1	1
34.1144	1	1
34.115	1	1
34.1156	1	1
34.1161	1	1
34.1167	1	1
34.1183	1	1
34.1189	1	1
34.1194	1	1
34.1211	1	1
34.1217	1	1
34.1228	1	1
34.1233	1	1
34.1239	1	1
34.125	1	1
34.1256	1	1
34.1261	1	1
34.1267	1	1
34.1272	1	1
34.1278	1	1
34.13	1	1
34.1306	1	1
34.1317	1	1
34.1322	1	1
34.1328	1	1
34.1333	1	1
34.1339	1	1
34.1344	1	1
34.135	1	1
34.1356	1	1
34.1361	1	1
34.1367	1	1
34.1372	1	1
34.1378	1	1
34.1383	1	1
34.1389	1	1
34.1394	1	1
34.14	1	1
34.1406	1	1
34.1411	1	1
34.1417	1	1
34.1439	1	1
34.1444	1	1
34.145	1	1
34.1456	1	1
34.1461	1	1
34.1467	1	1
34.1472	1	1
34.1478	1	1
34.1483	1	1
34.1489	1	1
34.1494	1	1
34.15	1	1
34.1506	1	1
34.1522	1	1
34.1528	1	1
34.1539	1	1
34.1544	1	1
34.155	1	1
34.1556	1	1
34.1561	1	1
34.1589	1	1
34.1594	1	1
34.16	1	1
34.1606	1	1
34.1611	1	1
34.1617	1	1
34.1622	1	1
34.1628	1	1
34.165	1	1
34.1656	1	1
34.1661	1	1
34.1667	1	1
34.1672	1	1
34.1678	1	1
34.1683	1	1
34.1711	1	1
34.1717	1	1
34.1722	1	1
34.1728	1	1
34.1733	1	1
34.1739	1	1
34.1744	1	1
34.1767	1	1
34.1772	1	1
34.1778	1	1
34.1783	1	1
34.1789	1	1
34.1794	1	1
34.1806	1	1
34.1811	1	1
34.1822	1	1
34.1828	1	1
34.1833	1	1
34.1856	1	1
34.1861	1	1
34.1867	1	1
34.1872	1	1
34.1878	1	1
34.1883	1	1
34.1889	1	1
34.1894	1	1
34.19	1	1
34.1906	1	1
34.1911	1	1
34.1917	1	1
34.1922	1	1
34.1928	1	1
34.1933	1	1
34.1972	1	1
34.1978	1	1
34.1983	1	1
34.1989	1	1
34.2017	1	1
34.2022	1	1
34.2028	1	1
34.2039	1	1
34.2044	1	1
34.205	1	1
34.2056	1	1
34.2061	1	1
34.2067	1	1
34.2072	1	1
34.2078	1	1
34.2083	1	1
34.2089	1	1
34.2094	1	1
34.2111	1	1
34.2117	1	1
34.2122	1	1
34.215	1	1
34.2156	1	1
34.2172	1	1
34.2178	1	1
34.2183	1	1
34.2189	1	1
34.2194	1	1
34.22	1	1
34.2206	1	1
34.2211	1	1
34.2222	1	1
34.2228	1	1
34.2233	1	1
34.2261	1	1
34.2267	1	1
34.2272	1	1
34.2278	1	1
34.2283	1	1
34.2289	1	1
34.2294	1	1
34.2306	1	1
34.2311	1	1
34.2322	1	1
34.2328	1	1
34.2333	1	1
34.2339	1	1
34.2361	1	1
34.2367	1	1
34.2378	1	1
34.2383	1	1
34.2389	1	1
34.24	1	1
34.2406	1	1
34.2422	1	1
34.2428	1	1
34.2433	1	1
34.2439	1	1
34.2444	1	1
34.245	1	1
34.2456	1	1
34.2461	1	1
34.2467	1	1
34.2472	1	1
34.2478	1	1
34.2483	1	1
34.2489	1	1
34.2494	1	1
34.25	1	1
34.2511	1	1
34.2517	1	1
34.2522	1	1
34.2528	1	1
34.2533	1	1
34.2539	1	1
34.2544	1	1
34.2556	1	1
34.2561	1	1
34.2583	1	1
34.2589	1	1
34.2594	1	1
34.26	1	1
34.2611	1	1
34.2617	1	1
34.2622	1	1
34.2678	1	1
34.2683	1	1
34.2689	1	1
34.2694	1	1
34.27	1	1
34.2706	1	1
34.2711	1	1
34.2717	1	1
34.2722	1	1
34.2744	1	1
34.275	1	1
34.2756	1	1
34.2761	1	1
34.2767	1	1
34.2772	1	1
34.2778	1	1
34.28	1	1
34.2806	1	1
34.2811	1	1
34.2817	1	1
34.2828	1	1
34.2833	1	1
34.2839	1	1
34.2844	1	1
34.285	1	1
34.2856	1	1
34.2861	1	1
34.2872	1	1
34.2878	1	1
34.2883	1	1
34.2889	1	1
34.2894	1	1
34.2961	1	1
34.2967	1	1
34.2972	1	1
34.2983	1	1
34.2989	1	1
34.3011	1	1
34.3017	1	1
34.3039	1	1
34.3044	1	1
34.305	1	1
34.3056	1	1
34.3061	1	1
34.3067	1	1
34.3072	1	1
34.3078	1	1
34.3083	1	1
34.3089	1	1
34.3094	1	1
34.31	1	1
34.3117	1	1
34.3122	1	1
34.3128	1	1
34.3133	1	1
34.3167	1	1
34.3172	1	1
34.3178	1	1
34.3183	1	1
34.3189	1	1
34.3194	1	1
34.3222	1	1
34.3228	1	1
34.3233	1	1
34.3244	1	1
34.325	1	1
34.3256	1	1
34.3261	1	1
34.3267	1	1
34.3272	1	1
34.3283	1	1
34.3289	1	1
34.3294	1	1
34.33	1	1
34.3306	1	1
34.3311	1	1
34.3317	1	1
34.3322	1	1
34.3328	1	1
34.3333	1	1
34.3339	1	1
34.3344	1	1
34.335	1	1
34.3356	1	1
34.3361	1	1
34.3394	1	1
34.34	1	1
34.3406	1	1
34.3411	1	1
34.3417	1	1
34.3422	1	1
34.3428	1	1
34.3433	1	1
34.345	1	1
34.3456	1	1
34.3461	1	1
34.3467	1	1
34.3472	1	1
34.3478	1	1
34.3483	1	1
34.3489	1	1
34.3506	1	1
34.3511	1	1
34.3522	1	1
34.3528	1	1
34.3533	1	1
34.3539	1	1
34.3544	1	1
34.355	1	1
34.3572	1	1
34.3578	1	1
34.3583	1	1
34.3589	1	1
34.3622	1	1
34.3628	1	1
34.3633	1	1
34.365	1	1
34.3656	1	1
34.3661	1	1
34.3667	1	1
34.3672	1	1
34.3678	1	1
34.3683	1	1
34.3689	1	1
34.37	1	1
34.3706	1	1
34.3717	1	1
34.3722	1	1
34.3728	1	1
34.3733	1	1
34.3739	1	1
34.3744	1	1
34.375	1	1
34.3772	1	1
34.3778	1	1
34.3783	1	1
34.3789	1	1
34.3794	1	1
34.38	1	1
34.3806	1	1
34.3811	1	1
34.3833	1	1
34.3839	1	1
34.3844	1	1
34.385	1	1
34.3856	1	1
34.3872	1	1
34.3878	1	1
34.3883	1	1
34.395	1	1
34.3956	1	1
34.3961	1	1
34.3967	1	1
34.3972	1	1
34.3978	1	1
34.4039	1	1
34.4044	1	1
34.405	1	1
34.4328	1	1
34.4333	1	1
34.4339	1	1
34.4367	1	1
34.4372	1	1
34.4378	1	1
34.4444	1	1
34.445	1	1
34.4456	1	1
34.5989	1	1
34.5994	0.5	1
34.6	1	1
34.6006	0.5	1
34.6011	0.5	1
34.6017	1	1
34.6028	1	1
34.6033	0.5	1
34.6039	1	1
34.6044	0.5	1
34.605	1	1
34.6056	0.5	1
34.6061	1	1
34.6078	1	1
34.6083	0.5	1
34.6089	1	1
34.61	1	1
34.6106	0.5	1
34.6111	1	1
34.6122	1	1
34.6128	0.5	1
34.6133	1	1
34.6139	1	1
34.6144	0.5	1
34.615	0.5	1
34.6156	1	1
34.6178	1	1
34.6183	0.5	1
34.6189	1	1
34.6272	1	1
34.6278	0.5	1
34.6283	1	1
34.6328	1	1
34.6333	0.5	1
34.6339	1	1
34.6344	1	1
34.635	0.5	1
34.6356	1	1
34.6361	1	1
34.6367	0.5	1
34.6372	1	1
34.6378	1	1
34.6383	0.5	1
34.6389	1	1
34.6417	1	1
34.6422	0.5	1
34.6428	1	1
34.65	1	1
34.6506	0.5	1
34.6511	1	1
34.6517	0.5	1
34.6533	0.5	1
34.6539	1	1
34.655	1	1
34.6556	0.5	1
34.6561	1	1
34.6567	0.5	1
34.6572	1	1
34.6578	1	1
34.6583	0.5	1
34.6589	0.5	1
34.6594	1	1
34.6606	1	1
34.6611	0.5	1
34.6617	1	1
34.6622	1	1
34.6628	0.5	1
34.6633	1	1
34.6639	0.5	1
34.6644	1	1
34.665	0.5	1
34.6661	0.5	1
34.6667	1	1
34.6672	0.5	1
34.6678	1	1
34.6683	0.5	1
34.6689	1	1
34.6711	1	1
34.6717	0.5	1
34.6722	1	1
34.6739	1	1
34.6744	0.5	1
34.675	0.5	1
34.6756	1	1
34.6783	1	1
34.6789	0.5	1
34.6794	0.5	1
34.68	1	1
34.6811	1	1
34.6817	0.5	1
34.6844	0.5	1
34.685	1	1
34.6861	1	1
34.6867	0.5	1
34.6872	1	1
34.6878	0.5	1
34.6883	1	1
34.6889	0.5	1
34.6894	0.5	1
34.69	1	1
34.6911	1	1
34.6917	0.5	1
34.6922	1	1
34.6928	1	1
34.6933	0.5	1
34.6939	0.5	1
34.6944	1	1
34.695	1	1
34.6956	0.5	1
34.6961	0.5	1
34.6967	1	1
34.6972	0.5	1
34.6983	0.5	1
34.6989	1	1
34.6994	1	1
34.7	0.5	1
34.7006	1	1
34.7011	1	1
34.7017	0.5	1
34.7022	1	1
34.7028	0.5	1
34.7039	0.5	1
34.7044	1	1
34.705	0.5	1
34.7072	0.5	1
34.7078	1	1
34.7083	1	1
34.7089	0.5	1
34.7094	1	1
34.71	0.5	1
34.7106	0.5	1
34.7111	1	1
34.7122	1	1
34.7128	0.5	1
34.7133	1	1
34.7139	0.5	1
34.7144	0.5	1
34.715	1	1
34.7156	1	1
34.7161	0.5	1
34.7167	1	1
34.7172	1	1
34.7178	0.5	1
34.7189	0.5	1
34.7194	1	1
34.72	1	1
34.7206	0.5	1
40	0.5	1
