TIME          	MC CONC       	STS CONC      	HTS CONC      	SED CONC      	ADV dm/dt     	DISP dm/dt    	DECAY dm/dt   	SORPTION dm/dt	STORAGE dm/dt 	MC dm/dt      	STS dm/dt     	HTS dm/dt     
(hr)          	mg/L          	mg/L          	mg/L          	mg/L          	(mg/L)·(m²/s)  	(mg/L)·(m²/s)  	(mg/L)·(m²/s)  	(mg/L)·(m²/s)  	(mg/L)·(m²/s)  	(mg/L)·(m²/s)  	(mg/L)·(m²/s)  	(mg/L)·(m²/s)  
0.000000e+00	0.000000e+00	0.000000e+00	0.000000e+00	0.000000e+00	0.000000e+00	0.000000e+00	0.000000e+00	0.000000e+00	0.000000e+00	0.000000e+00	0.000000e+00	0.000000e+00
1.000000e-01	0.000000e+00	0.000000e+00	0.000000e+00	1.000000e+00	0.000000e+00	0.000000e+00	0.000000e+00	0.000000e+00	0.000000e+00	0.000000e+00	0.000000e+00	0.000000e+00
2.000000e-01	0.000000e+00	0.000000e+00	0.000000e+00	1.000000e+00	0.000000e+00	0.000000e+00	0.000000e+00	0.000000e+00	0.000000e+00	0.000000e+00	0.000000e+00	0.000000e+00
3.000000e-01	0.000000e+00	0.000000e+00	0.000000e+00	1.000000e+00	0.000000e+00	0.000000e+00	0.000000e+00	0.000000e+00	0.000000e+00	0.000000e+00	0.000000e+00	0.000000e+00
4.000000e-01	0.000000e+00	0.000000e+00	0.000000e+00	1.000000e+00	0.000000e+00	0.000000e+00	0.000000e+00	0.000000e+00	0.000000e+00	0.000000e+00	0.000000e+00	0.000000e+00
5.000000e-01	3.291355e-40	1.768917e-41	4.125552e-44	1.000000e+00	1.297488e-40	3.097970e-41	0.000000e+00	0.000000e+00	-2.533928e-43	1.604751e-40	2.529457e-43	4.470218e-46
6.000000e-01	4.444128e-28	3.626882e-29	1.309938e-31	1.000000e+00	1.157972e-28	2.515322e-29	0.000000e+00	0.000000e+00	-3.320660e-31	1.406183e-28	3.311506e-31	9.153711e-34
7.000000e-01	6.074012e-21	7.074109e-22	3.758610e-24	1.000000e+00	1.113855e-21	2.157657e-22	0.000000e+00	0.000000e+00	-4.366266e-24	1.325254e-21	4.348443e-24	1.782351e-26
8.000000e-01	3.514756e-16	5.486306e-17	4.060941e-19	1.000000e+00	4.814177e-17	8.222386e-18	0.000000e+00	0.000000e+00	-2.413240e-19	5.612283e-17	2.399446e-19	1.379395e-21
9.000000e-01	8.930115e-13	1.778719e-13	1.757705e-15	1.000000e+00	9.538110e-14	1.426127e-14	0.000000e+00	0.000000e+00	-5.818376e-16	1.090605e-13	5.773766e-16	4.460972e-18
1.000000e+00	3.097180e-10	7.590962e-11	9.713647e-13	1.000000e+00	2.654714e-11	3.454415e-12	0.000000e+00	0.000000e+00	-1.902265e-13	2.981133e-11	1.883283e-13	1.898186e-15
1.100000e+00	2.741332e-08	8.042726e-09	1.304070e-10	1.000000e+00	1.921482e-09	2.163438e-10	0.000000e+00	0.000000e+00	-1.575991e-11	2.122066e-09	1.555949e-11	2.004190e-13
1.200000e+00	9.062354e-07	3.113523e-07	6.295442e-09	1.000000e+00	5.259130e-08	5.093148e-09	0.000000e+00	0.000000e+00	-4.839969e-10	5.720045e-08	4.762698e-10	7.727090e-12
1.300000e+00	1.436464e-05	5.674049e-06	1.413243e-07	1.000000e+00	6.957797e-07	5.759575e-08	0.000000e+00	0.000000e+00	-7.070666e-09	7.463048e-07	6.930522e-09	1.401439e-10
1.400000e+00	1.297986e-04	5.801509e-05	1.762570e-06	1.000000e+00	5.274005e-06	3.706479e-07	0.000000e+00	0.000000e+00	-5.840302e-08	5.586249e-06	5.697814e-08	1.424876e-09
1.500000e+00	7.573058e-04	3.776609e-04	1.388197e-05	1.000000e+00	2.588361e-05	1.532504e-06	0.000000e+00	0.000000e+00	-3.088791e-07	2.710723e-05	2.996646e-07	9.214520e-09
1.600000e+00	3.128518e-03	1.718989e-03	7.592122e-05	1.000000e+00	9.001917e-05	4.448784e-06	0.000000e+00	0.000000e+00	-1.146793e-06	9.332116e-05	1.105174e-06	4.161890e-08
1.700000e+00	9.810905e-03	5.873046e-03	3.098195e-04	1.000000e+00	2.374467e-04	9.680541e-06	0.000000e+00	0.000000e+00	-3.203842e-06	2.439234e-04	3.062925e-06	1.409165e-07
1.800000e+00	2.463815e-02	1.590746e-02	9.971098e-04	1.000000e+00	5.003519e-04	1.657264e-05	0.000000e+00	0.000000e+00	-7.103286e-06	5.098212e-04	6.725606e-06	3.776792e-07
1.900000e+00	5.167726e-02	3.565469e-02	2.642963e-03	1.000000e+00	8.779266e-04	2.321325e-05	0.000000e+00	0.000000e+00	-1.303596e-05	8.881039e-04	1.219978e-05	8.361870e-07
2.000000e+00	9.380866e-02	6.851285e-02	5.973612e-03	1.000000e+00	1.335388e-03	2.819474e-05	0.000000e+00	0.000000e+00	-2.058067e-05	1.343002e-03	1.899655e-05	1.584119e-06
2.100000e+00	1.529223e-01	1.167519e-01	1.185830e-02	1.000000e+00	1.868998e-03	3.472224e-05	0.000000e+00	0.000000e+00	-2.942828e-05	1.874292e-03	2.677132e-05	2.656954e-06
2.200000e+00	2.348422e-01	1.838031e-01	2.127611e-02	1.000000e+00	2.656126e-03	5.494599e-05	0.000000e+00	0.000000e+00	-4.152543e-05	2.669547e-03	3.740862e-05	4.116808e-06
2.300000e+00	3.600130e-01	2.817242e-01	3.561774e-02	1.000000e+00	4.195065e-03	1.072555e-04	0.000000e+00	0.000000e+00	-6.369579e-05	4.238625e-03	5.746192e-05	6.233876e-06
2.400000e+00	5.737842e-01	4.415589e-01	5.761390e-02	1.000000e+00	7.220735e-03	2.019543e-04	0.000000e+00	0.000000e+00	-1.075785e-04	7.315110e-03	9.785314e-05	9.725328e-06
2.500000e+00	9.443816e-01	7.177843e-01	9.276871e-02	1.000000e+00	1.230073e-02	3.251798e-04	0.000000e+00	0.000000e+00	-1.843595e-04	1.244155e-02	1.685279e-04	1.583165e-05
2.600000e+00	1.542269e+00	1.177793e+00	1.505118e-01	1.000000e+00	1.934463e-02	4.383285e-04	0.000000e+00	0.000000e+00	-2.965377e-04	1.948642e-02	2.705166e-04	2.602103e-05
2.700000e+00	2.409222e+00	1.877184e+00	2.440115e-01	1.000000e+00	2.741875e-02	4.971528e-04	0.000000e+00	0.000000e+00	-4.328658e-04	2.748303e-02	3.914975e-04	4.136826e-05
2.800000e+00	3.534943e+00	2.833376e+00	3.881513e-01	1.000000e+00	3.504044e-02	4.761999e-04	0.000000e+00	0.000000e+00	-5.707953e-04	3.494585e-02	5.088578e-04	6.193753e-05
2.900000e+00	4.854590e+00	4.012580e+00	5.962249e-01	1.000000e+00	4.076393e-02	3.808675e-04	0.000000e+00	0.000000e+00	-6.850597e-04	4.045974e-02	5.985234e-04	8.653627e-05
3.000000e+00	6.267265e+00	5.336799e+00	8.766575e-01	1.000000e+00	4.370018e-02	2.413837e-04	0.000000e+00	0.000000e+00	-7.570276e-04	4.318453e-02	6.440522e-04	1.129754e-04
3.100000e+00	7.664583e+00	6.705921e+00	1.231012e+00	1.000000e+00	4.372496e-02	9.623638e-05	0.000000e+00	0.000000e+00	-7.799672e-04	4.304123e-02	6.412877e-04	1.386795e-04
3.200000e+00	8.956260e+00	8.023639e+00	1.653855e+00	1.000000e+00	4.136013e-02	-2.343598e-05	0.000000e+00	0.000000e+00	-7.587805e-04	4.057791e-02	5.974339e-04	1.613466e-04
3.300000e+00	1.008468e+01	9.217056e+00	2.134235e+00	1.000000e+00	3.747378e-02	-1.016301e-04	0.000000e+00	0.000000e+00	-7.059018e-04	3.666625e-02	5.264940e-04	1.794079e-04
3.400000e+00	1.102723e+01	1.024536e+01	2.658040e+00	1.000000e+00	3.296912e-02	-1.372296e-04	0.000000e+00	0.000000e+00	-6.361309e-04	3.219575e-02	4.439442e-04	1.921867e-04
3.500000e+00	1.178970e+01	1.109833e+01	3.210420e+00	1.000000e+00	2.856764e-02	-1.391177e-04	0.000000e+00	0.000000e+00	-5.625035e-04	2.786602e-02	3.627028e-04	1.998007e-04
3.600000e+00	1.239575e+01	1.178848e+01	3.777686e+00	1.000000e+00	2.471703e-02	-1.201553e-04	0.000000e+00	0.000000e+00	-4.940785e-04	2.410280e-02	2.911651e-04	2.029134e-04
3.700000e+00	1.287647e+01	1.234111e+01	4.348454e+00	1.000000e+00	2.160365e-02	-9.231183e-05	0.000000e+00	0.000000e+00	-4.355678e-04	2.107577e-02	2.331138e-04	2.024540e-04
3.800000e+00	1.326269e+01	1.278555e+01	4.914044e+00	1.000000e+00	1.922475e-02	-6.406273e-05	0.000000e+00	0.000000e+00	-3.881977e-04	1.877249e-02	1.888124e-04	1.993853e-04
3.900000e+00	1.358070e+01	1.314925e+01	5.468350e+00	1.000000e+00	1.747294e-02	-4.004130e-05	0.000000e+00	0.000000e+00	-3.510213e-04	1.708188e-02	1.564641e-04	1.945573e-04
4.000000e+00	1.385068e+01	1.345481e+01	6.007415e+00	1.000000e+00	1.620195e-02	-2.200688e-05	0.000000e+00	0.000000e+00	-3.220801e-04	1.585787e-02	1.334376e-04	1.886425e-04
4.100000e+00	1.408681e+01	1.371908e+01	6.528906e+00	1.000000e+00	1.526678e-02	-9.958089e-06	0.000000e+00	0.000000e+00	-2.991784e-04	1.495764e-02	1.170512e-04	1.821272e-04
4.200000e+00	1.429820e+01	1.395362e+01	7.031623e+00	1.000000e+00	1.454722e-02	-2.756099e-06	0.000000e+00	0.000000e+00	-2.803508e-04	1.426412e-02	1.050167e-04	1.753341e-04
4.300000e+00	1.449046e+01	1.416577e+01	7.515088e+00	1.000000e+00	1.396328e-02	1.522216e-06	0.000000e+00	0.000000e+00	-2.641719e-04	1.370063e-02	9.571012e-05	1.684618e-04
4.400000e+00	1.466746e+01	1.436029e+01	7.979261e+00	1.000000e+00	1.347978e-02	4.965908e-06	0.000000e+00	0.000000e+00	-2.499125e-04	1.323483e-02	8.828106e-05	1.616314e-04
4.500000e+00	1.483268e+01	1.454084e+01	8.424386e+00	1.000000e+00	1.309488e-02	8.962171e-06	0.000000e+00	0.000000e+00	-2.374454e-04	1.286639e-02	8.251575e-05	1.549297e-04
4.600000e+00	1.498989e+01	1.471099e+01	8.850935e+00	1.000000e+00	1.281630e-02	1.366027e-05	0.000000e+00	0.000000e+00	-2.269109e-04	1.260305e-02	7.847574e-05	1.484352e-04
4.700000e+00	1.514274e+01	1.487439e+01	9.259599e+00	1.000000e+00	1.263871e-02	1.814760e-05	0.000000e+00	0.000000e+00	-2.183255e-04	1.243853e-02	7.610281e-05	1.422227e-04
4.800000e+00	1.529398e+01	1.503421e+01	9.651258e+00	1.000000e+00	1.253369e-02	2.114169e-05	0.000000e+00	0.000000e+00	-2.113463e-04	1.234348e-02	7.499615e-05	1.363502e-04
4.900000e+00	1.544473e+01	1.519241e+01	1.002691e+01	1.000000e+00	1.245479e-02	2.173694e-05	0.000000e+00	0.000000e+00	-2.052816e-04	1.227125e-02	7.443947e-05	1.308421e-04
5.000000e+00	1.559425e+01	1.534929e+01	1.038757e+01	1.000000e+00	1.235252e-02	1.984183e-05	0.000000e+00	0.000000e+00	-1.992961e-04	1.217306e-02	7.361578e-05	1.256803e-04
5.100000e+00	1.574036e+01	1.550354e+01	1.073414e+01	1.000000e+00	1.219013e-02	1.615794e-05	0.000000e+00	0.000000e+00	-1.926811e-04	1.201361e-02	7.187220e-05	1.208089e-04
5.200000e+00	1.588026e+01	1.565281e+01	1.106732e+01	1.000000e+00	1.195279e-02	1.179249e-05	0.000000e+00	0.000000e+00	-1.850483e-04	1.177954e-02	6.889783e-05	1.161505e-04
5.300000e+00	1.601129e+01	1.579450e+01	1.138761e+01	1.000000e+00	1.164708e-02	7.787247e-06	0.000000e+00	0.000000e+00	-1.763747e-04	1.147849e-02	6.474808e-05	1.116266e-04
5.400000e+00	1.613160e+01	1.592643e+01	1.169529e+01	1.000000e+00	1.129416e-02	4.843119e-06	0.000000e+00	0.000000e+00	-1.669214e-04	1.113208e-02	5.974646e-05	1.071749e-04
5.500000e+00	1.624037e+01	1.604727e+01	1.199050e+01	1.000000e+00	1.092211e-02	3.313861e-06	0.000000e+00	0.000000e+00	-1.571089e-04	1.076831e-02	5.435095e-05	1.027579e-04
5.600000e+00	1.633789e+01	1.615670e+01	1.227332e+01	1.000000e+00	1.056067e-02	3.329452e-06	0.000000e+00	0.000000e+00	-1.474195e-04	1.041657e-02	4.905370e-05	9.836581e-05
5.700000e+00	1.642546e+01	1.625543e+01	1.254385e+01	1.000000e+00	1.023801e-02	4.850810e-06	0.000000e+00	0.000000e+00	-1.383357e-04	1.010452e-02	4.432139e-05	9.401435e-05
5.800000e+00	1.650521e+01	1.634508e+01	1.280223e+01	1.000000e+00	9.976597e-03	7.582259e-06	0.000000e+00	0.000000e+00	-1.302760e-04	9.853903e-03	4.053543e-05	8.974054e-05
5.900000e+00	1.657973e+01	1.642793e+01	1.304876e+01	1.000000e+00	9.787804e-03	1.093425e-05	0.000000e+00	0.000000e+00	-1.235043e-04	9.675234e-03	3.790980e-05	8.559452e-05
6.000000e+00	1.665158e+01	1.650646e+01	1.328387e+01	1.000000e+00	9.669754e-03	1.425279e-05	0.000000e+00	0.000000e+00	-1.180700e-04	9.565937e-03	3.644157e-05	8.162843e-05
6.100000e+00	1.672289e+01	1.658297e+01	1.350813e+01	1.000000e+00	9.611112e-03	1.709085e-05	0.000000e+00	0.000000e+00	-1.138402e-04	9.514362e-03	3.595442e-05	7.788574e-05
6.200000e+00	1.679511e+01	1.665923e+01	1.372221e+01	1.000000e+00	9.592520e-03	1.885588e-05	0.000000e+00	0.000000e+00	-1.105484e-04	9.500828e-03	3.615356e-05	7.439480e-05
6.300000e+00	1.686827e+01	1.673612e+01	1.392684e+01	1.000000e+00	9.559830e-03	1.676073e-05	0.000000e+00	0.000000e+00	-1.075156e-04	9.469075e-03	3.635642e-05	7.115923e-05
6.400000e+00	1.693756e+01	1.681170e+01	1.412266e+01	1.000000e+00	9.328911e-03	1.667247e-06	0.000000e+00	0.000000e+00	-1.024026e-04	9.228176e-03	3.428929e-05	6.811328e-05
6.500000e+00	1.698478e+01	1.687557e+01	1.430991e+01	1.000000e+00	8.437794e-03	-4.361128e-05	0.000000e+00	0.000000e+00	-8.885339e-05	8.305329e-03	2.386523e-05	6.498816e-05
6.600000e+00	1.696684e+01	1.689911e+01	1.448751e+01	1.000000e+00	6.115566e-03	-1.351526e-04	0.000000e+00	0.000000e+00	-5.511037e-05	5.925303e-03	-5.975347e-06	6.108572e-05
6.700000e+00	1.681166e+01	1.682742e+01	1.465159e+01	1.000000e+00	1.572828e-03	-2.696117e-04	0.000000e+00	0.000000e+00	1.282064e-05	1.316036e-03	-6.793420e-05	5.511357e-05
6.800000e+00	1.643268e+01	1.658387e+01	1.479395e+01	1.000000e+00	-5.457082e-03	-4.140195e-04	0.000000e+00	0.000000e+00	1.230079e-04	-5.748093e-03	-1.683464e-04	4.533846e-05
6.900000e+00	1.576069e+01	1.609212e+01	1.490152e+01	1.000000e+00	-1.431928e-02	-5.177824e-04	0.000000e+00	0.000000e+00	2.696472e-04	-1.456742e-02	-2.998050e-04	3.015786e-05
7.000000e+00	1.477644e+01	1.530725e+01	1.495780e+01	1.000000e+00	-2.353158e-02	-5.398610e-04	0.000000e+00	0.000000e+00	4.318729e-04	-2.363957e-02	-4.407246e-04	8.851736e-06
7.100000e+00	1.352483e+01	1.423882e+01	1.494614e+01	1.000000e+00	-3.134250e-02	-4.703938e-04	0.000000e+00	0.000000e+00	5.809037e-04	-3.123199e-02	-5.629873e-04	-1.791644e-05
7.200000e+00	1.210375e+01	1.295309e+01	1.485374e+01	1.000000e+00	-3.639887e-02	-3.328307e-04	0.000000e+00	0.000000e+00	6.910234e-04	-3.604068e-02	-6.428799e-04	-4.814354e-05
7.300000e+00	1.063490e+01	1.155436e+01	1.467471e+01	1.000000e+00	-3.815765e-02	-1.690032e-04	0.000000e+00	0.000000e+00	7.480730e-04	-3.757859e-02	-6.690346e-04	-7.903838e-05
7.400000e+00	9.231735e+00	1.015589e+01	1.441119e+01	1.000000e+00	-3.690398e-02	-1.946735e-05	0.000000e+00	0.000000e+00	7.518893e-04	-3.617156e-02	-6.441025e-04	-1.077868e-04
7.500000e+00	7.976888e+00	8.853475e+00	1.407251e+01	1.000000e+00	-3.347459e-02	8.989119e-05	0.000000e+00	0.000000e+00	7.131905e-04	-3.267151e-02	-5.809924e-04	-1.321981e-04
7.600000e+00	6.913831e+00	7.710082e+00	1.367284e+01	1.000000e+00	-2.888742e-02	1.512297e-04	0.000000e+00	0.000000e+00	6.478299e-04	-2.808836e-02	-4.967934e-04	-1.510366e-04
7.700000e+00	6.050660e+00	6.752981e+00	1.322844e+01	1.000000e+00	-2.404302e-02	1.705669e-04	0.000000e+00	0.000000e+00	5.714087e-04	-2.330104e-02	-4.073852e-04	-1.640234e-04
7.800000e+00	5.370549e+00	5.980088e+00	1.275528e+01	1.000000e+00	-1.956912e-02	1.607642e-04	0.000000e+00	0.000000e+00	4.959208e-04	-1.891244e-02	-3.243051e-04	-1.716156e-04
7.900000e+00	4.843491e+00	5.370353e+00	1.226734e+01	1.000000e+00	-1.579730e-02	1.354114e-04	0.000000e+00	0.000000e+00	4.286554e-04	-1.523323e-02	-2.539547e-04	-1.747007e-04
8.000000e+00	4.435905e+00	4.893999e+00	1.177584e+01	1.000000e+00	-1.282089e-02	1.052434e-04	0.000000e+00	0.000000e+00	3.727053e-04	-1.234295e-02	-1.983882e-04	-1.743171e-04
8.100000e+00	4.116823e+00	4.520236e+00	1.128913e+01	1.000000e+00	-1.058146e-02	7.700800e-05	0.000000e+00	0.000000e+00	3.282167e-04	-1.017624e-02	-1.567607e-04	-1.714560e-04
8.200000e+00	3.860858e+00	4.221851e+00	1.081294e+01	1.000000e+00	-8.947877e-03	5.390734e-05	0.000000e+00	0.000000e+00	2.937042e-04	-8.600265e-03	-1.267519e-04	-1.669523e-04
8.300000e+00	3.648867e+00	3.977131e+00	1.035095e+01	1.000000e+00	-7.772389e-03	3.668587e-05	0.000000e+00	0.000000e+00	2.670758e-04	-7.468627e-03	-1.056269e-04	-1.614489e-04
8.400000e+00	3.467312e+00	3.770005e+00	9.905291e+00	1.000000e+00	-6.922248e-03	2.473279e-05	0.000000e+00	0.000000e+00	2.462710e-04	-6.651244e-03	-9.086419e-05	-1.554068e-04
8.500000e+00	3.307084e+00	3.589248e+00	9.477000e+00	1.000000e+00	-6.292452e-03	1.690624e-05	0.000000e+00	0.000000e+00	2.295682e-04	-6.045978e-03	-8.043141e-05	-1.491368e-04
8.600000e+00	3.162281e+00	3.427362e+00	9.066421e+00	1.000000e+00	-5.806911e-03	1.202731e-05	0.000000e+00	0.000000e+00	2.156706e-04	-5.579213e-03	-7.283324e-05	-1.428374e-04
8.700000e+00	3.029175e+00	3.279508e+00	8.673453e+00	1.000000e+00	-5.414017e-03	9.110101e-06	0.000000e+00	0.000000e+00	2.036709e-04	-5.201236e-03	-6.704226e-05	-1.366286e-04
8.800000e+00	2.905440e+00	3.142620e+00	8.297735e+00	1.000000e+00	-5.080563e-03	7.424507e-06	0.000000e+00	0.000000e+00	1.929691e-04	-4.880169e-03	-6.238998e-05	-1.305791e-04
8.900000e+00	2.789608e+00	3.014762e+00	7.938762e+00	1.000000e+00	-4.786057e-03	6.473878e-06	0.000000e+00	0.000000e+00	1.831852e-04	-4.596398e-03	-5.846023e-05	-1.247249e-04
9.000000e+00	2.680722e+00	2.894692e+00	7.595958e+00	1.000000e+00	-4.518265e-03	5.941900e-06	0.000000e+00	0.000000e+00	1.740859e-04	-4.338237e-03	-5.500287e-05	-1.190831e-04
9.100000e+00	2.578125e+00	2.781579e+00	7.268715e+00	1.000000e+00	-4.270038e-03	5.637802e-06	0.000000e+00	0.000000e+00	1.655306e-04	-4.098869e-03	-5.187143e-05	-1.136591e-04
9.200000e+00	2.481329e+00	2.674832e+00	6.956421e+00	1.000000e+00	-4.037230e-03	5.451873e-06	0.000000e+00	0.000000e+00	1.574339e-04	-3.874344e-03	-4.898128e-05	-1.084527e-04
9.300000e+00	2.389944e+00	2.573994e+00	6.658468e+00	1.000000e+00	-3.817406e-03	5.323707e-06	0.000000e+00	0.000000e+00	1.497432e-04	-3.662339e-03	-4.628346e-05	-1.034597e-04
9.400000e+00	2.303639e+00	2.478692e+00	6.374265e+00	1.000000e+00	-3.609076e-03	5.221435e-06	0.000000e+00	0.000000e+00	1.424237e-04	-3.461431e-03	-4.374887e-05	-9.867484e-05
9.500000e+00	2.222119e+00	2.388602e+00	6.103233e+00	1.000000e+00	-3.411262e-03	5.128996e-06	0.000000e+00	0.000000e+00	1.354508e-04	-3.270682e-03	-4.135922e-05	-9.409160e-05
9.600000e+00	2.145115e+00	2.303430e+00	5.844816e+00	1.000000e+00	-3.223259e-03	5.038751e-06	0.000000e+00	0.000000e+00	1.288054e-04	-3.089415e-03	-3.910208e-05	-8.970331e-05
9.700000e+00	2.072376e+00	2.222906e+00	5.598475e+00	1.000000e+00	-3.044507e-03	4.947375e-06	0.000000e+00	0.000000e+00	1.224713e-04	-2.917089e-03	-3.696811e-05	-8.550316e-05
9.800000e+00	2.003668e+00	2.146778e+00	5.363691e+00	1.000000e+00	-2.874530e-03	4.853671e-06	0.000000e+00	0.000000e+00	1.164341e-04	-2.753243e-03	-3.494972e-05	-8.148440e-05
9.900000e+00	1.938769e+00	2.074807e+00	5.139962e+00	1.000000e+00	-2.712898e-03	4.757442e-06	0.000000e+00	0.000000e+00	1.106806e-04	-2.597460e-03	-3.304028e-05	-7.764037e-05
1.000000e+01	1.877470e+00	2.006770e+00	4.926806e+00	1.000000e+00	-2.559212e-03	4.658931e-06	0.000000e+00	0.000000e+00	1.051983e-04	-2.449355e-03	-3.123380e-05	-7.396451e-05
1.010000e+01	1.819574e+00	1.942454e+00	4.723759e+00	1.000000e+00	-2.413096e-03	4.558555e-06	0.000000e+00	0.000000e+00	9.997520e-05	-2.308562e-03	-2.952473e-05	-7.045047e-05
1.020000e+01	1.764894e+00	1.881659e+00	4.530376e+00	1.000000e+00	-2.274195e-03	4.456776e-06	0.000000e+00	0.000000e+00	9.499988e-05	-2.174738e-03	-2.790788e-05	-6.709201e-05
1.030000e+01	1.713253e+00	1.824194e+00	4.346226e+00	1.000000e+00	-2.142167e-03	4.354048e-06	0.000000e+00	0.000000e+00	9.026141e-05	-2.047551e-03	-2.637833e-05	-6.388308e-05
1.040000e+01	1.664485e+00	1.769880e+00	4.170899e+00	1.000000e+00	-2.016689e-03	4.250796e-06	0.000000e+00	0.000000e+00	8.574924e-05	-1.926689e-03	-2.493144e-05	-6.081780e-05
1.050000e+01	1.618432e+00	1.718547e+00	4.003997e+00	1.000000e+00	-1.897449e-03	4.147407e-06	0.000000e+00	0.000000e+00	8.145328e-05	-1.811849e-03	-2.356283e-05	-5.789045e-05
1.060000e+01	1.574944e+00	1.670032e+00	3.845141e+00	1.000000e+00	-1.784152e-03	4.044229e-06	0.000000e+00	0.000000e+00	7.736382e-05	-1.702744e-03	-2.226833e-05	-5.509549e-05
1.070000e+01	1.533880e+00	1.624184e+00	3.693965e+00	1.000000e+00	-1.676515e-03	3.941573e-06	0.000000e+00	0.000000e+00	7.347155e-05	-1.599102e-03	-2.104399e-05	-5.242756e-05
1.080000e+01	1.495106e+00	1.580858e+00	3.550121e+00	1.000000e+00	-1.574265e-03	3.839712e-06	0.000000e+00	0.000000e+00	6.976752e-05	-1.500658e-03	-1.988608e-05	-4.988144e-05
1.090000e+01	1.458497e+00	1.539916e+00	3.413273e+00	1.000000e+00	-1.477146e-03	3.738891e-06	0.000000e+00	0.000000e+00	6.624315e-05	-1.407164e-03	-1.879104e-05	-4.745211e-05
1.100000e+01	1.423932e+00	1.501230e+00	3.283098e+00	1.000000e+00	-1.384909e-03	3.639323e-06	0.000000e+00	0.000000e+00	6.289024e-05	-1.318380e-03	-1.775552e-05	-4.513471e-05
1.110000e+01	1.391298e+00	1.464677e+00	3.159289e+00	1.000000e+00	-1.297319e-03	3.541191e-06	0.000000e+00	0.000000e+00	5.970088e-05	-1.234077e-03	-1.677634e-05	-4.292454e-05
1.120000e+01	1.360489e+00	1.430140e+00	3.041551e+00	1.000000e+00	-1.214151e-03	3.444659e-06	0.000000e+00	0.000000e+00	5.666753e-05	-1.154039e-03	-1.585048e-05	-4.081705e-05
1.130000e+01	1.331405e+00	1.397510e+00	2.929601e+00	1.000000e+00	-1.135190e-03	3.349862e-06	0.000000e+00	0.000000e+00	5.378296e-05	-1.078057e-03	-1.497508e-05	-3.880788e-05
1.140000e+01	1.303948e+00	1.366682e+00	2.823169e+00	1.000000e+00	-1.060231e-03	3.256919e-06	0.000000e+00	0.000000e+00	5.104024e-05	-1.005934e-03	-1.414744e-05	-3.689280e-05
1.150000e+01	1.278030e+00	1.337559e+00	2.721995e+00	1.000000e+00	-9.890787e-04	3.165928e-06	0.000000e+00	0.000000e+00	4.843273e-05	-9.374800e-04	-1.336498e-05	-3.506775e-05
1.160000e+01	1.253565e+00	1.310047e+00	2.625832e+00	1.000000e+00	-9.215462e-04	3.076970e-06	0.000000e+00	0.000000e+00	4.595409e-05	-8.725152e-04	-1.262527e-05	-3.332882e-05
1.170000e+01	1.230472e+00	1.284059e+00	2.534443e+00	1.000000e+00	-8.574559e-04	2.990110e-06	0.000000e+00	0.000000e+00	4.359825e-05	-8.108675e-04	-1.192602e-05	-3.167222e-05
1.180000e+01	1.208675e+00	1.259510e+00	2.447601e+00	1.000000e+00	-7.966382e-04	2.905402e-06	0.000000e+00	0.000000e+00	4.135940e-05	-7.523734e-04	-1.126505e-05	-3.009435e-05
1.190000e+01	1.188102e+00	1.236322e+00	2.365091e+00	1.000000e+00	-7.389316e-04	2.822884e-06	0.000000e+00	0.000000e+00	3.923200e-05	-6.968768e-04	-1.064028e-05	-2.859172e-05
1.200000e+01	1.168685e+00	1.214421e+00	2.286706e+00	1.000000e+00	-6.841821e-04	2.742583e-06	0.000000e+00	0.000000e+00	3.721074e-05	-6.442288e-04	-1.004977e-05	-2.716096e-05
1.210000e+01	1.150360e+00	1.193736e+00	2.212247e+00	1.000000e+00	-6.322430e-04	2.664517e-06	0.000000e+00	0.000000e+00	3.529054e-05	-5.942879e-04	-9.491662e-06	-2.579888e-05
1.220000e+01	1.133066e+00	1.174200e+00	2.141525e+00	1.000000e+00	-5.829744e-04	2.588696e-06	0.000000e+00	0.000000e+00	3.346656e-05	-5.469191e-04	-8.964200e-06	-2.450236e-05
1.230000e+01	1.116745e+00	1.155749e+00	2.074362e+00	1.000000e+00	-5.362432e-04	2.515117e-06	0.000000e+00	0.000000e+00	3.173418e-05	-5.019939e-04	-8.465725e-06	-2.326846e-05
1.240000e+01	1.101343e+00	1.138325e+00	2.010584e+00	1.000000e+00	-4.919227e-04	2.443776e-06	0.000000e+00	0.000000e+00	3.008898e-05	-4.593900e-04	-7.994667e-06	-2.209432e-05
1.250000e+01	1.086809e+00	1.121871e+00	1.950028e+00	1.000000e+00	-4.498922e-04	2.374657e-06	0.000000e+00	0.000000e+00	2.852675e-05	-4.189908e-04	-7.549536e-06	-2.097721e-05
1.260000e+01	1.073094e+00	1.106334e+00	1.892536e+00	1.000000e+00	-4.100367e-04	2.307743e-06	0.000000e+00	0.000000e+00	2.704344e-05	-3.806855e-04	-7.128926e-06	-1.991452e-05
1.270000e+01	1.060153e+00	1.091662e+00	1.837960e+00	1.000000e+00	-3.722468e-04	2.243007e-06	0.000000e+00	0.000000e+00	2.563524e-05	-3.443686e-04	-6.731501e-06	-1.890374e-05
1.280000e+01	1.047943e+00	1.077808e+00	1.786156e+00	1.000000e+00	-3.364186e-04	2.180422e-06	0.000000e+00	0.000000e+00	2.429846e-05	-3.099397e-04	-6.356001e-06	-1.794246e-05
1.290000e+01	1.036422e+00	1.064728e+00	1.736989e+00	1.000000e+00	-3.024528e-04	2.119955e-06	0.000000e+00	0.000000e+00	2.302962e-05	-2.773032e-04	-6.001231e-06	-1.702839e-05
1.300000e+01	1.025552e+00	1.052377e+00	1.690329e+00	1.000000e+00	-2.702552e-04	2.061570e-06	0.000000e+00	0.000000e+00	2.182539e-05	-2.463683e-04	-5.666060e-06	-1.615933e-05
1.310000e+01	1.015296e+00	1.040717e+00	1.646053e+00	1.000000e+00	-2.397363e-04	2.005228e-06	0.000000e+00	0.000000e+00	2.068258e-05	-2.170485e-04	-5.349420e-06	-1.533316e-05
1.320000e+01	1.005620e+00	1.029709e+00	1.604042e+00	1.000000e+00	-2.108108e-04	1.950889e-06	0.000000e+00	0.000000e+00	1.959817e-05	-1.892617e-04	-5.050298e-06	-1.454787e-05
1.330000e+01	9.964922e-01	1.019316e+00	1.564185e+00	1.000000e+00	-1.833974e-04	1.898508e-06	0.000000e+00	0.000000e+00	1.856926e-05	-1.629297e-04	-4.767737e-06	-1.380153e-05
1.340000e+01	9.878809e-01	1.009505e+00	1.526374e+00	1.000000e+00	-1.574193e-04	1.848041e-06	0.000000e+00	0.000000e+00	1.759312e-05	-1.379781e-04	-4.500830e-06	-1.309229e-05
1.350000e+01	9.797574e-01	1.000243e+00	1.490507e+00	1.000000e+00	-1.328030e-04	1.799443e-06	0.000000e+00	0.000000e+00	1.666711e-05	-1.143364e-04	-4.248721e-06	-1.241839e-05
1.360000e+01	9.720942e-01	9.915003e-01	1.456489e+00	1.000000e+00	-1.094789e-04	1.752666e-06	0.000000e+00	0.000000e+00	1.578875e-05	-9.193747e-05	-4.010597e-06	-1.177815e-05
1.370000e+01	9.648655e-01	9.832476e-01	1.424225e+00	1.000000e+00	-8.738071e-05	1.707662e-06	0.000000e+00	0.000000e+00	1.495565e-05	-7.071739e-05	-3.785694e-06	-1.116996e-05
1.380000e+01	9.580469e-01	9.754579e-01	1.393629e+00	1.000000e+00	-6.644551e-05	1.664383e-06	0.000000e+00	0.000000e+00	1.416556e-05	-5.061557e-05	-3.573284e-06	-1.059227e-05
1.390000e+01	9.516153e-01	9.681054e-01	1.364616e+00	1.000000e+00	-4.661302e-05	1.622836e-06	0.000000e+00	0.000000e+00	1.341630e-05	-3.157389e-05	-3.372677e-06	-1.004362e-05
1.400000e+01	9.455492e-01	9.611658e-01	1.337108e+00	1.000000e+00	-2.781183e-05	1.584406e-06	0.000000e+00	0.000000e+00	1.270570e-05	-1.352172e-05	-3.183095e-06	-9.522606e-06
1.410000e+01	9.398319e-01	9.546178e-01	1.311027e+00	1.000000e+00	-9.793131e-06	1.565017e-06	0.000000e+00	0.000000e+00	1.202982e-05	3.801705e-06	-3.001974e-06	-9.027844e-06
1.420000e+01	9.344783e-01	9.484553e-01	1.286303e+00	1.000000e+00	8.824946e-06	1.652884e-06	0.000000e+00	0.000000e+00	1.137169e-05	2.184952e-05	-2.814010e-06	-8.557677e-06
1.430000e+01	9.296401e-01	9.427472e-01	1.262870e+00	1.000000e+00	3.331667e-05	2.114710e-06	0.000000e+00	0.000000e+00	1.066389e-05	4.609528e-05	-2.555181e-06	-8.108711e-06
1.440000e+01	9.258434e-01	9.378001e-01	1.240680e+00	1.000000e+00	7.644476e-05	3.400279e-06	0.000000e+00	0.000000e+00	9.727949e-06	8.957299e-05	-2.056013e-06	-7.671936e-06
1.450000e+01	9.242656e-01	9.344122e-01	1.219723e+00	1.000000e+00	1.579656e-04	5.852142e-06	0.000000e+00	0.000000e+00	8.255307e-06	1.720730e-04	-1.028395e-06	-7.226911e-06
1.460000e+01	9.267712e-01	9.340350e-01	1.200068e+00	1.000000e+00	2.961792e-04	9.289984e-06	0.000000e+00	0.000000e+00	5.909855e-06	3.113790e-04	8.287707e-07	-6.738626e-06
1.470000e+01	9.355238e-01	9.386108e-01	1.181900e+00	1.000000e+00	4.969298e-04	1.300298e-05	0.000000e+00	0.000000e+00	2.511524e-06	5.124443e-04	3.651001e-06	-6.162526e-06
1.480000e+01	9.524134e-01	9.501082e-01	1.165527e+00	1.000000e+00	7.516453e-04	1.631621e-05	0.000000e+00	0.000000e+00	-1.875529e-06	7.660860e-04	7.332075e-06	-5.456547e-06
1.490000e+01	9.787640e-01	9.701042e-01	1.151357e+00	1.000000e+00	1.046355e-03	1.904867e-05	0.000000e+00	0.000000e+00	-7.045646e-06	1.058358e-03	1.163679e-05	-4.591144e-06
1.500000e+01	1.015388e+00	9.996733e-01	1.139866e+00	1.000000e+00	1.368124e-03	2.118415e-05	0.000000e+00	0.000000e+00	-1.278554e-05	1.376522e-03	1.633661e-05	-3.551074e-06
1.510000e+01	1.062524e+00	1.039387e+00	1.131549e+00	1.000000e+00	1.698393e-03	2.221130e-05	0.000000e+00	0.000000e+00	-1.882436e-05	1.701780e-03	2.115883e-05	-2.334471e-06
1.520000e+01	1.119343e+00	1.089036e+00	1.126885e+00	1.000000e+00	2.002520e-03	2.114915e-05	0.000000e+00	0.000000e+00	-2.465782e-05	1.999011e-03	2.561653e-05	-9.587103e-07
1.530000e+01	1.183394e+00	1.147114e+00	1.126262e+00	1.000000e+00	2.232575e-03	1.736656e-05	0.000000e+00	0.000000e+00	-2.951778e-05	2.220424e-03	2.898960e-05	5.281788e-07
1.540000e+01	1.250628e+00	1.210541e+00	1.129883e+00	1.000000e+00	2.345955e-03	1.130801e-05	0.000000e+00	0.000000e+00	-3.261484e-05	2.324648e-03	3.057178e-05	2.043069e-06
1.550000e+01	1.316227e+00	1.275065e+00	1.137681e+00	1.000000e+00	2.325692e-03	4.409421e-06	0.000000e+00	0.000000e+00	-3.348957e-05	2.296612e-03	3.000962e-05	3.479954e-06
1.560000e+01	1.375828e+00	1.336237e+00	1.149286e+00	1.000000e+00	2.187623e-03	-1.657275e-06	0.000000e+00	0.000000e+00	-3.221165e-05	2.153754e-03	2.747620e-05	4.735449e-06
1.570000e+01	1.426491e+00	1.390465e+00	1.164075e+00	1.000000e+00	1.971212e-03	-5.782303e-06	0.000000e+00	0.000000e+00	-2.931041e-05	1.936119e-03	2.357595e-05	5.734459e-06
1.580000e+01	1.467018e+00	1.435662e+00	1.181269e+00	1.000000e+00	1.721371e-03	-7.801042e-06	0.000000e+00	0.000000e+00	-2.551141e-05	1.688059e-03	1.906766e-05	6.443753e-06
1.590000e+01	1.497579e+00	1.471235e+00	1.200054e+00	1.000000e+00	1.470964e-03	-8.405277e-06	0.000000e+00	0.000000e+00	-2.143396e-05	1.441124e-03	1.456495e-05	6.869010e-06
1.600000e+01	1.518921e+00	1.497556e+00	1.219668e+00	1.000000e+00	1.231139e-03	-8.701099e-06	0.000000e+00	0.000000e+00	-1.738244e-05	1.205056e-03	1.034353e-05	7.038905e-06
1.610000e+01	1.531568e+00	1.515197e+00	1.239438e+00	1.000000e+00	9.937379e-04	-9.560769e-06	0.000000e+00	0.000000e+00	-1.331940e-05	9.708578e-04	6.334429e-06	6.984966e-06
1.620000e+01	1.535479e+00	1.524371e+00	1.258768e+00	1.000000e+00	7.449195e-04	-1.108256e-05	0.000000e+00	0.000000e+00	-9.038101e-06	7.247988e-04	2.310384e-06	6.727717e-06
1.630000e+01	1.530333e+00	1.524883e+00	1.277099e+00	1.000000e+00	4.816900e-04	-1.254940e-05	0.000000e+00	0.000000e+00	-4.433781e-06	4.647069e-04	-1.842588e-06	6.276369e-06
1.640000e+01	1.516214e+00	1.516593e+00	1.293899e+00	1.000000e+00	2.200990e-04	-1.294370e-05	0.000000e+00	0.000000e+00	3.084240e-07	2.074637e-04	-5.949259e-06	5.640835e-06
1.650000e+01	1.494208e+00	1.500023e+00	1.308680e+00	1.000000e+00	-9.886960e-06	-1.162238e-05	0.000000e+00	0.000000e+00	4.731391e-06	-1.677794e-05	-9.578119e-06	4.846728e-06
1.660000e+01	1.466513e+00	1.476713e+00	1.321058e+00	1.000000e+00	-1.780892e-04	-8.676845e-06	0.000000e+00	0.000000e+00	8.298783e-06	-1.784672e-04	-1.224153e-05	3.942746e-06
1.670000e+01	1.436036e+00	1.449093e+00	1.330817e+00	1.000000e+00	-2.670096e-04	-4.817099e-06	0.000000e+00	0.000000e+00	1.062294e-05	-2.612037e-04	-1.361886e-05	2.995917e-06
1.680000e+01	1.405718e+00	1.419973e+00	1.337938e+00	1.000000e+00	-2.772228e-04	-9.667791e-07	0.000000e+00	0.000000e+00	1.159788e-05	-2.665917e-04	-1.367584e-05	2.077960e-06
1.690000e+01	1.377939e+00	1.391944e+00	1.342591e+00	1.000000e+00	-2.245274e-04	2.132979e-06	0.000000e+00	0.000000e+00	1.139450e-05	-2.109999e-04	-1.264462e-05	1.250116e-06
1.700000e+01	1.354186e+00	1.366917e+00	1.345093e+00	1.000000e+00	-1.324333e-04	4.123930e-06	0.000000e+00	0.000000e+00	1.035767e-05	-1.179517e-04	-1.091047e-05	5.527980e-07
1.710000e+01	1.335033e+00	1.345943e+00	1.345839e+00	1.000000e+00	-2.441226e-05	5.018851e-06	0.000000e+00	0.000000e+00	8.876610e-06	-1.051680e-05	-8.879241e-06	2.631223e-09
1.720000e+01	1.320331e+00	1.329285e+00	1.345243e+00	1.000000e+00	8.125684e-05	5.066016e-06	0.000000e+00	0.000000e+00	7.284486e-06	9.360734e-05	-6.880274e-06	-4.042120e-07
1.730000e+01	1.309488e+00	1.316629e+00	1.343684e+00	1.000000e+00	1.733705e-04	4.592917e-06	0.000000e+00	0.000000e+00	5.809321e-06	1.837728e-04	-5.124018e-06	-6.853023e-07
1.740000e+01	1.301725e+00	1.307342e+00	1.341483e+00	1.000000e+00	2.471924e-04	3.893146e-06	0.000000e+00	0.000000e+00	4.570409e-06	2.556559e-04	-3.705619e-06	-8.647902e-07
1.750000e+01	1.296261e+00	1.300688e+00	1.338891e+00	1.000000e+00	3.026102e-04	3.173553e-06	0.000000e+00	0.000000e+00	3.601624e-06	3.093854e-04	-2.633944e-06	-9.676805e-07
1.760000e+01	1.292427e+00	1.295971e+00	1.336091e+00	1.000000e+00	3.421090e-04	2.549017e-06	0.000000e+00	0.000000e+00	2.883218e-06	3.475412e-04	-1.866979e-06	-1.016238e-06
1.770000e+01	1.289697e+00	1.292610e+00	1.333209e+00	1.000000e+00	3.691518e-04	2.062684e-06	0.000000e+00	0.000000e+00	2.370081e-06	3.735846e-04	-1.341716e-06	-1.028365e-06
1.780000e+01	1.287691e+00	1.290163e+00	1.330328e+00	1.000000e+00	3.871509e-04	1.713057e-06	0.000000e+00	0.000000e+00	2.011430e-06	3.908754e-04	-9.940547e-07	-1.017375e-06
1.790000e+01	1.286148e+00	1.288313e+00	1.327499e+00	1.000000e+00	3.989619e-04	1.477201e-06	0.000000e+00	0.000000e+00	1.761754e-06	4.022008e-04	-7.691871e-07	-9.925665e-07
1.800000e+01	1.284900e+00	1.286848e+00	1.324752e+00	1.000000e+00	4.067383e-04	1.326303e-06	0.000000e+00	0.000000e+00	1.585164e-06	4.096497e-04	-6.250740e-07	-9.600900e-07
1.810000e+01	1.283841e+00	1.285630e+00	1.322102e+00	1.000000e+00	4.119851e-04	1.234024e-06	0.000000e+00	0.000000e+00	1.455738e-06	4.146748e-04	-5.319130e-07	-9.238247e-07
1.820000e+01	1.282907e+00	1.284574e+00	1.319557e+00	1.000000e+00	4.156925e-04	1.179735e-06	0.000000e+00	0.000000e+00	1.355956e-06	4.182282e-04	-4.698436e-07	-8.861119e-07
1.830000e+01	1.282061e+00	1.283627e+00	1.317118e+00	1.000000e+00	4.184808e-04	1.148810e-06	0.000000e+00	0.000000e+00	1.274593e-06	4.209042e-04	-4.262874e-07	-8.483055e-07
1.840000e+01	1.281280e+00	1.282761e+00	1.314784e+00	1.000000e+00	4.207223e-04	1.131614e-06	0.000000e+00	0.000000e+00	1.204766e-06	4.230587e-04	-3.936123e-07	-8.111535e-07
1.850000e+01	1.280552e+00	1.281956e+00	1.312554e+00	1.000000e+00	4.226332e-04	1.122167e-06	0.000000e+00	0.000000e+00	1.142400e-06	4.248977e-04	-3.673534e-07	-7.750468e-07
1.860000e+01	1.279868e+00	1.281202e+00	1.310423e+00	1.000000e+00	4.243350e-04	1.116932e-06	0.000000e+00	0.000000e+00	1.085149e-06	4.265371e-04	-3.449763e-07	-7.401730e-07
1.870000e+01	1.279225e+00	1.280493e+00	1.308389e+00	1.000000e+00	4.258951e-04	1.113909e-06	0.000000e+00	0.000000e+00	1.031684e-06	4.280407e-04	-3.250763e-07	-7.066079e-07
1.880000e+01	1.278618e+00	1.279824e+00	1.306447e+00	1.000000e+00	4.273502e-04	1.112009e-06	0.000000e+00	0.000000e+00	9.812531e-07	4.294434e-04	-3.068855e-07	-6.743677e-07
1.890000e+01	1.278045e+00	1.279192e+00	1.304595e+00	1.000000e+00	4.287206e-04	1.110658e-06	0.000000e+00	0.000000e+00	9.334220e-07	4.307647e-04	-2.899844e-07	-6.434377e-07
1.900000e+01	1.277504e+00	1.278595e+00	1.302827e+00	1.000000e+00	4.300180e-04	1.109567e-06	0.000000e+00	0.000000e+00	8.879269e-07	4.320155e-04	-2.741391e-07	-6.137878e-07
1.910000e+01	1.276993e+00	1.278031e+00	1.301141e+00	1.000000e+00	4.312494e-04	1.108593e-06	0.000000e+00	0.000000e+00	8.445932e-07	4.332026e-04	-2.592123e-07	-5.853809e-07
1.920000e+01	1.276510e+00	1.277497e+00	1.299533e+00	1.000000e+00	4.324197e-04	1.107671e-06	0.000000e+00	0.000000e+00	8.032928e-07	4.343307e-04	-2.451162e-07	-5.581766e-07
1.930000e+01	1.276053e+00	1.276992e+00	1.298000e+00	1.000000e+00	4.335326e-04	1.106769e-06	0.000000e+00	0.000000e+00	7.639222e-07	4.354033e-04	-2.317888e-07	-5.321334e-07
1.940000e+01	1.275622e+00	1.276515e+00	1.296539e+00	1.000000e+00	4.345910e-04	1.105877e-06	0.000000e+00	0.000000e+00	7.263911e-07	4.364232e-04	-2.191810e-07	-5.072101e-07
1.950000e+01	1.275214e+00	1.276063e+00	1.295146e+00	1.000000e+00	4.355976e-04	1.104991e-06	0.000000e+00	0.000000e+00	6.906168e-07	4.373932e-04	-2.072511e-07	-4.833657e-07
1.960000e+01	1.274830e+00	1.275636e+00	1.293819e+00	1.000000e+00	4.365549e-04	1.104110e-06	0.000000e+00	0.000000e+00	6.565220e-07	4.383155e-04	-1.959618e-07	-4.605602e-07
1.970000e+01	1.274466e+00	1.275233e+00	1.292554e+00	1.000000e+00	4.374653e-04	1.103236e-06	0.000000e+00	0.000000e+00	6.240330e-07	4.391925e-04	-1.852787e-07	-4.387544e-07
1.980000e+01	1.274122e+00	1.274851e+00	1.291350e+00	1.000000e+00	4.383308e-04	1.102370e-06	0.000000e+00	0.000000e+00	5.930794e-07	4.400263e-04	-1.751694e-07	-4.179100e-07
1.990000e+01	1.273798e+00	1.274491e+00	1.290203e+00	1.000000e+00	4.391537e-04	1.101513e-06	0.000000e+00	0.000000e+00	5.635936e-07	4.408188e-04	-1.656036e-07	-3.979900e-07
2.000000e+01	1.273491e+00	1.274150e+00	1.289110e+00	1.000000e+00	4.399360e-04	1.100668e-06	0.000000e+00	0.000000e+00	5.355106e-07	4.415722e-04	-1.565526e-07	-3.789580e-07
