RUN           	REACH         	DISPERSION    	AREA          	AREA2         	AREA3         	ALPHA         	ALPHA3        	QLATIN        	Objective Func
0.000000e+000	1.000000e+000	2.000000e-003	1.570000e-001	0.000000e+000	0.000000e+000	0.000000e+000	0.000000e+000	5.600000e-004	1.889713e+001
1.000000e+000	1.000000e+000	2.447725e-001	1.541350e-001	0.000000e+000	0.000000e+000	0.000000e+000	0.000000e+000	5.600000e-004	1.397267e+001
2.000000e+000	1.000000e+000	4.674991e-001	1.781041e-001	0.000000e+000	0.000000e+000	0.000000e+000	0.000000e+000	5.600000e-004	1.302853e+001
3.000000e+000	1.000000e+000	9.529789e-001	1.321135e-001	0.000000e+000	0.000000e+000	0.000000e+000	0.000000e+000	5.600000e-004	1.918032e+001
4.000000e+000	1.000000e+000	3.210432e-001	1.065307e-001	0.000000e+000	0.000000e+000	0.000000e+000	0.000000e+000	5.600000e-004	2.495533e+001
5.000000e+000	1.000000e+000	6.166897e-001	1.480584e-001	0.000000e+000	0.000000e+000	0.000000e+000	0.000000e+000	5.600000e-004	1.654667e+001
6.000000e+000	1.000000e+000	1.694501e-001	1.965428e-001	0.000000e+000	0.000000e+000	0.000000e+000	0.000000e+000	5.600000e-004	1.452565e+001
7.000000e+000	1.000000e+000	9.465651e-001	1.470300e-001	0.000000e+000	0.000000e+000	0.000000e+000	0.000000e+000	5.600000e-004	1.721174e+001
8.000000e+000	1.000000e+000	3.291862e-001	1.992302e-001	0.000000e+000	0.000000e+000	0.000000e+000	0.000000e+000	5.600000e-004	1.400646e+001
9.000000e+000	1.000000e+000	6.167761e-001	1.933158e-001	0.000000e+000	0.000000e+000	0.000000e+000	0.000000e+000	5.600000e-004	1.407614e+001
1.000000e+001	1.000000e+000	3.464080e-001	1.584001e-001	0.000000e+000	0.000000e+000	0.000000e+000	0.000000e+000	5.600000e-004	1.363775e+001
1.100000e+001	1.000000e+000	2.642862e-001	1.671766e-001	0.000000e+000	0.000000e+000	0.000000e+000	0.000000e+000	5.600000e-004	1.135037e+001
1.200000e+001	1.000000e+000	3.853773e-001	1.868806e-001	0.000000e+000	0.000000e+000	0.000000e+000	0.000000e+000	5.600000e-004	1.284414e+001
1.300000e+001	1.000000e+000	1.821643e-001	1.759531e-001	0.000000e+000	0.000000e+000	0.000000e+000	0.000000e+000	5.600000e-004	9.862297e+000
1.400000e+001	1.000000e+000	1.172643e-001	1.438995e-001	0.000000e+000	0.000000e+000	0.000000e+000	0.000000e+000	5.600000e-004	1.905480e+001
1.500000e+001	1.000000e+000	2.762057e-001	1.853975e-001	0.000000e+000	0.000000e+000	0.000000e+000	0.000000e+000	5.600000e-004	1.209681e+001
1.600000e+001	1.000000e+000	2.448589e-001	1.993924e-001	0.000000e+000	0.000000e+000	0.000000e+000	0.000000e+000	5.600000e-004	1.433857e+001
1.700000e+001	1.000000e+000	6.166897e-001	1.480584e-001	0.000000e+000	0.000000e+000	0.000000e+000	0.000000e+000	5.600000e-004	1.654667e+001
1.800000e+001	1.000000e+000	3.378166e-001	1.865589e-001	0.000000e+000	0.000000e+000	0.000000e+000	0.000000e+000	5.600000e-004	1.256722e+001
1.900000e+001	1.000000e+000	5.137259e-001	1.102344e-001	0.000000e+000	0.000000e+000	0.000000e+000	0.000000e+000	5.600000e-004	2.351375e+001
2.000000e+001	1.000000e+000	2.396482e-001	1.734687e-001	0.000000e+000	0.000000e+000	0.000000e+000	0.000000e+000	5.600000e-004	1.067798e+001
2.100000e+001	1.000000e+000	4.839662e-001	1.680967e-001	0.000000e+000	0.000000e+000	0.000000e+000	0.000000e+000	5.600000e-004	1.347238e+001
2.200000e+001	1.000000e+000	9.349854e-002	1.919309e-001	0.000000e+000	0.000000e+000	0.000000e+000	0.000000e+000	5.600000e-004	1.505342e+001
2.300000e+001	1.000000e+000	3.863493e-001	1.740552e-001	0.000000e+000	0.000000e+000	0.000000e+000	0.000000e+000	5.600000e-004	1.242739e+001
2.400000e+001	1.000000e+000	6.107317e-002	1.562491e-001	0.000000e+000	0.000000e+000	0.000000e+000	0.000000e+000	5.600000e-004	1.183882e+001
2.500000e+001	1.000000e+000	3.853773e-001	1.868806e-001	0.000000e+000	0.000000e+000	0.000000e+000	0.000000e+000	5.600000e-004	1.284414e+001
2.600000e+001	1.000000e+000	1.421492e-001	1.639070e-001	0.000000e+000	0.000000e+000	0.000000e+000	0.000000e+000	5.600000e-004	9.318880e+000
2.700000e+001	1.000000e+000	2.388665e-001	1.229795e-001	0.000000e+000	0.000000e+000	0.000000e+000	0.000000e+000	5.600000e-004	2.351525e+001
2.800000e+001	1.000000e+000	3.894664e-001	1.816229e-001	0.000000e+000	0.000000e+000	0.000000e+000	0.000000e+000	5.600000e-004	1.256280e+001
2.900000e+001	1.000000e+000	1.390321e-001	1.563393e-001	0.000000e+000	0.000000e+000	0.000000e+000	0.000000e+000	5.600000e-004	1.226634e+001
3.000000e+001	1.000000e+000	6.002736e-002	1.726835e-001	0.000000e+000	0.000000e+000	0.000000e+000	0.000000e+000	5.600000e-004	6.291267e+000
3.100000e+001	1.000000e+000	1.780373e-001	1.723073e-001	0.000000e+000	0.000000e+000	0.000000e+000	0.000000e+000	5.600000e-004	9.469304e+000
3.200000e+001	1.000000e+000	1.414797e-001	1.603784e-001	0.000000e+000	0.000000e+000	0.000000e+000	0.000000e+000	5.600000e-004	1.050144e+001
3.300000e+001	1.000000e+000	7.986889e-002	1.592171e-001	0.000000e+000	0.000000e+000	0.000000e+000	0.000000e+000	5.600000e-004	9.661083e+000
3.400000e+001	1.000000e+000	1.313371e-002	1.773894e-001	0.000000e+000	0.000000e+000	0.000000e+000	0.000000e+000	5.600000e-004	1.544380e+001
3.500000e+001	1.000000e+000	1.868628e-001	1.599486e-001	0.000000e+000	0.000000e+000	0.000000e+000	0.000000e+000	5.600000e-004	1.150890e+001
3.600000e+001	1.000000e+000	8.845606e-002	1.349816e-001	0.000000e+000	0.000000e+000	0.000000e+000	0.000000e+000	5.600000e-004	2.378958e+001
3.700000e+001	1.000000e+000	1.492016e-001	1.811525e-001	0.000000e+000	0.000000e+000	0.000000e+000	0.000000e+000	5.600000e-004	1.050493e+001
3.800000e+001	1.000000e+000	8.886305e-002	1.638383e-001	0.000000e+000	0.000000e+000	0.000000e+000	0.000000e+000	5.600000e-004	7.308110e+000
3.900000e+001	1.000000e+000	5.590035e-002	1.690377e-001	0.000000e+000	0.000000e+000	0.000000e+000	0.000000e+000	5.600000e-004	4.353833e+000
4.000000e+001	1.000000e+000	9.970019e-001	1.585707e-001	0.000000e+000	0.000000e+000	0.000000e+000	0.000000e+000	5.600000e-004	1.618577e+001
4.100000e+001	1.000000e+000	1.252095e-001	1.693726e-001	0.000000e+000	0.000000e+000	0.000000e+000	0.000000e+000	5.600000e-004	7.866605e+000
4.200000e+001	1.000000e+000	5.731329e-003	1.765366e-001	0.000000e+000	0.000000e+000	0.000000e+000	0.000000e+000	5.600000e-004	1.825159e+001
4.300000e+001	1.000000e+000	1.057069e-001	1.613886e-001	0.000000e+000	0.000000e+000	0.000000e+000	0.000000e+000	5.600000e-004	9.114021e+000
4.400000e+001	1.000000e+000	1.955389e-002	1.635033e-001	0.000000e+000	0.000000e+000	0.000000e+000	0.000000e+000	5.600000e-004	5.433254e+000
4.500000e+001	1.000000e+000	3.515530e-002	1.631754e-001	0.000000e+000	0.000000e+000	0.000000e+000	0.000000e+000	5.600000e-004	4.870625e+000
4.600000e+001	1.000000e+000	9.743561e-002	1.678653e-001	0.000000e+000	0.000000e+000	0.000000e+000	0.000000e+000	5.600000e-004	6.716573e+000
4.700000e+001	1.000000e+000	1.548471e-001	1.409891e-001	0.000000e+000	0.000000e+000	0.000000e+000	0.000000e+000	5.600000e-004	1.959773e+001
4.800000e+001	1.000000e+000	1.038876e-001	1.629494e-001	0.000000e+000	0.000000e+000	0.000000e+000	0.000000e+000	5.600000e-004	8.341120e+000
4.900000e+001	1.000000e+000	1.718656e-002	1.591233e-001	0.000000e+000	0.000000e+000	0.000000e+000	0.000000e+000	5.600000e-004	1.041955e+001
5.000000e+001	1.000000e+000	1.042223e-001	1.647137e-001	0.000000e+000	0.000000e+000	0.000000e+000	0.000000e+000	5.600000e-004	7.701382e+000
5.100000e+001	1.000000e+000	2.870332e-002	1.680914e-001	0.000000e+000	0.000000e+000	0.000000e+000	0.000000e+000	5.600000e-004	3.845755e+000
5.200000e+001	1.000000e+000	3.831260e-003	1.585833e-001	0.000000e+000	0.000000e+000	0.000000e+000	0.000000e+000	5.600000e-004	1.558493e+001
5.300000e+001	1.000000e+000	4.597834e-002	1.691584e-001	0.000000e+000	0.000000e+000	0.000000e+000	0.000000e+000	5.600000e-004	3.988934e+000
5.400000e+001	1.000000e+000	8.003427e-001	1.680750e-001	0.000000e+000	0.000000e+000	0.000000e+000	0.000000e+000	5.600000e-004	1.498998e+001
5.500000e+001	1.000000e+000	6.310194e-002	1.662316e-001	0.000000e+000	0.000000e+000	0.000000e+000	0.000000e+000	5.600000e-004	4.812824e+000
5.600000e+001	1.000000e+000	3.952635e-002	1.740743e-001	0.000000e+000	0.000000e+000	0.000000e+000	0.000000e+000	5.600000e-004	7.902087e+000
5.700000e+001	1.000000e+000	3.624807e-002	1.659002e-001	0.000000e+000	0.000000e+000	0.000000e+000	0.000000e+000	5.600000e-004	3.020411e+000
5.800000e+001	1.000000e+000	1.897305e-002	1.648331e-001	0.000000e+000	0.000000e+000	0.000000e+000	0.000000e+000	5.600000e-004	4.860279e+000
5.900000e+001	1.000000e+000	3.922701e-002	1.680771e-001	0.000000e+000	0.000000e+000	0.000000e+000	0.000000e+000	5.600000e-004	3.322918e+000
6.000000e+001	1.000000e+000	4.677176e-002	1.658859e-001	0.000000e+000	0.000000e+000	0.000000e+000	0.000000e+000	5.600000e-004	3.636237e+000
6.100000e+001	1.000000e+000	9.877734e-002	1.573503e-001	0.000000e+000	0.000000e+000	0.000000e+000	0.000000e+000	5.600000e-004	1.123177e+001
6.200000e+001	1.000000e+000	8.688771e-001	1.114352e-001	0.000000e+000	0.000000e+000	0.000000e+000	0.000000e+000	5.600000e-004	2.227435e+001
6.300000e+001	1.000000e+000	7.097473e-002	1.654921e-001	0.000000e+000	0.000000e+000	0.000000e+000	0.000000e+000	5.600000e-004	5.610134e+000
6.400000e+001	1.000000e+000	2.943946e-002	1.666644e-001	0.000000e+000	0.000000e+000	0.000000e+000	0.000000e+000	5.600000e-004	3.126838e+000
6.500000e+001	1.000000e+000	2.172384e-001	1.544693e-001	0.000000e+000	0.000000e+000	0.000000e+000	0.000000e+000	5.600000e-004	1.368763e+001
6.600000e+001	1.000000e+000	4.773570e-002	1.652880e-001	0.000000e+000	0.000000e+000	0.000000e+000	0.000000e+000	5.600000e-004	3.966331e+000
6.700000e+001	1.000000e+000	2.127481e-002	1.629147e-001	0.000000e+000	0.000000e+000	0.000000e+000	0.000000e+000	5.600000e-004	5.662498e+000
6.800000e+001	1.000000e+000	4.724396e-002	1.675069e-001	0.000000e+000	0.000000e+000	0.000000e+000	0.000000e+000	5.600000e-004	3.477794e+000
6.900000e+001	1.000000e+000	2.870332e-002	1.680914e-001	0.000000e+000	0.000000e+000	0.000000e+000	0.000000e+000	5.600000e-004	3.845755e+000
7.000000e+001	1.000000e+000	4.225465e-002	1.664373e-001	0.000000e+000	0.000000e+000	0.000000e+000	0.000000e+000	5.600000e-004	3.174030e+000
7.100000e+001	1.000000e+000	3.927570e-002	1.642603e-001	0.000000e+000	0.000000e+000	0.000000e+000	0.000000e+000	5.600000e-004	4.076157e+000
7.200000e+001	1.000000e+000	3.923919e-002	1.671229e-001	0.000000e+000	0.000000e+000	0.000000e+000	0.000000e+000	5.600000e-004	3.024782e+000
7.300000e+001	1.000000e+000	3.323260e-002	1.665858e-001	0.000000e+000	0.000000e+000	0.000000e+000	0.000000e+000	5.600000e-004	2.924365e+000
7.400000e+001	1.000000e+000	6.378729e-003	1.662544e-001	0.000000e+000	0.000000e+000	0.000000e+000	0.000000e+000	5.600000e-004	1.053646e+001
7.500000e+001	1.000000e+000	4.892113e-002	1.662373e-001	0.000000e+000	0.000000e+000	0.000000e+000	0.000000e+000	5.600000e-004	3.694092e+000
7.600000e+001	1.000000e+000	1.144119e-001	1.475013e-001	0.000000e+000	0.000000e+000	0.000000e+000	0.000000e+000	5.600000e-004	1.718943e+001
7.700000e+001	1.000000e+000	7.022361e-002	1.638158e-001	0.000000e+000	0.000000e+000	0.000000e+000	0.000000e+000	5.600000e-004	6.315508e+000
7.800000e+001	1.000000e+000	2.869344e-001	1.511057e-001	0.000000e+000	0.000000e+000	0.000000e+000	0.000000e+000	5.600000e-004	1.508970e+001
7.900000e+001	1.000000e+000	6.855952e-002	1.622180e-001	0.000000e+000	0.000000e+000	0.000000e+000	0.000000e+000	5.600000e-004	7.196930e+000
8.000000e+001	1.000000e+000	5.712953e-002	1.706680e-001	0.000000e+000	0.000000e+000	0.000000e+000	0.000000e+000	5.600000e-004	5.101914e+000
8.100000e+001	1.000000e+000	1.955389e-002	1.635033e-001	0.000000e+000	0.000000e+000	0.000000e+000	0.000000e+000	5.600000e-004	5.433254e+000
8.200000e+001	1.000000e+000	4.773562e-002	1.688768e-001	0.000000e+000	0.000000e+000	0.000000e+000	0.000000e+000	5.600000e-004	3.906586e+000
8.300000e+001	1.000000e+000	2.894780e-002	1.652945e-001	0.000000e+000	0.000000e+000	0.000000e+000	0.000000e+000	5.600000e-004	3.319047e+000
8.400000e+001	1.000000e+000	1.114330e-002	1.644520e-001	0.000000e+000	0.000000e+000	0.000000e+000	0.000000e+000	5.600000e-004	7.510543e+000
8.500000e+001	1.000000e+000	3.821880e-002	1.667432e-001	0.000000e+000	0.000000e+000	0.000000e+000	0.000000e+000	5.600000e-004	2.961476e+000
8.600000e+001	1.000000e+000	4.004121e-002	1.658216e-001	0.000000e+000	0.000000e+000	0.000000e+000	0.000000e+000	5.600000e-004	3.205095e+000
8.700000e+001	1.000000e+000	3.208990e-002	1.664537e-001	0.000000e+000	0.000000e+000	0.000000e+000	0.000000e+000	5.600000e-004	2.950761e+000
8.800000e+001	1.000000e+000	2.055953e-002	1.662487e-001	0.000000e+000	0.000000e+000	0.000000e+000	0.000000e+000	5.600000e-004	4.425883e+000
8.900000e+001	1.000000e+000	4.183073e-002	1.662401e-001	0.000000e+000	0.000000e+000	0.000000e+000	0.000000e+000	5.600000e-004	3.186311e+000
9.000000e+001	1.000000e+000	9.991214e-001	1.226648e-001	0.000000e+000	0.000000e+000	0.000000e+000	0.000000e+000	5.600000e-004	2.050710e+001
9.100000e+001	1.000000e+000	5.144243e-002	1.651678e-001	0.000000e+000	0.000000e+000	0.000000e+000	0.000000e+000	5.600000e-004	4.309122e+000
9.200000e+001	1.000000e+000	2.907443e-002	1.671393e-001	0.000000e+000	0.000000e+000	0.000000e+000	0.000000e+000	5.600000e-004	3.296262e+000
9.300000e+001	1.000000e+000	3.445466e-002	1.662100e-001	0.000000e+000	0.000000e+000	0.000000e+000	0.000000e+000	5.600000e-004	2.926535e+000
9.400000e+001	1.000000e+000	2.349176e-002	1.667994e-001	0.000000e+000	0.000000e+000	0.000000e+000	0.000000e+000	5.600000e-004	3.959705e+000
9.500000e+001	1.000000e+000	3.724599e-002	1.663799e-001	0.000000e+000	0.000000e+000	0.000000e+000	0.000000e+000	5.600000e-004	2.949685e+000
9.600000e+001	1.000000e+000	2.972228e-002	1.685781e-001	0.000000e+000	0.000000e+000	0.000000e+000	0.000000e+000	5.600000e-004	4.074510e+000
9.700000e+001	1.000000e+000	4.323235e-002	1.661105e-001	0.000000e+000	0.000000e+000	0.000000e+000	0.000000e+000	5.600000e-004	3.308897e+000
9.800000e+001	1.000000e+000	5.250334e-002	1.675592e-001	0.000000e+000	0.000000e+000	0.000000e+000	0.000000e+000	5.600000e-004	3.840496e+000
9.900000e+001	1.000000e+000	3.483669e-002	1.658607e-001	0.000000e+000	0.000000e+000	0.000000e+000	0.000000e+000	5.600000e-004	3.004156e+000
1.000000e+002	1.000000e+000	3.381630e-002	1.654809e-001	0.000000e+000	0.000000e+000	0.000000e+000	0.000000e+000	5.600000e-004	3.130953e+000
1.010000e+002	1.000000e+000	3.788346e-002	1.667124e-001	0.000000e+000	0.000000e+000	0.000000e+000	0.000000e+000	5.600000e-004	2.951248e+000
1.020000e+002	1.000000e+000	2.948781e-002	1.664626e-001	0.000000e+000	0.000000e+000	0.000000e+000	0.000000e+000	5.600000e-004	3.094452e+000
1.030000e+002	1.000000e+000	1.725582e-002	1.755946e-001	0.000000e+000	0.000000e+000	0.000000e+000	0.000000e+000	5.600000e-004	1.273330e+001
1.040000e+002	1.000000e+000	5.112258e-002	1.644027e-001	0.000000e+000	0.000000e+000	0.000000e+000	0.000000e+000	5.600000e-004	4.720426e+000
1.050000e+002	1.000000e+000	3.627938e-002	1.674375e-001	0.000000e+000	0.000000e+000	0.000000e+000	0.000000e+000	5.600000e-004	3.060159e+000
1.060000e+002	1.000000e+000	3.519736e-002	1.662549e-001	0.000000e+000	0.000000e+000	0.000000e+000	0.000000e+000	5.600000e-004	2.925091e+000
1.070000e+002	1.000000e+000	3.054650e-002	1.661283e-001	0.000000e+000	0.000000e+000	0.000000e+000	0.000000e+000	5.600000e-004	3.025312e+000
1.080000e+002	1.000000e+000	3.604922e-002	1.665664e-001	0.000000e+000	0.000000e+000	0.000000e+000	0.000000e+000	5.600000e-004	2.913184e+000
1.090000e+002	1.000000e+000	3.400059e-002	1.664413e-001	0.000000e+000	0.000000e+000	0.000000e+000	0.000000e+000	5.600000e-004	2.909886e+000
1.100000e+002	1.000000e+000	3.203583e-002	1.667722e-001	0.000000e+000	0.000000e+000	0.000000e+000	0.000000e+000	5.600000e-004	2.985109e+000
1.110000e+002	1.000000e+000	3.440698e-002	1.663842e-001	0.000000e+000	0.000000e+000	0.000000e+000	0.000000e+000	5.600000e-004	2.909962e+000
1.120000e+002	1.000000e+000	3.235835e-002	1.662592e-001	0.000000e+000	0.000000e+000	0.000000e+000	0.000000e+000	5.600000e-004	2.946176e+000
1.130000e+002	1.000000e+000	3.512650e-002	1.664896e-001	0.000000e+000	0.000000e+000	0.000000e+000	0.000000e+000	5.600000e-004	2.906555e+000
1.140000e+002	1.000000e+000	1.542197e-002	1.682609e-001	0.000000e+000	0.000000e+000	0.000000e+000	0.000000e+000	5.600000e-004	6.956931e+000
1.150000e+002	1.000000e+000	4.219743e-002	1.653673e-001	0.000000e+000	0.000000e+000	0.000000e+000	0.000000e+000	5.600000e-004	3.532667e+000
1.160000e+002	1.000000e+000	2.832575e-002	1.659205e-001	0.000000e+000	0.000000e+000	0.000000e+000	0.000000e+000	5.600000e-004	3.193004e+000
1.170000e+002	1.000000e+000	3.574554e-002	1.665375e-001	0.000000e+000	0.000000e+000	0.000000e+000	0.000000e+000	5.600000e-004	2.910065e+000
1.180000e+002	1.000000e+000	3.834763e-002	1.665286e-001	0.000000e+000	0.000000e+000	0.000000e+000	0.000000e+000	5.600000e-004	2.971138e+000
1.190000e+002	1.000000e+000	3.811030e-002	1.662938e-001	0.000000e+000	0.000000e+000	0.000000e+000	0.000000e+000	5.600000e-004	2.989890e+000
1.200000e+002	1.000000e+000	3.359500e-002	1.664137e-001	0.000000e+000	0.000000e+000	0.000000e+000	0.000000e+000	5.600000e-004	2.914863e+000
1.210000e+002	1.000000e+000	3.099291e-002	1.664226e-001	0.000000e+000	0.000000e+000	0.000000e+000	0.000000e+000	5.600000e-004	2.996575e+000
1.220000e+002	1.000000e+000	3.650895e-002	1.665021e-001	0.000000e+000	0.000000e+000	0.000000e+000	0.000000e+000	5.600000e-004	2.922382e+000
1.230000e+002	1.000000e+000	3.593848e-002	1.664601e-001	0.000000e+000	0.000000e+000	0.000000e+000	0.000000e+000	5.600000e-004	2.915132e+000
1.240000e+002	1.000000e+000	3.418087e-002	1.664253e-001	0.000000e+000	0.000000e+000	0.000000e+000	0.000000e+000	5.600000e-004	2.909038e+000
1.250000e+002	1.000000e+000	3.607477e-002	1.663291e-001	0.000000e+000	0.000000e+000	0.000000e+000	0.000000e+000	5.600000e-004	2.928289e+000
1.260000e+002	1.000000e+000	3.394314e-002	1.665216e-001	0.000000e+000	0.000000e+000	0.000000e+000	0.000000e+000	5.600000e-004	2.910239e+000
1.270000e+002	1.000000e+000	3.490039e-002	1.665307e-001	0.000000e+000	0.000000e+000	0.000000e+000	0.000000e+000	5.600000e-004	2.905465e+000
1.280000e+002	1.000000e+000	3.584603e-002	1.665949e-001	0.000000e+000	0.000000e+000	0.000000e+000	0.000000e+000	5.600000e-004	2.910789e+000
1.290000e+002	1.000000e+000	3.459716e-002	1.664677e-001	0.000000e+000	0.000000e+000	0.000000e+000	0.000000e+000	5.600000e-004	2.906349e+000
1.300000e+002	1.000000e+000	3.437105e-002	1.665088e-001	0.000000e+000	0.000000e+000	0.000000e+000	0.000000e+000	5.600000e-004	2.906667e+000
1.310000e+002	1.000000e+000	3.493764e-002	1.664944e-001	0.000000e+000	0.000000e+000	0.000000e+000	0.000000e+000	5.600000e-004	2.905869e+000
1.320000e+002	1.000000e+000	3.323718e-002	1.664767e-001	0.000000e+000	0.000000e+000	0.000000e+000	0.000000e+000	5.600000e-004	2.920252e+000
1.330000e+002	1.000000e+000	3.278311e-002	1.667081e-001	0.000000e+000	0.000000e+000	0.000000e+000	0.000000e+000	5.600000e-004	2.947746e+000
1.340000e+002	1.000000e+000	3.403677e-002	1.663345e-001	0.000000e+000	0.000000e+000	0.000000e+000	0.000000e+000	5.600000e-004	2.914505e+000
1.350000e+002	1.000000e+000	3.570936e-002	1.666443e-001	0.000000e+000	0.000000e+000	0.000000e+000	0.000000e+000	5.600000e-004	2.910494e+000
1.360000e+002	1.000000e+000	3.403677e-002	1.663345e-001	0.000000e+000	0.000000e+000	0.000000e+000	0.000000e+000	5.600000e-004	2.914505e+000
1.370000e+002	1.000000e+000	3.529121e-002	1.665669e-001	0.000000e+000	0.000000e+000	0.000000e+000	0.000000e+000	5.600000e-004	2.906563e+000
1.380000e+002	1.000000e+000	3.605462e-002	1.665315e-001	0.000000e+000	0.000000e+000	0.000000e+000	0.000000e+000	5.600000e-004	2.913885e+000
1.390000e+002	1.000000e+000	3.549696e-002	1.665570e-001	0.000000e+000	0.000000e+000	0.000000e+000	0.000000e+000	5.600000e-004	2.907732e+000
1.400000e+002	1.000000e+000	2.730012e-002	1.676311e-001	0.000000e+000	0.000000e+000	0.000000e+000	0.000000e+000	5.600000e-004	3.736907e+000
1.410000e+002	1.000000e+000	3.847310e-002	1.659332e-001	0.000000e+000	0.000000e+000	0.000000e+000	0.000000e+000	5.600000e-004	3.089839e+000
1.420000e+002	1.000000e+000	3.400059e-002	1.664413e-001	0.000000e+000	0.000000e+000	0.000000e+000	0.000000e+000	5.600000e-004	2.909886e+000
1.430000e+002	1.000000e+000	3.512287e-002	1.665281e-001	0.000000e+000	0.000000e+000	0.000000e+000	0.000000e+000	5.600000e-004	2.905929e+000
1.440000e+002	1.000000e+000	3.542610e-002	1.665911e-001	0.000000e+000	0.000000e+000	0.000000e+000	0.000000e+000	5.600000e-004	2.907473e+000
1.450000e+002	1.000000e+000	3.480439e-002	1.664985e-001	0.000000e+000	0.000000e+000	0.000000e+000	0.000000e+000	5.600000e-004	2.905657e+000
1.460000e+002	1.000000e+000	3.458192e-002	1.665011e-001	0.000000e+000	0.000000e+000	0.000000e+000	0.000000e+000	5.600000e-004	2.905878e+000
1.470000e+002	1.000000e+000	1.954983e-002	1.678581e-001	0.000000e+000	0.000000e+000	0.000000e+000	0.000000e+000	5.600000e-004	5.409059e+000
1.480000e+002	1.000000e+000	4.346928e-002	1.658404e-001	0.000000e+000	0.000000e+000	0.000000e+000	0.000000e+000	5.600000e-004	3.412249e+000
1.490000e+002	1.000000e+000	3.448331e-002	1.665238e-001	0.000000e+000	0.000000e+000	0.000000e+000	0.000000e+000	5.600000e-004	2.906178e+000
1.500000e+002	1.000000e+000	2.752298e-002	1.671855e-001	0.000000e+000	0.000000e+000	0.000000e+000	0.000000e+000	5.600000e-004	3.486053e+000
1.510000e+002	1.000000e+000	3.948270e-002	1.661766e-001	0.000000e+000	0.000000e+000	0.000000e+000	0.000000e+000	5.600000e-004	3.071705e+000
1.520000e+002	1.000000e+000	3.336633e-002	1.664866e-001	0.000000e+000	0.000000e+000	0.000000e+000	0.000000e+000	5.600000e-004	2.917989e+000
1.530000e+002	1.000000e+000	3.538255e-002	1.665203e-001	0.000000e+000	0.000000e+000	0.000000e+000	0.000000e+000	5.600000e-004	2.907308e+000
1.540000e+002	1.000000e+000	3.403840e-002	1.664979e-001	0.000000e+000	0.000000e+000	0.000000e+000	0.000000e+000	5.600000e-004	2.909048e+000
1.550000e+002	1.000000e+000	3.504651e-002	1.665147e-001	0.000000e+000	0.000000e+000	0.000000e+000	0.000000e+000	5.600000e-004	2.905822e+000
1.560000e+002	1.000000e+000	3.046420e-002	1.668687e-001	0.000000e+000	0.000000e+000	0.000000e+000	0.000000e+000	5.600000e-004	3.094071e+000
1.570000e+002	1.000000e+000	3.722808e-002	1.663497e-001	0.000000e+000	0.000000e+000	0.000000e+000	0.000000e+000	5.600000e-004	2.952781e+000
1.580000e+002	1.000000e+000	3.465570e-002	1.664785e-001	0.000000e+000	0.000000e+000	0.000000e+000	0.000000e+000	5.600000e-004	2.906047e+000
1.590000e+002	1.000000e+000	3.536499e-002	1.665442e-001	0.000000e+000	0.000000e+000	0.000000e+000	0.000000e+000	5.600000e-004	2.906937e+000
1.600000e+002	1.000000e+000	3.477769e-002	1.665119e-001	0.000000e+000	0.000000e+000	0.000000e+000	0.000000e+000	5.600000e-004	2.905522e+000
1.610000e+002	1.000000e+000	3.463157e-002	1.665279e-001	0.000000e+000	0.000000e+000	0.000000e+000	0.000000e+000	5.600000e-004	2.905700e+000
1.620000e+002	1.000000e+000	3.504651e-002	1.665147e-001	0.000000e+000	0.000000e+000	0.000000e+000	0.000000e+000	5.600000e-004	2.905822e+000
1.630000e+002	1.000000e+000	3.473530e-002	1.665246e-001	0.000000e+000	0.000000e+000	0.000000e+000	0.000000e+000	5.600000e-004	2.905507e+000
1.640000e+002	1.000000e+000	3.081461e-002	1.670891e-001	0.000000e+000	0.000000e+000	0.000000e+000	0.000000e+000	5.600000e-004	3.133790e+000
1.650000e+002	1.000000e+000	3.655848e-002	1.662222e-001	0.000000e+000	0.000000e+000	0.000000e+000	0.000000e+000	5.600000e-004	2.953607e+000
1.660000e+002	1.000000e+000	3.579889e-002	1.664713e-001	0.000000e+000	0.000000e+000	0.000000e+000	0.000000e+000	5.600000e-004	2.912749e+000
1.670000e+002	1.000000e+000	3.440708e-002	1.665090e-001	0.000000e+000	0.000000e+000	0.000000e+000	0.000000e+000	5.600000e-004	2.906486e+000
1.680000e+002	1.000000e+000	3.272923e-002	1.668001e-001	0.000000e+000	0.000000e+000	0.000000e+000	0.000000e+000	5.600000e-004	2.963037e+000
1.690000e+002	1.000000e+000	3.560117e-002	1.663667e-001	0.000000e+000	0.000000e+000	0.000000e+000	0.000000e+000	5.600000e-004	2.917388e+000
1.700000e+002	1.000000e+000	3.488063e-002	1.665133e-001	0.000000e+000	0.000000e+000	0.000000e+000	0.000000e+000	5.600000e-004	2.905536e+000
1.710000e+002	1.000000e+000	3.408386e-002	1.666451e-001	0.000000e+000	0.000000e+000	0.000000e+000	0.000000e+000	5.600000e-004	2.913812e+000
1.720000e+002	1.000000e+000	3.502238e-002	1.665641e-001	0.000000e+000	0.000000e+000	0.000000e+000	0.000000e+000	5.600000e-004	2.905749e+000
1.730000e+002	1.000000e+000	3.487369e-002	1.665440e-001	0.000000e+000	0.000000e+000	0.000000e+000	0.000000e+000	5.600000e-004	2.905479e+000
1.740000e+002	1.000000e+000	3.559422e-002	1.663974e-001	0.000000e+000	0.000000e+000	0.000000e+000	0.000000e+000	5.600000e-004	2.914806e+000
1.750000e+002	1.000000e+000	3.446145e-002	1.665832e-001	0.000000e+000	0.000000e+000	0.000000e+000	0.000000e+000	5.600000e-004	2.907373e+000
1.760000e+002	1.000000e+000	3.531263e-002	1.664914e-001	0.000000e+000	0.000000e+000	0.000000e+000	0.000000e+000	5.600000e-004	2.907492e+000
1.770000e+002	1.000000e+000	3.467424e-002	1.665603e-001	0.000000e+000	0.000000e+000	0.000000e+000	0.000000e+000	5.600000e-004	2.905915e+000
1.780000e+002	1.000000e+000	3.500384e-002	1.664823e-001	0.000000e+000	0.000000e+000	0.000000e+000	0.000000e+000	5.600000e-004	2.906293e+000
1.790000e+002	1.000000e+000	3.475664e-002	1.665408e-001	0.000000e+000	0.000000e+000	0.000000e+000	0.000000e+000	5.600000e-004	2.905529e+000
1.800000e+002	1.000000e+000	3.238785e-002	1.666882e-001	0.000000e+000	0.000000e+000	0.000000e+000	0.000000e+000	5.600000e-004	2.958516e+000
1.810000e+002	1.000000e+000	3.601802e-002	1.664343e-001	0.000000e+000	0.000000e+000	0.000000e+000	0.000000e+000	5.600000e-004	2.917854e+000
1.820000e+002	1.000000e+000	3.518963e-002	1.664952e-001	0.000000e+000	0.000000e+000	0.000000e+000	0.000000e+000	5.600000e-004	2.906708e+000
1.830000e+002	1.000000e+000	3.465989e-002	1.665166e-001	0.000000e+000	0.000000e+000	0.000000e+000	0.000000e+000	5.600000e-004	2.905632e+000
1.840000e+002	1.000000e+000	3.467829e-002	1.665434e-001	0.000000e+000	0.000000e+000	0.000000e+000	0.000000e+000	5.600000e-004	2.905687e+000
1.850000e+002	1.000000e+000	3.495604e-002	1.665212e-001	0.000000e+000	0.000000e+000	0.000000e+000	0.000000e+000	5.600000e-004	2.905566e+000
1.860000e+002	1.000000e+000	3.465989e-002	1.665166e-001	0.000000e+000	0.000000e+000	0.000000e+000	0.000000e+000	5.600000e-004	2.905632e+000
1.870000e+002	1.000000e+000	3.488200e-002	1.665201e-001	0.000000e+000	0.000000e+000	0.000000e+000	0.000000e+000	5.600000e-004	2.905489e+000
1.880000e+002	1.000000e+000	3.500471e-002	1.665388e-001	0.000000e+000	0.000000e+000	0.000000e+000	0.000000e+000	5.600000e-004	2.905587e+000
1.890000e+002	1.000000e+000	3.483444e-002	1.665186e-001	0.000000e+000	0.000000e+000	0.000000e+000	0.000000e+000	5.600000e-004	2.905476e+000
1.900000e+002	1.000000e+000	3.485283e-002	1.665292e-001	0.000000e+000	0.000000e+000	0.000000e+000	0.000000e+000	5.600000e-004	2.905446e+000
1.910000e+002	1.000000e+000	3.480665e-002	1.665346e-001	0.000000e+000	0.000000e+000	0.000000e+000	0.000000e+000	5.600000e-004	2.905458e+000
1.920000e+002	1.000000e+000	3.482504e-002	1.665452e-001	0.000000e+000	0.000000e+000	0.000000e+000	0.000000e+000	5.600000e-004	2.905497e+000
1.930000e+002	1.000000e+000	3.483209e-002	1.665253e-001	0.000000e+000	0.000000e+000	0.000000e+000	0.000000e+000	5.600000e-004	2.905451e+000
1.940000e+002	1.000000e+000	3.473084e-002	1.664958e-001	0.000000e+000	0.000000e+000	0.000000e+000	0.000000e+000	5.600000e-004	2.905705e+000
1.950000e+002	1.000000e+000	3.493070e-002	1.665251e-001	0.000000e+000	0.000000e+000	0.000000e+000	0.000000e+000	5.600000e-004	2.905509e+000
1.960000e+002	1.000000e+000	3.504774e-002	1.665283e-001	0.000000e+000	0.000000e+000	0.000000e+000	0.000000e+000	5.600000e-004	2.905708e+000
