TIME          	MC CONC       	STS CONC      	HTS CONC      	SED CONC      	ADV dm/dt     	DISP dm/dt    	DECAY dm/dt   	SORPTION dm/dt	STORAGE dm/dt 	MC dm/dt      	STS dm/dt     	HTS dm/dt     
(hr)          	[M/L³]          	[M/L³]          	[M/L³]          	[M/L³]          	([M/L³])·([L]²/s)  	([M/L³])·([L]²/s)  	([M/L³])·([L]²/s)  	([M/L³])·([L]²/s)  	([M/L³])·([L]²/s)  	([M/L³])·([L]²/s)  	([M/L³])·([L]²/s)  	([M/L³])·([L]²/s)  
0.000000e+000	0.000000e+000	0.000000e+000	0.000000e+000	0.000000e+000	0.000000e+000	0.000000e+000	0.000000e+000	0.000000e+000	0.000000e+000	0.000000e+000	0.000000e+000	0.000000e+000
1.000000e-001	0.000000e+000	0.000000e+000	0.000000e+000	1.000000e+000	0.000000e+000	0.000000e+000	0.000000e+000	0.000000e+000	0.000000e+000	0.000000e+000	0.000000e+000	0.000000e+000
2.000000e-001	0.000000e+000	0.000000e+000	0.000000e+000	1.000000e+000	0.000000e+000	0.000000e+000	0.000000e+000	0.000000e+000	0.000000e+000	0.000000e+000	0.000000e+000	0.000000e+000
3.000000e-001	0.000000e+000	0.000000e+000	0.000000e+000	1.000000e+000	0.000000e+000	0.000000e+000	0.000000e+000	0.000000e+000	0.000000e+000	0.000000e+000	0.000000e+000	0.000000e+000
4.000000e-001	0.000000e+000	0.000000e+000	0.000000e+000	1.000000e+000	0.000000e+000	0.000000e+000	0.000000e+000	0.000000e+000	0.000000e+000	0.000000e+000	0.000000e+000	0.000000e+000
5.000000e-001	0.000000e+000	0.000000e+000	0.000000e+000	1.000000e+000	0.000000e+000	0.000000e+000	0.000000e+000	0.000000e+000	0.000000e+000	0.000000e+000	0.000000e+000	0.000000e+000
6.000000e-001	0.000000e+000	0.000000e+000	0.000000e+000	1.000000e+000	0.000000e+000	0.000000e+000	0.000000e+000	0.000000e+000	0.000000e+000	0.000000e+000	0.000000e+000	0.000000e+000
7.000000e-001	0.000000e+000	0.000000e+000	0.000000e+000	1.000000e+000	0.000000e+000	0.000000e+000	0.000000e+000	0.000000e+000	0.000000e+000	0.000000e+000	0.000000e+000	0.000000e+000
8.000000e-001	0.000000e+000	0.000000e+000	0.000000e+000	1.000000e+000	0.000000e+000	0.000000e+000	0.000000e+000	0.000000e+000	0.000000e+000	0.000000e+000	0.000000e+000	0.000000e+000
9.000000e-001	0.000000e+000	0.000000e+000	0.000000e+000	1.000000e+000	0.000000e+000	0.000000e+000	0.000000e+000	0.000000e+000	0.000000e+000	0.000000e+000	0.000000e+000	0.000000e+000
1.000000e+000	4.919804e-024	1.654849e-026	5.528560e-027	1.000000e+000	6.277706e-025	7.833294e-025	0.000000e+000	0.000000e+000	-9.812022e-028	1.410119e-024	7.354884e-028	2.457138e-028
1.100000e+000	2.711622e-008	2.143224e-010	7.180309e-011	1.000000e+000	1.802973e-009	1.549007e-009	0.000000e+000	0.000000e+000	-5.387506e-012	3.346592e-009	4.035285e-012	1.352221e-012
1.200000e+000	6.542574e-004	1.337272e-005	4.512539e-006	1.000000e+000	1.919129e-005	1.135967e-005	0.000000e+000	0.000000e+000	-1.286199e-007	3.042234e-005	9.613270e-008	3.248724e-008
1.300000e+000	2.589075e-002	1.126988e-003	3.850073e-004	1.000000e+000	3.552437e-004	1.741933e-004	0.000000e+000	0.000000e+000	-4.989852e-006	5.244471e-004	3.714565e-006	1.275287e-006
1.400000e+000	1.276497e-001	1.000696e-002	3.477958e-003	1.000000e+000	8.935917e-004	4.027038e-004	0.000000e+000	0.000000e+000	-2.385500e-005	1.272441e-003	1.764641e-005	6.208588e-006
1.500000e+000	2.717333e-001	3.412369e-002	1.212068e-002	1.000000e+000	1.045174e-003	4.534945e-004	0.000000e+000	0.000000e+000	-4.862208e-005	1.450047e-003	3.564144e-005	1.298063e-005
1.600000e+000	3.951261e-001	7.249183e-002	2.641721e-002	1.000000e+000	9.096333e-004	3.890811e-004	0.000000e+000	0.000000e+000	-6.683059e-005	1.231884e-003	4.839514e-005	1.843545e-005
1.700000e+000	4.802781e-001	1.191039e-001	4.465816e-002	1.000000e+000	7.386750e-004	3.153457e-004	0.000000e+000	0.000000e+000	-7.595714e-005	9.780635e-004	5.417614e-005	2.178100e-005
1.800000e+000	5.368587e-001	1.685952e-001	6.516018e-002	1.000000e+000	6.195593e-004	2.651892e-004	0.000000e+000	0.000000e+000	-7.882445e-005	8.059241e-004	5.523953e-005	2.358493e-005
1.900000e+000	5.771822e-001	2.178248e-001	8.685191e-002	1.000000e+000	5.479036e-004	2.351267e-004	0.000000e+000	0.000000e+000	-7.842012e-005	7.046102e-004	5.390361e-005	2.451651e-005
2.000000e+000	6.090139e-001	2.653242e-001	1.091553e-001	1.000000e+000	5.032439e-004	2.162408e-004	0.000000e+000	0.000000e+000	-7.654638e-005	6.429384e-004	5.155345e-005	2.499293e-005
2.100000e+000	6.362177e-001	3.105199e-001	1.317661e-001	1.000000e+000	4.714831e-004	2.026530e-004	0.000000e+000	0.000000e+000	-7.407725e-005	6.000589e-004	4.885467e-005	2.522258e-005
2.200000e+000	6.605289e-001	3.532452e-001	1.545109e-001	1.000000e+000	4.455868e-004	1.914809e-004	0.000000e+000	0.000000e+000	-7.139346e-005	5.656743e-004	4.609256e-005	2.530090e-005
2.300000e+000	6.827163e-001	3.935026e-001	1.772757e-001	1.000000e+000	4.225325e-004	1.814969e-004	0.000000e+000	0.000000e+000	-6.865407e-005	5.353753e-004	4.338205e-005	2.527203e-005
2.400000e+000	7.031493e-001	4.313621e-001	1.999753e-001	1.000000e+000	4.011259e-004	1.722177e-004	0.000000e+000	0.000000e+000	-6.592677e-005	5.074168e-004	4.076807e-005	2.515870e-005
2.500000e+000	7.220390e-001	4.669195e-001	2.225403e-001	1.000000e+000	3.809147e-004	1.634595e-004	0.000000e+000	0.000000e+000	-6.324286e-005	4.811314e-004	3.826793e-005	2.497493e-005
2.600000e+000	7.395327e-001	5.002805e-001	2.449121e-001	1.000000e+000	3.617258e-004	1.551509e-004	0.000000e+000	0.000000e+000	-6.061887e-005	4.562579e-004	3.588784e-005	2.473103e-005
2.700000e+000	7.557494e-001	5.315541e-001	2.670406e-001	1.000000e+000	3.434843e-004	1.472597e-004	0.000000e+000	0.000000e+000	-5.806474e-005	4.326793e-004	3.362930e-005	2.443544e-005
2.800000e+000	7.707929e-001	5.608495e-001	2.888826e-001	1.000000e+000	3.261476e-004	1.397669e-004	0.000000e+000	0.000000e+000	-5.558702e-005	4.103274e-004	3.149151e-005	2.409551e-005
2.900000e+000	7.847565e-001	5.882744e-001	3.104012e-001	1.000000e+000	3.096823e-004	1.326570e-004	0.000000e+000	0.000000e+000	-5.319008e-005	3.891492e-004	2.947231e-005	2.371777e-005
3.000000e+000	7.977257e-001	6.139344e-001	3.315650e-001	1.000000e+000	2.940568e-004	1.259153e-004	0.000000e+000	0.000000e+000	-5.087674e-005	3.690953e-004	2.756870e-005	2.330804e-005
3.100000e+000	8.097788e-001	6.379317e-001	3.523476e-001	1.000000e+000	2.792389e-004	1.195271e-004	0.000000e+000	0.000000e+000	-4.864861e-005	3.501174e-004	2.577705e-005	2.287156e-005
3.200000e+000	8.209875e-001	6.603655e-001	3.727272e-001	1.000000e+000	2.651960e-004	1.134774e-004	0.000000e+000	0.000000e+000	-4.650631e-005	3.321671e-004	2.409330e-005	2.241302e-005
3.300000e+000	8.314179e-001	6.813308e-001	3.926857e-001	1.000000e+000	2.518945e-004	1.077511e-004	0.000000e+000	0.000000e+000	-4.444968e-005	3.151960e-004	2.251307e-005	2.193661e-005
3.400000e+000	8.411307e-001	7.009187e-001	4.122088e-001	1.000000e+000	2.393010e-004	1.023331e-004	0.000000e+000	0.000000e+000	-4.247790e-005	2.991562e-004	2.103180e-005	2.144610e-005
3.500000e+000	8.501817e-001	7.192163e-001	4.312854e-001	1.000000e+000	2.273821e-004	9.720841e-005	0.000000e+000	0.000000e+000	-4.058961e-005	2.840009e-004	1.964480e-005	2.094481e-005
3.600000e+000	8.586219e-001	7.363063e-001	4.499072e-001	1.000000e+000	2.161047e-004	9.236234e-005	0.000000e+000	0.000000e+000	-3.878307e-005	2.696840e-004	1.834734e-005	2.043574e-005
3.700000e+000	8.664984e-001	7.522670e-001	4.680682e-001	1.000000e+000	2.054365e-004	8.778052e-005	0.000000e+000	0.000000e+000	-3.705621e-005	2.561609e-004	1.713470e-005	1.992151e-005
3.800000e+000	8.738543e-001	7.671728e-001	4.857650e-001	1.000000e+000	1.953460e-004	8.344899e-005	0.000000e+000	0.000000e+000	-3.540669e-005	2.433883e-004	1.600222e-005	1.940446e-005
3.900000e+000	8.807293e-001	7.810937e-001	5.029960e-001	1.000000e+000	1.858026e-004	7.935426e-005	0.000000e+000	0.000000e+000	-3.383200e-005	2.313248e-004	1.494534e-005	1.888667e-005
4.000000e+000	8.871598e-001	7.940958e-001	5.197613e-001	1.000000e+000	1.767767e-004	7.548332e-005	0.000000e+000	0.000000e+000	-3.232953e-005	2.199305e-004	1.395961e-005	1.836992e-005
4.100000e+000	8.931793e-001	8.062411e-001	5.360627e-001	1.000000e+000	1.682382e-004	7.182218e-005	0.000000e+000	0.000000e+000	-3.089655e-005	2.091638e-004	1.304072e-005	1.785583e-005
4.200000e+000	8.981641e-001	8.175746e-001	5.518985e-001	1.000000e+000	1.409739e-004	5.700388e-005	0.000000e+000	0.000000e+000	-2.940171e-005	1.685761e-004	1.208843e-005	1.731328e-005
4.300000e+000	8.782145e-001	8.270640e-001	5.669016e-001	1.000000e+000	-2.027173e-004	-1.091018e-004	0.000000e+000	0.000000e+000	-2.323822e-005	-3.350573e-004	7.672579e-006	1.556564e-005
4.400000e+000	7.814162e-001	8.280944e-001	5.787407e-001	1.000000e+000	-7.482928e-004	-3.407072e-004	0.000000e+000	0.000000e+000	-3.132049e-006	-1.092132e-003	-7.001727e-006	1.013378e-005
4.500000e+000	6.419908e-001	8.132431e-001	5.845844e-001	1.000000e+000	-9.067153e-004	-3.944258e-004	0.000000e+000	0.000000e+000	2.281753e-005	-1.278324e-003	-2.568785e-005	2.870320e-006
4.600000e+000	5.229756e-001	7.835403e-001	5.843355e-001	1.000000e+000	-7.776487e-004	-3.327830e-004	0.000000e+000	0.000000e+000	4.215270e-005	-1.068279e-003	-3.908471e-005	-3.067995e-006
4.700000e+000	4.419408e-001	7.450352e-001	5.797109e-001	1.000000e+000	-6.128206e-004	-2.616702e-004	0.000000e+000	0.000000e+000	5.235266e-005	-8.221382e-004	-4.546416e-005	-6.888504e-006
4.800000e+000	3.892354e-001	7.031311e-001	5.724017e-001	1.000000e+000	-4.995111e-004	-2.139969e-004	0.000000e+000	0.000000e+000	5.624266e-005	-6.572654e-004	-4.708434e-005	-9.158315e-006
4.900000e+000	3.525623e-001	6.610052e-001	5.634879e-001	1.000000e+000	-4.333563e-004	-1.862864e-004	0.000000e+000	0.000000e+000	5.681272e-005	-5.628300e-004	-4.626644e-005	-1.054628e-005
5.000000e+000	3.241717e-001	6.201598e-001	5.535560e-001	1.000000e+000	-3.939099e-004	-1.696291e-004	0.000000e+000	0.000000e+000	5.586744e-005	-5.076716e-004	-4.439822e-005	-1.146922e-005
5.100000e+000	3.002140e-001	5.811996e-001	5.429194e-001	1.000000e+000	-3.670918e-004	-1.581536e-004	0.000000e+000	0.000000e+000	5.428310e-005	-4.709623e-004	-4.214784e-005	-1.213527e-005
5.200000e+000	2.789675e-001	5.443205e-001	5.317606e-001	1.000000e+000	-3.458833e-004	-1.489845e-004	0.000000e+000	0.000000e+000	5.244261e-005	-4.424252e-004	-3.980295e-005	-1.263966e-005
5.300000e+000	2.596755e-001	5.095469e-001	5.202031e-001	1.000000e+000	-3.272766e-004	-1.409006e-004	0.000000e+000	0.000000e+000	5.050709e-005	-4.176702e-004	-3.748070e-005	-1.302638e-005
5.400000e+000	2.419799e-001	4.768340e-001	5.083416e-001	1.000000e+000	-3.100917e-004	-1.334245e-004	0.000000e+000	0.000000e+000	4.854622e-005	-3.949700e-004	-3.522813e-005	-1.331809e-005
5.500000e+000	2.256798e-001	4.461094e-001	4.962549e-001	1.000000e+000	-2.938893e-004	-1.263782e-004	0.000000e+000	0.000000e+000	4.659319e-005	-3.736743e-004	-3.306444e-005	-1.352875e-005
5.600000e+000	2.106378e-001	4.172889e-001	4.840111e-001	1.000000e+000	-2.785085e-004	-1.196954e-004	0.000000e+000	0.000000e+000	4.466633e-005	-3.535376e-004	-3.099767e-005	-1.366866e-005
5.700000e+000	1.967436e-001	3.902836e-001	4.716700e-001	1.000000e+000	-2.638859e-004	-1.133492e-004	0.000000e+000	0.000000e+000	4.277730e-005	-3.344578e-004	-2.903099e-005	-1.374632e-005
5.800000e+000	1.839019e-001	3.650028e-001	4.592842e-001	1.000000e+000	-2.499898e-004	-1.073249e-004	0.000000e+000	0.000000e+000	4.093426e-005	-3.163805e-004	-2.716514e-005	-1.376912e-005
5.900000e+000	1.720265e-001	3.413562e-001	4.469001e-001	1.000000e+000	-2.367971e-004	-1.016116e-004	0.000000e+000	0.000000e+000	3.914313e-005	-2.992656e-004	-2.539945e-005	-1.374368e-005
6.000000e+000	1.610393e-001	3.192542e-001	4.345583e-001	1.000000e+000	-2.242855e-004	-9.619874e-005	0.000000e+000	0.000000e+000	3.740819e-005	-2.830761e-004	-2.373224e-005	-1.367595e-005
6.100000e+000	1.508684e-001	2.986093e-001	4.222944e-001	1.000000e+000	-2.124320e-004	-9.107529e-005	0.000000e+000	0.000000e+000	3.573243e-005	-2.677748e-004	-2.216113e-005	-1.357130e-005
6.200000e+000	1.414481e-001	2.793362e-001	4.101396e-001	1.000000e+000	-2.012119e-004	-8.622990e-005	0.000000e+000	0.000000e+000	3.411779e-005	-2.533241e-004	-2.068322e-005	-1.343457e-005
6.300000e+000	1.327178e-001	2.613525e-001	3.981205e-001	1.000000e+000	-1.906000e-004	-8.165083e-005	0.000000e+000	0.000000e+000	3.256534e-005	-2.396854e-004	-1.929520e-005	-1.327013e-005
6.400000e+000	1.246222e-001	2.445789e-001	3.862605e-001	1.000000e+000	-1.805698e-004	-7.732613e-005	0.000000e+000	0.000000e+000	3.107543e-005	-2.268205e-004	-1.799351e-005	-1.308191e-005
6.500000e+000	1.171102e-001	2.289394e-001	3.745792e-001	1.000000e+000	-1.710949e-004	-7.324379e-005	0.000000e+000	0.000000e+000	2.964782e-005	-2.146909e-004	-1.677438e-005	-1.287345e-005
6.600000e+000	1.101353e-001	2.143614e-001	3.630934e-001	1.000000e+000	-1.621489e-004	-6.939187e-005	0.000000e+000	0.000000e+000	2.828183e-005	-2.032589e-004	-1.563392e-005	-1.264791e-005
6.700000e+000	1.036545e-001	2.007759e-001	3.518172e-001	1.000000e+000	-1.537052e-004	-6.575860e-005	0.000000e+000	0.000000e+000	2.697634e-005	-1.924875e-004	-1.456821e-005	-1.240814e-005
6.800000e+000	9.762861e-002	1.881173e-001	3.407622e-001	1.000000e+000	-1.457382e-004	-6.233245e-005	0.000000e+000	0.000000e+000	2.572999e-005	-1.823407e-004	-1.357331e-005	-1.215668e-005
6.900000e+000	9.202161e-002	1.763238e-001	3.299380e-001	1.000000e+000	-1.382225e-004	-5.910221e-005	0.000000e+000	0.000000e+000	2.454115e-005	-1.727836e-004	-1.264533e-005	-1.189582e-005
7.000000e+000	8.680047e-002	1.653368e-001	3.193520e-001	1.000000e+000	-1.311337e-004	-5.605703e-005	0.000000e+000	0.000000e+000	2.340803e-005	-1.637827e-004	-1.178045e-005	-1.162758e-005
7.100000e+000	8.193490e-002	1.551012e-001	3.090100e-001	1.000000e+000	-1.244480e-004	-5.318646e-005	0.000000e+000	0.000000e+000	2.232870e-005	-1.553058e-004	-1.097494e-005	-1.135376e-005
7.200000e+000	7.739716e-002	1.455652e-001	2.989164e-001	1.000000e+000	-1.181427e-004	-5.048047e-005	0.000000e+000	0.000000e+000	2.130116e-005	-1.473220e-004	-1.022520e-005	-1.107596e-005
7.300000e+000	7.316179e-002	1.366801e-001	2.890741e-001	1.000000e+000	-1.121959e-004	-4.792946e-005	0.000000e+000	0.000000e+000	2.032336e-005	-1.398020e-004	-9.527748e-006	-1.079561e-005
7.400000e+000	6.920548e-002	1.284005e-001	2.794847e-001	1.000000e+000	-1.065868e-004	-4.552430e-005	0.000000e+000	0.000000e+000	1.939321e-005	-1.327178e-004	-8.879253e-006	-1.051396e-005
7.500000e+000	6.550683e-002	1.206837e-001	2.701490e-001	1.000000e+000	-1.012954e-004	-4.325629e-005	0.000000e+000	0.000000e+000	1.850864e-005	-1.260430e-004	-8.276532e-006	-1.023211e-005
7.600000e+000	6.204622e-002	1.134899e-001	2.610667e-001	1.000000e+000	-9.630292e-005	-4.111717e-005	0.000000e+000	0.000000e+000	1.766757e-005	-1.197525e-004	-7.716553e-006	-9.951022e-006
7.700000e+000	5.880568e-002	1.067819e-001	2.522367e-001	1.000000e+000	-9.159144e-005	-3.909914e-005	0.000000e+000	0.000000e+000	1.686799e-005	-1.138226e-004	-7.196439e-006	-9.671549e-006
7.800000e+000	5.576871e-002	1.005252e-001	2.436572e-001	1.000000e+000	-8.714399e-005	-3.719482e-005	0.000000e+000	0.000000e+000	1.610789e-005	-1.082309e-004	-6.713468e-006	-9.394423e-006
7.900000e+000	5.292016e-002	9.468731e-002	2.353258e-001	1.000000e+000	-8.294457e-005	-3.539725e-005	0.000000e+000	0.000000e+000	1.538536e-005	-1.029565e-004	-6.265073e-006	-9.120282e-006
8.000000e+000	5.024615e-002	8.923837e-002	2.272396e-001	1.000000e+000	-7.897809e-005	-3.369987e-005	0.000000e+000	0.000000e+000	1.469851e-005	-9.797945e-005	-5.848834e-006	-8.849673e-006
8.100000e+000	4.773392e-002	8.415044e-002	2.193952e-001	1.000000e+000	-7.523031e-005	-3.209652e-005	0.000000e+000	0.000000e+000	1.404554e-005	-9.328129e-005	-5.462477e-006	-8.583063e-006
8.200000e+000	4.537178e-002	7.939758e-002	2.117888e-001	1.000000e+000	-7.168788e-005	-3.058139e-005	0.000000e+000	0.000000e+000	1.342472e-005	-8.884456e-005	-5.103870e-006	-8.320850e-006
8.300000e+000	4.314896e-002	7.495574e-002	2.044162e-001	1.000000e+000	-6.833822e-005	-2.914906e-005	0.000000e+000	0.000000e+000	1.283438e-005	-8.465290e-005	-4.771016e-006	-8.063364e-006
8.400000e+000	4.105558e-002	7.080258e-002	1.972732e-001	1.000000e+000	-6.516955e-005	-2.779441e-005	0.000000e+000	0.000000e+000	1.227293e-005	-8.069103e-005	-4.462049e-006	-7.810881e-006
8.500000e+000	3.908257e-002	6.691740e-002	1.903551e-001	1.000000e+000	-6.217079e-005	-2.651267e-005	0.000000e+000	0.000000e+000	1.173885e-005	-7.694461e-005	-4.175225e-006	-7.563626e-006
8.600000e+000	3.722155e-002	6.328101e-002	1.836571e-001	1.000000e+000	-5.933158e-005	-2.529936e-005	0.000000e+000	0.000000e+000	1.123069e-005	-7.340025e-005	-3.908919e-006	-7.321776e-006
8.700000e+000	3.546485e-002	5.987564e-002	1.771742e-001	1.000000e+000	-5.664221e-005	-2.415029e-005	0.000000e+000	0.000000e+000	1.074709e-005	-7.004542e-005	-3.661618e-006	-7.085469e-006
8.800000e+000	3.380539e-002	5.668481e-002	1.709015e-001	1.000000e+000	-5.409359e-005	-2.306155e-005	0.000000e+000	0.000000e+000	1.028672e-005	-6.686842e-005	-3.431914e-006	-6.854807e-006
8.900000e+000	3.223664e-002	5.369330e-002	1.648339e-001	1.000000e+000	-5.167722e-005	-2.202946e-005	0.000000e+000	0.000000e+000	9.848360e-006	-6.385833e-005	-3.218499e-006	-6.629861e-006
9.000000e+000	3.075259e-002	5.088699e-002	1.589660e-001	1.000000e+000	-4.938515e-005	-2.105061e-005	0.000000e+000	0.000000e+000	9.430832e-006	-6.100493e-005	-3.020159e-006	-6.410673e-006
9.100000e+000	2.934771e-002	4.825282e-002	1.532929e-001	1.000000e+000	-4.720994e-005	-2.012179e-005	0.000000e+000	0.000000e+000	9.033027e-006	-5.829871e-005	-2.835767e-006	-6.197260e-006
9.200000e+000	2.801688e-002	4.577873e-002	1.478092e-001	1.000000e+000	-4.514463e-005	-1.924002e-005	0.000000e+000	0.000000e+000	8.653897e-006	-5.573076e-005	-2.664278e-006	-5.989618e-006
9.300000e+000	2.675537e-002	4.345354e-002	1.425099e-001	1.000000e+000	-4.318274e-005	-1.840251e-005	0.000000e+000	0.000000e+000	8.292451e-006	-5.329280e-005	-2.504726e-006	-5.787725e-006
9.400000e+000	2.555881e-002	4.126691e-002	1.373896e-001	1.000000e+000	-4.131819e-005	-1.760664e-005	0.000000e+000	0.000000e+000	7.947756e-006	-5.097707e-005	-2.356215e-006	-5.591541e-006
9.500000e+000	2.442317e-002	3.920928e-002	1.324434e-001	1.000000e+000	-3.954531e-005	-1.684998e-005	0.000000e+000	0.000000e+000	7.618928e-006	-4.877636e-005	-2.217917e-006	-5.401011e-006
9.600000e+000	2.334472e-002	3.727182e-002	1.276661e-001	1.000000e+000	-3.785880e-005	-1.613025e-005	0.000000e+000	0.000000e+000	7.305136e-006	-4.668392e-005	-2.089066e-006	-5.216070e-006
9.700000e+000	2.231998e-002	3.544634e-002	1.230528e-001	1.000000e+000	-3.625371e-005	-1.544533e-005	0.000000e+000	0.000000e+000	7.005596e-006	-4.469345e-005	-1.968954e-006	-5.036642e-006
9.800000e+000	2.134576e-002	3.372528e-002	1.185985e-001	1.000000e+000	-3.472540e-005	-1.479324e-005	0.000000e+000	0.000000e+000	6.719567e-006	-4.279907e-005	-1.856928e-006	-4.862639e-006
9.900000e+000	2.041906e-002	3.210162e-002	1.142985e-001	1.000000e+000	-3.326955e-005	-1.417212e-005	0.000000e+000	0.000000e+000	6.446354e-006	-4.099531e-005	-1.752384e-006	-4.693970e-006
1.000000e+001	1.953714e-002	3.056891e-002	1.101478e-001	1.000000e+000	-3.188210e-005	-1.358022e-005	0.000000e+000	0.000000e+000	6.185299e-006	-3.927702e-005	-1.654765e-006	-4.530534e-006
