TIME          	MC CONC       	STS CONC      	HTS CONC      	SED CONC      	ADV dm/dt     	DISP dm/dt    	DECAY dm/dt   	SORPTION dm/dt	STORAGE dm/dt 	MC dm/dt      	STS dm/dt     	HTS dm/dt     
(hr)          	[M/L³]          	[M/L³]          	[M/L³]          	[M/L³]          	([M/L³])·([L]²/s)  	([M/L³])·([L]²/s)  	([M/L³])·([L]²/s)  	([M/L³])·([L]²/s)  	([M/L³])·([L]²/s)  	([M/L³])·([L]²/s)  	([M/L³])·([L]²/s)  	([M/L³])·([L]²/s)  
0.000000e+000	0.000000e+000	0.000000e+000	0.000000e+000	0.000000e+000	0.000000e+000	0.000000e+000	0.000000e+000	0.000000e+000	0.000000e+000	0.000000e+000	0.000000e+000	0.000000e+000
1.000000e-001	0.000000e+000	0.000000e+000	0.000000e+000	1.000000e+000	0.000000e+000	0.000000e+000	0.000000e+000	0.000000e+000	0.000000e+000	0.000000e+000	0.000000e+000	0.000000e+000
2.000000e-001	0.000000e+000	0.000000e+000	0.000000e+000	1.000000e+000	0.000000e+000	0.000000e+000	0.000000e+000	0.000000e+000	0.000000e+000	0.000000e+000	0.000000e+000	0.000000e+000
3.000000e-001	0.000000e+000	0.000000e+000	0.000000e+000	1.000000e+000	0.000000e+000	0.000000e+000	0.000000e+000	0.000000e+000	0.000000e+000	0.000000e+000	0.000000e+000	0.000000e+000
4.000000e-001	0.000000e+000	0.000000e+000	0.000000e+000	1.000000e+000	0.000000e+000	0.000000e+000	0.000000e+000	0.000000e+000	0.000000e+000	0.000000e+000	0.000000e+000	0.000000e+000
5.000000e-001	0.000000e+000	0.000000e+000	0.000000e+000	1.000000e+000	0.000000e+000	0.000000e+000	0.000000e+000	0.000000e+000	0.000000e+000	0.000000e+000	0.000000e+000	0.000000e+000
6.000000e-001	0.000000e+000	0.000000e+000	0.000000e+000	1.000000e+000	0.000000e+000	0.000000e+000	0.000000e+000	0.000000e+000	0.000000e+000	0.000000e+000	0.000000e+000	0.000000e+000
7.000000e-001	0.000000e+000	0.000000e+000	0.000000e+000	1.000000e+000	0.000000e+000	0.000000e+000	0.000000e+000	0.000000e+000	0.000000e+000	0.000000e+000	0.000000e+000	0.000000e+000
8.000000e-001	0.000000e+000	0.000000e+000	0.000000e+000	1.000000e+000	0.000000e+000	0.000000e+000	0.000000e+000	0.000000e+000	0.000000e+000	0.000000e+000	0.000000e+000	0.000000e+000
9.000000e-001	0.000000e+000	0.000000e+000	0.000000e+000	1.000000e+000	0.000000e+000	0.000000e+000	0.000000e+000	0.000000e+000	0.000000e+000	0.000000e+000	0.000000e+000	0.000000e+000
1.000000e+000	1.128397e-022	6.627910e-025	2.115872e-027	1.000000e+000	1.320589e-023	1.998249e-023	0.000000e+000	0.000000e+000	-3.113516e-026	3.315724e-023	3.108487e-026	5.029161e-029
1.100000e+000	1.482887e-007	2.184097e-009	1.671870e-011	1.000000e+000	8.558515e-009	8.803103e-009	0.000000e+000	0.000000e+000	-4.055195e-011	1.732107e-008	4.038696e-011	1.649842e-013
1.200000e+000	1.166181e-003	4.582229e-005	8.834390e-007	1.000000e+000	2.790813e-005	2.067258e-005	0.000000e+000	0.000000e+000	-3.109601e-007	4.826974e-005	3.075393e-007	3.420815e-009
1.300000e+000	2.816344e-002	2.283993e-003	8.777250e-005	1.000000e+000	3.141059e-004	2.031068e-004	0.000000e+000	0.000000e+000	-7.182946e-006	5.100298e-004	7.015766e-006	1.671797e-007
1.400000e+000	1.150068e-001	1.586030e-002	1.018163e-003	1.000000e+000	6.812462e-004	4.171834e-004	0.000000e+000	0.000000e+000	-2.751851e-005	1.070911e-003	2.638870e-005	1.129807e-006
1.500000e+000	2.325533e-001	4.788093e-002	4.583602e-003	1.000000e+000	8.143433e-004	4.873925e-004	0.000000e+000	0.000000e+000	-5.125658e-005	1.250479e-003	4.796072e-005	3.295860e-006
1.600000e+000	3.416974e-001	9.544146e-002	1.258991e-002	1.000000e+000	7.803627e-004	4.627554e-004	0.000000e+000	0.000000e+000	-6.834935e-005	1.174769e-003	6.204256e-005	6.306789e-006
1.700000e+000	4.296265e-001	1.512855e-001	2.593286e-002	1.000000e+000	7.001172e-004	4.137946e-004	0.000000e+000	0.000000e+000	-7.725469e-005	1.036657e-003	6.771265e-005	9.542038e-006
1.800000e+000	4.986055e-001	2.093420e-001	4.456984e-002	1.000000e+000	6.241149e-004	3.684585e-004	0.000000e+000	0.000000e+000	-8.028629e-005	9.122872e-004	6.774358e-005	1.254271e-005
1.900000e+000	5.538754e-001	2.660083e-001	6.788621e-002	1.000000e+000	5.616918e-004	3.314269e-004	0.000000e+000	0.000000e+000	-7.989870e-005	8.132200e-004	6.481734e-005	1.508136e-005
2.000000e+000	5.995538e-001	3.195518e-001	9.503143e-002	1.000000e+000	5.104497e-004	3.010536e-004	0.000000e+000	0.000000e+000	-7.771570e-005	7.337876e-004	6.062486e-005	1.709084e-005
2.100000e+000	6.382789e-001	3.693186e-001	1.251219e-001	1.000000e+000	4.669997e-004	2.753000e-004	0.000000e+000	0.000000e+000	-7.465106e-005	6.676487e-004	5.606244e-005	1.858863e-005
2.200000e+000	6.716937e-001	4.152005e-001	1.573392e-001	1.000000e+000	4.290870e-004	2.528358e-004	0.000000e+000	0.000000e+000	-7.119074e-005	6.107321e-004	5.156193e-005	1.962881e-005
2.300000e+000	7.008729e-001	4.573441e-001	1.909677e-001	1.000000e+000	3.954153e-004	2.328975e-004	0.000000e+000	0.000000e+000	-6.759242e-005	5.607204e-004	4.731543e-005	2.027698e-005
2.400000e+000	7.265740e-001	4.960032e-001	2.254033e-001	1.000000e+000	3.652210e-004	2.150320e-004	0.000000e+000	0.000000e+000	-6.399586e-005	5.162571e-004	4.339737e-005	2.059848e-005
2.500000e+000	7.493669e-001	5.314683e-001	2.601477e-001	1.000000e+000	3.379988e-004	1.989373e-004	0.000000e+000	0.000000e+000	-6.047868e-005	4.764574e-004	3.982534e-005	2.065334e-005
2.600000e+000	7.696999e-001	5.640315e-001	2.947977e-001	1.000000e+000	3.133686e-004	1.843850e-004	0.000000e+000	0.000000e+000	-5.708413e-005	4.406694e-004	3.658964e-005	2.049449e-005
2.700000e+000	7.879345e-001	5.939708e-001	3.290330e-001	1.000000e+000	2.910172e-004	1.711867e-004	0.000000e+000	0.000000e+000	-5.383542e-005	4.083685e-004	3.366795e-005	2.016747e-005
2.800000e+000	8.043662e-001	6.215424e-001	3.626040e-001	1.000000e+000	2.706753e-004	1.591811e-004	0.000000e+000	0.000000e+000	-5.074349e-005	3.791129e-004	3.103270e-005	1.971079e-005
2.900000e+000	8.192390e-001	6.469784e-001	3.953203e-001	1.000000e+000	2.521081e-004	1.482273e-004	0.000000e+000	0.000000e+000	-4.781164e-005	3.525238e-004	2.865503e-005	1.915660e-005
3.000000e+000	8.327550e-001	6.704863e-001	4.270408e-001	1.000000e+000	2.351105e-004	1.382031e-004	0.000000e+000	0.000000e+000	-4.503836e-005	3.282752e-004	2.650692e-005	1.853145e-005
3.100000e+000	8.450830e-001	6.922506e-001	4.576652e-001	1.000000e+000	2.195039e-004	1.290019e-004	0.000000e+000	0.000000e+000	-4.241924e-005	3.060866e-004	2.456223e-005	1.785701e-005
3.200000e+000	8.563638e-001	7.124346e-001	4.871256e-001	1.000000e+000	2.051334e-004	1.205318e-004	0.000000e+000	0.000000e+000	-3.994813e-005	2.857171e-004	2.279725e-005	1.715087e-005
3.300000e+000	8.667162e-001	7.311824e-001	5.153811e-001	1.000000e+000	1.918652e-004	1.127132e-004	0.000000e+000	0.000000e+000	-3.761798e-005	2.669604e-004	2.119086e-005	1.642713e-005
3.400000e+000	8.762407e-001	7.486209e-001	5.424119e-001	1.000000e+000	1.795837e-004	1.054776e-004	0.000000e+000	0.000000e+000	-3.542140e-005	2.496400e-004	1.972444e-005	1.569695e-005
3.500000e+000	8.850228e-001	7.648627e-001	5.682147e-001	1.000000e+000	1.681893e-004	9.876602e-005	0.000000e+000	0.000000e+000	-3.335093e-005	2.336044e-004	1.838178e-005	1.496915e-005
3.600000e+000	8.931357e-001	7.800070e-001	5.927997e-001	1.000000e+000	1.575959e-004	9.252749e-005	0.000000e+000	0.000000e+000	-3.139933e-005	2.187241e-004	1.714881e-005	1.425051e-005
3.700000e+000	9.006426e-001	7.941422e-001	6.161867e-001	1.000000e+000	1.477291e-004	8.671796e-005	0.000000e+000	0.000000e+000	-2.955964e-005	2.048874e-004	1.601339e-005	1.354625e-005
3.800000e+000	9.075985e-001	8.073468e-001	6.384034e-001	1.000000e+000	1.385241e-004	8.129921e-005	0.000000e+000	0.000000e+000	-2.782528e-005	1.919980e-004	1.496505e-005	1.286023e-005
3.900000e+000	9.140513e-001	8.196911e-001	6.594831e-001	1.000000e+000	1.299247e-004	7.623794e-005	0.000000e+000	0.000000e+000	-2.619005e-005	1.799726e-004	1.399476e-005	1.219529e-005
4.000000e+000	9.200433e-001	8.312385e-001	6.794629e-001	1.000000e+000	1.218816e-004	7.150495e-005	0.000000e+000	0.000000e+000	-2.464816e-005	1.687384e-004	1.309477e-005	1.155339e-005
4.100000e+000	9.256120e-001	8.420457e-001	6.983828e-001	1.000000e+000	1.143426e-004	6.706575e-005	0.000000e+000	0.000000e+000	-2.319415e-005	1.582142e-004	1.225831e-005	1.093585e-005
4.200000e+000	9.296249e-001	8.521188e-001	7.162836e-001	1.000000e+000	7.938673e-005	4.225139e-005	0.000000e+000	0.000000e+000	-2.151213e-005	1.001260e-004	1.117213e-005	1.033999e-005
4.300000e+000	9.074468e-001	8.593583e-001	7.331228e-001	1.000000e+000	-2.134275e-004	-1.440739e-004	0.000000e+000	0.000000e+000	-1.334716e-005	-3.708486e-004	3.737919e-006	9.609243e-006
4.400000e+000	8.250899e-001	8.546613e-001	7.481857e-001	1.000000e+000	-5.867751e-004	-3.618003e-004	0.000000e+000	0.000000e+000	8.207669e-006	-9.403678e-004	-1.631275e-005	8.105084e-006
4.500000e+000	7.117215e-001	8.309611e-001	7.597236e-001	1.000000e+000	-7.256985e-004	-4.354344e-004	0.000000e+000	0.000000e+000	3.309544e-005	-1.128037e-003	-3.851815e-005	5.422711e-006
4.600000e+000	6.064698e-001	7.911985e-001	7.659726e-001	1.000000e+000	-6.971881e-004	-4.140123e-004	0.000000e+000	0.000000e+000	5.127221e-005	-1.059928e-003	-5.319245e-005	1.920238e-006
4.700000e+000	5.221677e-001	7.426634e-001	7.660781e-001	1.000000e+000	-6.220799e-004	-3.680702e-004	0.000000e+000	0.000000e+000	6.119952e-005	-9.289505e-004	-5.941715e-005	-1.782363e-006
4.800000e+000	4.565689e-001	6.914581e-001	7.601231e-001	1.000000e+000	-5.509030e-004	-3.255691e-004	0.000000e+000	0.000000e+000	6.519447e-005	-8.112776e-004	-5.996758e-005	-5.226886e-006
4.900000e+000	4.044499e-001	6.412139e-001	7.487609e-001	1.000000e+000	-4.930130e-004	-2.912000e-004	0.000000e+000	0.000000e+000	6.571484e-005	-7.184981e-004	-5.752819e-005	-8.186643e-006
5.000000e+000	3.617088e-001	5.936904e-001	7.328798e-001	1.000000e+000	-4.460296e-004	-2.633276e-004	0.000000e+000	0.000000e+000	6.438747e-005	-6.449698e-004	-5.379216e-005	-1.059531e-005
5.100000e+000	3.257220e-001	5.495667e-001	7.133995e-001	1.000000e+000	-4.065806e-004	-2.399231e-004	0.000000e+000	0.000000e+000	6.212900e-005	-5.843748e-004	-4.965780e-005	-1.247121e-005
5.200000e+000	2.948604e-001	5.089740e-001	6.911732e-001	1.000000e+000	-3.724268e-004	-2.196655e-004	0.000000e+000	0.000000e+000	5.942811e-005	-5.326641e-004	-4.555883e-005	-1.386928e-005
5.300000e+000	2.680618e-001	4.717880e-001	6.669497e-001	1.000000e+000	-3.422863e-004	-2.017996e-004	0.000000e+000	0.000000e+000	5.654506e-005	-4.875408e-004	-4.168905e-005	-1.485601e-005
5.400000e+000	2.445803e-001	4.377752e-001	6.413651e-001	1.000000e+000	-3.154091e-004	-1.858805e-004	0.000000e+000	0.000000e+000	5.362205e-005	-4.476676e-004	-3.812447e-005	-1.549758e-005
5.500000e+000	2.238568e-001	4.066644e-001	6.149481e-001	1.000000e+000	-2.913028e-004	-1.716137e-004	0.000000e+000	0.000000e+000	5.073899e-005	-4.121775e-004	-3.488411e-005	-1.585488e-005
5.600000e+000	2.054534e-001	3.781813e-001	5.881307e-001	1.000000e+000	-2.695989e-004	-1.587778e-004	0.000000e+000	0.000000e+000	4.794134e-005	-3.804354e-004	-3.195967e-005	-1.598167e-005
5.700000e+000	1.890180e-001	3.520649e-001	5.612608e-001	1.000000e+000	-2.499956e-004	-1.471912e-004	0.000000e+000	0.000000e+000	4.525436e-005	-3.519325e-004	-2.933004e-005	-1.592431e-005
5.800000e+000	1.742636e-001	3.280749e-001	5.346144e-001	1.000000e+000	-2.322342e-004	-1.366985e-004	0.000000e+000	0.000000e+000	4.269096e-005	-3.262417e-004	-2.696885e-005	-1.572211e-005
5.900000e+000	1.609547e-001	3.059941e-001	5.084067e-001	1.000000e+000	-2.160896e-004	-1.271649e-004	0.000000e+000	0.000000e+000	4.025629e-005	-3.029983e-004	-2.484833e-005	-1.540796e-005
6.000000e+000	1.488965e-001	2.856289e-001	4.828023e-001	1.000000e+000	-2.013662e-004	-1.184736e-004	0.000000e+000	0.000000e+000	3.795063e-005	-2.818892e-004	-2.294148e-005	-1.500915e-005
6.100000e+000	1.379277e-001	2.668078e-001	4.579243e-001	1.000000e+000	-1.878942e-004	-1.105233e-004	0.000000e+000	0.000000e+000	3.577122e-005	-2.626463e-004	-2.122314e-005	-1.454808e-005
6.200000e+000	1.279138e-001	2.493802e-001	4.338615e-001	1.000000e+000	-1.755270e-004	-1.032268e-004	0.000000e+000	0.000000e+000	3.371349e-005	-2.450403e-004	-1.967048e-005	-1.404301e-005
6.300000e+000	1.187424e-001	2.332134e-001	4.106752e-001	1.000000e+000	-1.641384e-004	-9.650930e-005	0.000000e+000	0.000000e+000	3.177191e-005	-2.288758e-004	-1.826324e-005	-1.350867e-005
6.400000e+000	1.103186e-001	2.181912e-001	3.884043e-001	1.000000e+000	-1.536205e-004	-9.030655e-005	0.000000e+000	0.000000e+000	2.994048e-005	-2.139865e-004	-1.698359e-005	-1.295688e-005
6.500000e+000	1.025626e-001	2.042116e-001	3.670699e-001	1.000000e+000	-1.438803e-004	-8.456365e-005	0.000000e+000	0.000000e+000	2.821311e-005	-2.002308e-004	-1.581608e-005	-1.239703e-005
6.600000e+000	9.540589e-002	1.911847e-001	3.466792e-001	1.000000e+000	-1.348384e-004	-7.923350e-005	0.000000e+000	0.000000e+000	2.658381e-005	-1.874881e-004	-1.474733e-005	-1.183648e-005
6.700000e+000	8.879011e-002	1.790314e-001	3.272282e-001	1.000000e+000	-1.264265e-004	-7.427569e-005	0.000000e+000	0.000000e+000	2.504684e-005	-1.756554e-004	-1.376586e-005	-1.128097e-005
6.800000e+000	8.266471e-002	1.676815e-001	3.087047e-001	1.000000e+000	-1.185859e-004	-6.965541e-005	0.000000e+000	0.000000e+000	2.359675e-005	-1.646445e-004	-1.286184e-005	-1.073491e-005
6.900000e+000	7.698576e-002	1.570726e-001	2.910899e-001	1.000000e+000	-1.112655e-004	-6.534259e-005	0.000000e+000	0.000000e+000	2.222842e-005	-1.543797e-004	-1.202682e-005	-1.020161e-005
7.000000e+000	7.171480e-002	1.471490e-001	2.743600e-001	1.000000e+000	-1.044213e-004	-6.131108e-005	0.000000e+000	0.000000e+000	2.093708e-005	-1.447953e-004	-1.125359e-005	-9.683496e-006
7.100000e+000	6.681788e-002	1.378609e-001	2.584880e-001	1.000000e+000	-9.801450e-005	-5.753802e-005	0.000000e+000	0.000000e+000	1.971827e-005	-1.358343e-004	-1.053595e-005	-9.182324e-006
7.200000e+000	6.226490e-002	1.291630e-001	2.434443e-001	1.000000e+000	-9.201126e-005	-5.400334e-005	0.000000e+000	0.000000e+000	1.856783e-005	-1.274468e-004	-9.868560e-006	-8.699271e-006
7.300000e+000	5.802894e-002	1.210145e-001	2.291977e-001	1.000000e+000	-8.638151e-005	-5.068927e-005	0.000000e+000	0.000000e+000	1.748190e-005	-1.195889e-004	-9.246824e-006	-8.235073e-006
7.400000e+000	5.408583e-002	1.133783e-001	2.157161e-001	1.000000e+000	-8.109849e-005	-4.757997e-005	0.000000e+000	0.000000e+000	1.645686e-005	-1.122216e-004	-8.666739e-006	-7.790118e-006
7.500000e+000	5.041372e-002	1.062203e-001	2.029671e-001	1.000000e+000	-7.613820e-005	-4.466125e-005	0.000000e+000	0.000000e+000	1.548934e-005	-1.053101e-004	-8.124817e-006	-7.364520e-006
7.600000e+000	4.699278e-002	9.950929e-002	1.909181e-001	1.000000e+000	-7.147901e-005	-4.192029e-005	0.000000e+000	0.000000e+000	1.457618e-005	-9.882313e-005	-7.617997e-006	-6.958178e-006
7.700000e+000	4.380493e-002	9.321658e-002	1.795368e-001	1.000000e+000	-6.710127e-005	-3.934547e-005	0.000000e+000	0.000000e+000	1.371441e-005	-9.273233e-005	-7.143576e-006	-6.570832e-006
7.800000e+000	4.083364e-002	8.731555e-002	1.687918e-001	1.000000e+000	-6.298703e-005	-3.692617e-005	0.000000e+000	0.000000e+000	1.290125e-005	-8.701196e-005	-6.699150e-006	-6.202095e-006
7.900000e+000	3.806371e-002	8.178153e-002	1.586519e-001	1.000000e+000	-5.911985e-005	-3.465264e-005	0.000000e+000	0.000000e+000	1.213406e-005	-8.163843e-005	-6.282572e-006	-5.851489e-006
8.000000e+000	3.548116e-002	7.659162e-002	1.490871e-001	1.000000e+000	-5.548453e-005	-3.251589e-005	0.000000e+000	0.000000e+000	1.141038e-005	-7.659004e-005	-5.891908e-006	-5.518471e-006
8.100000e+000	3.307308e-002	7.172448e-002	1.400684e-001	1.000000e+000	-5.206703e-005	-3.050761e-005	0.000000e+000	0.000000e+000	1.072786e-005	-7.184679e-005	-5.525408e-006	-5.202449e-006
8.200000e+000	3.082753e-002	6.716019e-002	1.315677e-001	1.000000e+000	-4.885429e-005	-2.862007e-005	0.000000e+000	0.000000e+000	1.008428e-005	-6.739008e-005	-5.181478e-006	-4.902801e-006
8.300000e+000	2.873345e-002	6.288012e-002	1.235579e-001	1.000000e+000	-4.583415e-005	-2.684606e-005	0.000000e+000	0.000000e+000	9.477550e-006	-6.320266e-005	-4.858660e-006	-4.618889e-006
8.400000e+000	2.678058e-002	5.886686e-002	1.160132e-001	1.000000e+000	-4.299522e-005	-2.517885e-005	0.000000e+000	0.000000e+000	8.905679e-006	-5.926840e-005	-4.555615e-006	-4.350064e-006
8.500000e+000	2.495938e-002	5.510407e-002	1.089085e-001	1.000000e+000	-4.032688e-005	-2.361215e-005	0.000000e+000	0.000000e+000	8.366783e-006	-5.557224e-005	-4.271104e-006	-4.095679e-006
8.600000e+000	2.326098e-002	5.157644e-002	1.022203e-001	1.000000e+000	-3.781911e-005	-2.214004e-005	0.000000e+000	0.000000e+000	7.859073e-006	-5.210007e-005	-4.003982e-006	-3.855090e-006
8.700000e+000	2.167713e-002	4.826960e-002	9.592581e-002	1.000000e+000	-3.546254e-005	-2.075697e-005	0.000000e+000	0.000000e+000	7.380850e-006	-4.883866e-005	-3.753185e-006	-3.627665e-006
8.800000e+000	2.020014e-002	4.517005e-002	9.000340e-002	1.000000e+000	-3.324834e-005	-1.945772e-005	0.000000e+000	0.000000e+000	6.930503e-006	-4.577555e-005	-3.517719e-006	-3.412784e-006
8.900000e+000	1.882284e-002	4.226512e-002	8.443248e-002	1.000000e+000	-3.116819e-005	-1.823737e-005	0.000000e+000	0.000000e+000	6.506503e-006	-4.289906e-005	-3.296658e-006	-3.209845e-006
9.000000e+000	1.753855e-002	3.954290e-002	7.919344e-002	1.000000e+000	-2.921426e-005	-1.709131e-005	0.000000e+000	0.000000e+000	6.107397e-006	-4.019817e-005	-3.089136e-006	-3.018261e-006
9.100000e+000	1.634105e-002	3.699218e-002	7.426766e-002	1.000000e+000	-2.737917e-005	-1.601515e-005	0.000000e+000	0.000000e+000	5.731807e-006	-3.766252e-005	-2.894339e-006	-2.837467e-006
9.200000e+000	1.522452e-002	3.460245e-002	6.963744e-002	1.000000e+000	-2.565595e-005	-1.500480e-005	0.000000e+000	0.000000e+000	5.378424e-006	-3.528233e-005	-2.711506e-006	-2.666918e-006
9.300000e+000	1.418354e-002	3.236381e-002	6.528599e-002	1.000000e+000	-2.403804e-005	-1.405637e-005	0.000000e+000	0.000000e+000	5.046008e-006	-3.304840e-005	-2.539921e-006	-2.506087e-006
9.400000e+000	1.321304e-002	3.026695e-002	6.119737e-002	1.000000e+000	-2.251923e-005	-1.316621e-005	0.000000e+000	0.000000e+000	4.733382e-006	-3.095206e-005	-2.378911e-006	-2.354471e-006
9.500000e+000	1.230831e-002	2.830313e-002	5.735649e-002	1.000000e+000	-2.109369e-005	-1.233086e-005	0.000000e+000	0.000000e+000	4.439429e-006	-2.898512e-005	-2.227842e-006	-2.211587e-006
9.600000e+000	1.146493e-002	2.646413e-002	5.374904e-002	1.000000e+000	-1.975589e-005	-1.154707e-005	0.000000e+000	0.000000e+000	4.163090e-006	-2.713988e-005	-2.086120e-006	-2.076970e-006
9.700000e+000	1.067878e-002	2.474221e-002	5.036150e-002	1.000000e+000	-1.850063e-005	-1.081178e-005	0.000000e+000	0.000000e+000	3.903364e-006	-2.540905e-005	-1.953184e-006	-1.950180e-006
9.800000e+000	9.946028e-003	2.313012e-002	4.718104e-002	1.000000e+000	-1.732300e-005	-1.012208e-005	0.000000e+000	0.000000e+000	3.659299e-006	-2.378578e-005	-1.828505e-006	-1.830793e-006
9.900000e+000	9.263080e-003	2.162102e-002	4.419555e-002	1.000000e+000	-1.621837e-005	-9.475242e-006	0.000000e+000	0.000000e+000	3.429996e-006	-2.226361e-005	-1.711588e-006	-1.718408e-006
1.000000e+001	8.626588e-003	2.020849e-002	4.139357e-002	1.000000e+000	-1.518237e-005	-8.868700e-006	0.000000e+000	0.000000e+000	3.214604e-006	-2.083646e-005	-1.601963e-006	-1.612641e-006
