0.000000e+000	0.000000e+000
0.000000e+000	0.000000e+000
1.000000e-001	0.000000e+000
2.000000e-001	0.000000e+000
3.000000e-001	0.000000e+000
4.000000e-001	0.000000e+000
5.000000e-001	0.000000e+000
6.000000e-001	0.000000e+000
7.000000e-001	0.000000e+000
8.000000e-001	0.000000e+000
9.000000e-001	0.000000e+000
1.000000e+000	9.919670e-109
1.100000e+000	1.667275e-086
1.200000e+000	6.452693e-075
1.300000e+000	5.593486e-067
1.400000e+000	5.171256e-061
1.500000e+000	2.866168e-056
1.600000e+000	2.378289e-052
1.700000e+000	5.059122e-049
1.800000e+000	3.878103e-046
1.900000e+000	1.345880e-043
2.000000e+000	2.481438e-041
2.100000e+000	2.730214e-039
2.200000e+000	1.955613e-037
2.300000e+000	9.749253e-036
2.400000e+000	3.564490e-034
2.500000e+000	9.965610e-033
2.600000e+000	2.203914e-031
2.700000e+000	3.964149e-030
2.800000e+000	5.934901e-029
2.900000e+000	7.540931e-028
3.000000e+000	8.266919e-027
3.100000e+000	7.930389e-026
3.200000e+000	6.738415e-025
3.300000e+000	5.125277e-024
3.400000e+000	3.521910e-023
3.500000e+000	2.204243e-022
3.600000e+000	1.265523e-021
3.700000e+000	6.707640e-021
3.800000e+000	3.300809e-020
3.900000e+000	1.515746e-019
4.000000e+000	6.524836e-019
4.100000e+000	2.643861e-018
4.200000e+000	1.012168e-017
4.300000e+000	3.673528e-017
4.400000e+000	1.267857e-016
4.500000e+000	4.172905e-016
4.600000e+000	1.313135e-015
4.700000e+000	3.960169e-015
4.800000e+000	1.147095e-014
4.900000e+000	3.197733e-014
5.000000e+000	8.595099e-014
5.100000e+000	2.231389e-013
5.200000e+000	5.604173e-013
5.300000e+000	1.363662e-012
5.400000e+000	3.219322e-012
5.500000e+000	7.383244e-012
5.600000e+000	1.646954e-011
5.700000e+000	3.577336e-011
5.800000e+000	7.574328e-011
5.900000e+000	1.564835e-010
6.000000e+000	3.157482e-010
6.100000e+000	6.227955e-010
6.200000e+000	1.201834e-009
6.300000e+000	2.270805e-009
6.400000e+000	4.204120e-009
6.500000e+000	7.631963e-009
6.600000e+000	1.359419e-008
6.700000e+000	2.377394e-008
6.800000e+000	4.084523e-008
6.900000e+000	6.897988e-008
7.000000e+000	1.145726e-007
7.100000e+000	1.872589e-007
7.200000e+000	3.013158e-007
7.300000e+000	4.775569e-007
7.400000e+000	7.458447e-007
7.500000e+000	1.148365e-006
7.600000e+000	1.743815e-006
7.700000e+000	2.612657e-006
7.800000e+000	3.863601e-006
7.900000e+000	5.641442e-006
8.000000e+000	8.136351e-006
8.100000e+000	1.159470e-005
8.200000e+000	1.633137e-005
8.300000e+000	2.274352e-005
8.400000e+000	3.132554e-005
8.500000e+000	4.268497e-005
8.600000e+000	5.755894e-005
8.700000e+000	7.683060e-005
8.800000e+000	1.015449e-004
8.900000e+000	1.329232e-004
9.000000e+000	1.723750e-004
9.100000e+000	2.215080e-004
9.200000e+000	2.821329e-004
9.300000e+000	3.562649e-004
9.400000e+000	4.461187e-004
9.500000e+000	5.540993e-004
9.600000e+000	6.827855e-004
9.700000e+000	8.349079e-004
9.800000e+000	1.013321e-003
9.900000e+000	1.220971e-003
1.000000e+001	1.460854e-003
1.010000e+001	1.735981e-003
1.020000e+001	2.049327e-003
1.030000e+001	2.403789e-003
1.040000e+001	2.802143e-003
1.050000e+001	3.246995e-003
1.060000e+001	3.740748e-003
1.070000e+001	4.285562e-003
1.080000e+001	4.883325e-003
1.090000e+001	5.535634e-003
1.100000e+001	6.243772e-003
1.110000e+001	7.008708e-003
1.120000e+001	7.831090e-003
1.130000e+001	8.711255e-003
1.140000e+001	9.649243e-003
1.150000e+001	1.064481e-002
1.160000e+001	1.169747e-002
1.170000e+001	1.280650e-002
1.180000e+001	1.397098e-002
1.190000e+001	1.518984e-002
1.200000e+001	1.646188e-002
1.210000e+001	1.778579e-002
1.220000e+001	1.916022e-002
1.230000e+001	2.058374e-002
1.240000e+001	2.205496e-002
1.250000e+001	2.357246e-002
1.260000e+001	2.513487e-002
1.270000e+001	2.674086e-002
1.280000e+001	2.838913e-002
1.290000e+001	3.007848e-002
1.300000e+001	3.180774e-002
1.310000e+001	3.357584e-002
1.320000e+001	3.538176e-002
1.330000e+001	3.722454e-002
1.340000e+001	3.910329e-002
1.350000e+001	4.101718e-002
1.360000e+001	4.296542e-002
1.370000e+001	4.494727e-002
1.380000e+001	4.696203e-002
1.390000e+001	4.900903e-002
1.400000e+001	5.108763e-002
1.410000e+001	5.319721e-002
1.420000e+001	5.533716e-002
1.430000e+001	5.750689e-002
1.440000e+001	5.970581e-002
1.450000e+001	6.193332e-002
1.460000e+001	6.418882e-002
1.470000e+001	6.647170e-002
1.480000e+001	6.878132e-002
1.490000e+001	7.111700e-002
1.500000e+001	7.347803e-002
1.510000e+001	7.586365e-002
1.520000e+001	7.827302e-002
1.530000e+001	8.070523e-002
1.540000e+001	8.315928e-002
1.550000e+001	8.563404e-002
1.560000e+001	8.812828e-002
1.570000e+001	9.064061e-002
1.580000e+001	9.316949e-002
1.590000e+001	9.571318e-002
1.600000e+001	9.826980e-002
1.610000e+001	1.008372e-001
1.620000e+001	1.034132e-001
1.630000e+001	1.059951e-001
1.640000e+001	1.085804e-001
1.650000e+001	1.111662e-001
1.660000e+001	1.137493e-001
1.670000e+001	1.163266e-001
1.680000e+001	1.188948e-001
1.690000e+001	1.214504e-001
1.700000e+001	1.239900e-001
1.710000e+001	1.265101e-001
1.720000e+001	1.290074e-001
1.730000e+001	1.314784e-001
1.740000e+001	1.339200e-001
1.750000e+001	1.363291e-001
1.760000e+001	1.387028e-001
1.770000e+001	1.410386e-001
1.780000e+001	1.433342e-001
1.790000e+001	1.455875e-001
1.800000e+001	1.477968e-001
1.810000e+001	1.499609e-001
1.820000e+001	1.520785e-001
1.830000e+001	1.541490e-001
1.840000e+001	1.561719e-001
1.850000e+001	1.581472e-001
1.860000e+001	1.600748e-001
1.870000e+001	1.619551e-001
1.880000e+001	1.637887e-001
1.890000e+001	1.655762e-001
1.900000e+001	1.673186e-001
1.910000e+001	1.690166e-001
1.920000e+001	1.706714e-001
1.930000e+001	1.722840e-001
1.940000e+001	1.738554e-001
1.950000e+001	1.753867e-001
1.960000e+001	1.768790e-001
1.970000e+001	1.783332e-001
1.980000e+001	1.797502e-001
1.990000e+001	1.811311e-001
2.000000e+001	1.824765e-001
2.010000e+001	1.837873e-001
2.020000e+001	1.850642e-001
2.030000e+001	1.863078e-001
2.040000e+001	1.875187e-001
2.050000e+001	1.886975e-001
2.060000e+001	1.898446e-001
2.070000e+001	1.909604e-001
2.080000e+001	1.920454e-001
2.090000e+001	1.931000e-001
2.100000e+001	1.941245e-001
2.110000e+001	1.951193e-001
2.120000e+001	1.960847e-001
2.130000e+001	1.970209e-001
2.140000e+001	1.979283e-001
2.150000e+001	1.988073e-001
2.160000e+001	1.996580e-001
2.170000e+001	2.004807e-001
2.180000e+001	2.012758e-001
2.190000e+001	2.020436e-001
2.200000e+001	2.027842e-001
2.210000e+001	2.034981e-001
2.220000e+001	2.041855e-001
2.230000e+001	2.048467e-001
2.240000e+001	2.054819e-001
2.250000e+001	2.060916e-001
2.260000e+001	2.066759e-001
2.270000e+001	2.072352e-001
2.280000e+001	2.077697e-001
2.290000e+001	2.082798e-001
2.300000e+001	2.087658e-001
2.310000e+001	2.092279e-001
2.320000e+001	2.096665e-001
2.330000e+001	2.100819e-001
2.340000e+001	2.104743e-001
2.350000e+001	2.108441e-001
2.360000e+001	2.111916e-001
2.370000e+001	2.115170e-001
2.380000e+001	2.118207e-001
2.390000e+001	2.121029e-001
2.400000e+001	2.123640e-001
2.410000e+001	2.126042e-001
2.420000e+001	2.128239e-001
2.430000e+001	2.130234e-001
2.440000e+001	2.132029e-001
2.450000e+001	2.133627e-001
2.460000e+001	2.135032e-001
2.470000e+001	2.136246e-001
2.480000e+001	2.137272e-001
2.490000e+001	2.138113e-001
2.500000e+001	2.138772e-001
2.510000e+001	2.139251e-001
2.520000e+001	2.139554e-001
2.530000e+001	2.139684e-001
2.540000e+001	2.139643e-001
2.550000e+001	2.139433e-001
2.560000e+001	2.139059e-001
2.570000e+001	2.138522e-001
2.580000e+001	2.137825e-001
2.590000e+001	2.136971e-001
2.600000e+001	2.135963e-001
2.610000e+001	2.134803e-001
2.620000e+001	2.133493e-001
2.630000e+001	2.132038e-001
2.640000e+001	2.130439e-001
2.650000e+001	2.128698e-001
2.660000e+001	2.126819e-001
2.670000e+001	2.124803e-001
2.680000e+001	2.122654e-001
2.690000e+001	2.120374e-001
2.700000e+001	2.117965e-001
2.710000e+001	2.115430e-001
2.720000e+001	2.112771e-001
2.730000e+001	2.109991e-001
2.740000e+001	2.107091e-001
2.750000e+001	2.104075e-001
2.760000e+001	2.100945e-001
2.770000e+001	2.097702e-001
2.780000e+001	2.094350e-001
2.790000e+001	2.090890e-001
2.800000e+001	2.087325e-001
2.810000e+001	2.083657e-001
2.820000e+001	2.079888e-001
2.830000e+001	2.076020e-001
2.840000e+001	2.072055e-001
2.850000e+001	2.067996e-001
2.860000e+001	2.063844e-001
2.870000e+001	2.059602e-001
2.880000e+001	2.055271e-001
2.890000e+001	2.050854e-001
2.900000e+001	2.046353e-001
2.910000e+001	2.041769e-001
2.920000e+001	2.037105e-001
2.930000e+001	2.032362e-001
2.940000e+001	2.027542e-001
2.950000e+001	2.022647e-001
2.960000e+001	2.017679e-001
2.970000e+001	2.012640e-001
2.980000e+001	2.007531e-001
2.990000e+001	2.002355e-001
3.000000e+001	1.997113e-001
3.010000e+001	1.991806e-001
3.020000e+001	1.986437e-001
3.030000e+001	1.981007e-001
3.040000e+001	1.975517e-001
3.050000e+001	1.969970e-001
3.060000e+001	1.964367e-001
3.070000e+001	1.958709e-001
3.080000e+001	1.952998e-001
3.090000e+001	1.947236e-001
3.100000e+001	1.941424e-001
3.110000e+001	1.935563e-001
3.120000e+001	1.929656e-001
3.130000e+001	1.923702e-001
3.140000e+001	1.917705e-001
3.150000e+001	1.911665e-001
3.160000e+001	1.905583e-001
3.170000e+001	1.899462e-001
3.180000e+001	1.893302e-001
3.190000e+001	1.887104e-001
3.200000e+001	1.880870e-001
3.210000e+001	1.874601e-001
3.220000e+001	1.868299e-001
3.230000e+001	1.861964e-001
3.240000e+001	1.855599e-001
3.250000e+001	1.849203e-001
3.260000e+001	1.842778e-001
3.270000e+001	1.836326e-001
3.280000e+001	1.829847e-001
3.290000e+001	1.823343e-001
3.300000e+001	1.816814e-001
3.310000e+001	1.810262e-001
3.320000e+001	1.803688e-001
3.330000e+001	1.797093e-001
3.340000e+001	1.790477e-001
3.350000e+001	1.783843e-001
3.360000e+001	1.777190e-001
3.370000e+001	1.770520e-001
3.380000e+001	1.763834e-001
3.390000e+001	1.757132e-001
3.400000e+001	1.750416e-001
3.410000e+001	1.743687e-001
3.420000e+001	1.736945e-001
3.430000e+001	1.730191e-001
3.440000e+001	1.723426e-001
3.450000e+001	1.716651e-001
3.460000e+001	1.709867e-001
3.470000e+001	1.703074e-001
3.480000e+001	1.696274e-001
3.490000e+001	1.689467e-001
3.500000e+001	1.682654e-001
3.510000e+001	1.675835e-001
3.520000e+001	1.669012e-001
3.530000e+001	1.662184e-001
3.540000e+001	1.655354e-001
3.550000e+001	1.648521e-001
3.560000e+001	1.641686e-001
3.570000e+001	1.634850e-001
3.580000e+001	1.628013e-001
3.590000e+001	1.621176e-001
3.600000e+001	1.614340e-001
3.610000e+001	1.607505e-001
3.620000e+001	1.600673e-001
3.630000e+001	1.593842e-001
3.640000e+001	1.587015e-001
3.650000e+001	1.580191e-001
3.660000e+001	1.573371e-001
3.670000e+001	1.566557e-001
3.680000e+001	1.559747e-001
3.690000e+001	1.552943e-001
3.700000e+001	1.546145e-001
3.710000e+001	1.539354e-001
3.720000e+001	1.532570e-001
3.730000e+001	1.525794e-001
3.740000e+001	1.519026e-001
3.750000e+001	1.512267e-001
3.760000e+001	1.505516e-001
3.770000e+001	1.498775e-001
3.780000e+001	1.492044e-001
3.790000e+001	1.485324e-001
3.800000e+001	1.478613e-001
3.810000e+001	1.471914e-001
3.820000e+001	1.465227e-001
3.830000e+001	1.458551e-001
3.840000e+001	1.451887e-001
3.850000e+001	1.445236e-001
3.860000e+001	1.438598e-001
3.870000e+001	1.431973e-001
3.880000e+001	1.425361e-001
3.890000e+001	1.418764e-001
3.900000e+001	1.412180e-001
3.910000e+001	1.405611e-001
3.920000e+001	1.399057e-001
3.930000e+001	1.392518e-001
3.940000e+001	1.385994e-001
3.950000e+001	1.379486e-001
3.960000e+001	1.372994e-001
3.970000e+001	1.366518e-001
3.980000e+001	1.360058e-001
3.990000e+001	1.353615e-001
4.000000e+001	1.347189e-001
4.010000e+001	1.340780e-001
4.020000e+001	1.334388e-001
4.030000e+001	1.328014e-001
4.040000e+001	1.321657e-001
4.050000e+001	1.315319e-001
4.060000e+001	1.308999e-001
4.070000e+001	1.302697e-001
4.080000e+001	1.296413e-001
4.090000e+001	1.290149e-001
4.100000e+001	1.283903e-001
4.110000e+001	1.277676e-001
4.120000e+001	1.271469e-001
4.130000e+001	1.265281e-001
4.140000e+001	1.259112e-001
4.150000e+001	1.252964e-001
4.160000e+001	1.246835e-001
4.170000e+001	1.240726e-001
4.180000e+001	1.234637e-001
4.190000e+001	1.228568e-001
4.200000e+001	1.222520e-001
4.210000e+001	1.216492e-001
4.220000e+001	1.210485e-001
4.230000e+001	1.204499e-001
4.240000e+001	1.198533e-001
4.250000e+001	1.192588e-001
4.260000e+001	1.186665e-001
4.270000e+001	1.180762e-001
4.280000e+001	1.174881e-001
4.290000e+001	1.169020e-001
4.300000e+001	1.163182e-001
4.310000e+001	1.157364e-001
4.320000e+001	1.151568e-001
4.330000e+001	1.145794e-001
4.340000e+001	1.140041e-001
4.350000e+001	1.134310e-001
4.360000e+001	1.128601e-001
4.370000e+001	1.122914e-001
4.380000e+001	1.117248e-001
4.390000e+001	1.111605e-001
4.400000e+001	1.105983e-001
4.410000e+001	1.100383e-001
4.420000e+001	1.094806e-001
4.430000e+001	1.089250e-001
4.440000e+001	1.083717e-001
4.450000e+001	1.078206e-001
4.460000e+001	1.072716e-001
4.470000e+001	1.067250e-001
4.480000e+001	1.061805e-001
4.490000e+001	1.056382e-001
4.500000e+001	1.050982e-001
4.510000e+001	1.045604e-001
4.520000e+001	1.040248e-001
4.530000e+001	1.034915e-001
4.540000e+001	1.029604e-001
4.550000e+001	1.024315e-001
4.560000e+001	1.019048e-001
4.570000e+001	1.013804e-001
4.580000e+001	1.008582e-001
4.590000e+001	1.003382e-001
4.600000e+001	9.982048e-002
4.610000e+001	9.930496e-002
4.620000e+001	9.879167e-002
4.630000e+001	9.828061e-002
4.640000e+001	9.777176e-002
4.650000e+001	9.726514e-002
4.660000e+001	9.676073e-002
4.670000e+001	9.625855e-002
4.680000e+001	9.575858e-002
4.690000e+001	9.526082e-002
4.700000e+001	9.476527e-002
4.710000e+001	9.427193e-002
4.720000e+001	9.378080e-002
4.730000e+001	9.329187e-002
4.740000e+001	9.280513e-002
4.750000e+001	9.232059e-002
4.760000e+001	9.183825e-002
4.770000e+001	9.135809e-002
4.780000e+001	9.088012e-002
4.790000e+001	9.040433e-002
4.800000e+001	8.993071e-002
4.810000e+001	8.945927e-002
4.820000e+001	8.899000e-002
4.830000e+001	8.852289e-002
4.840000e+001	8.805795e-002
4.850000e+001	8.759516e-002
4.860000e+001	8.713452e-002
4.870000e+001	8.667602e-002
4.880000e+001	8.621967e-002
4.890000e+001	8.576545e-002
4.900000e+001	8.531337e-002
4.910000e+001	8.486341e-002
4.920000e+001	8.441557e-002
4.930000e+001	8.396985e-002
4.940000e+001	8.352624e-002
4.950000e+001	8.308474e-002
4.960000e+001	8.264533e-002
4.970000e+001	8.220802e-002
4.980000e+001	8.177279e-002
4.990000e+001	8.133965e-002
5.000000e+001	8.090858e-002
5.010000e+001	8.047958e-002
5.020000e+001	8.005265e-002
5.030000e+001	7.962778e-002
5.040000e+001	7.920495e-002
5.050000e+001	7.878418e-002
5.060000e+001	7.836544e-002
5.070000e+001	7.794874e-002
5.080000e+001	7.753406e-002
5.090000e+001	7.712141e-002
5.100000e+001	7.671076e-002
5.110000e+001	7.630213e-002
5.120000e+001	7.589550e-002
5.130000e+001	7.549086e-002
5.140000e+001	7.508821e-002
5.150000e+001	7.468754e-002
5.160000e+001	7.428884e-002
5.170000e+001	7.389211e-002
5.180000e+001	7.349734e-002
5.190000e+001	7.310453e-002
5.200000e+001	7.271366e-002
5.210000e+001	7.232473e-002
5.220000e+001	7.193774e-002
5.230000e+001	7.155267e-002
5.240000e+001	7.116952e-002
5.250000e+001	7.078828e-002
5.260000e+001	7.040895e-002
5.270000e+001	7.003151e-002
5.280000e+001	6.965597e-002
5.290000e+001	6.928231e-002
5.300000e+001	6.891053e-002
5.310000e+001	6.854061e-002
5.320000e+001	6.817256e-002
5.330000e+001	6.780636e-002
5.340000e+001	6.744201e-002
5.350000e+001	6.707950e-002
5.360000e+001	6.671882e-002
5.370000e+001	6.635997e-002
5.380000e+001	6.600294e-002
5.390000e+001	6.564772e-002
5.400000e+001	6.529430e-002
5.410000e+001	6.494268e-002
5.420000e+001	6.459285e-002
5.430000e+001	6.424480e-002
5.440000e+001	6.389853e-002
5.450000e+001	6.355402e-002
5.460000e+001	6.321127e-002
5.470000e+001	6.287028e-002
5.480000e+001	6.253103e-002
5.490000e+001	6.219352e-002
5.500000e+001	6.185774e-002
5.510000e+001	6.152369e-002
5.520000e+001	6.119135e-002
5.530000e+001	6.086072e-002
5.540000e+001	6.053179e-002
5.550000e+001	6.020455e-002
5.560000e+001	5.987900e-002
5.570000e+001	5.955513e-002
5.580000e+001	5.923293e-002
5.590000e+001	5.891240e-002
5.600000e+001	5.859353e-002
5.610000e+001	5.827630e-002
5.620000e+001	5.796072e-002
5.630000e+001	5.764677e-002
5.640000e+001	5.733445e-002
5.650000e+001	5.702376e-002
5.660000e+001	5.671467e-002
5.670000e+001	5.640720e-002
5.680000e+001	5.610132e-002
5.690000e+001	5.579703e-002
5.700000e+001	5.549433e-002
5.710000e+001	5.519321e-002
5.720000e+001	5.489366e-002
5.730000e+001	5.459567e-002
5.740000e+001	5.429923e-002
5.750000e+001	5.400435e-002
5.760000e+001	5.371101e-002
5.770000e+001	5.341920e-002
5.780000e+001	5.312892e-002
5.790000e+001	5.284016e-002
5.800000e+001	5.255292e-002
5.810000e+001	5.226718e-002
5.820000e+001	5.198294e-002
5.830000e+001	5.170019e-002
5.840000e+001	5.141893e-002
5.850000e+001	5.113914e-002
5.860000e+001	5.086083e-002
5.870000e+001	5.058398e-002
5.880000e+001	5.030859e-002
5.890000e+001	5.003465e-002
5.900000e+001	4.976215e-002
5.910000e+001	4.949109e-002
5.920000e+001	4.922146e-002
5.930000e+001	4.895325e-002
5.940000e+001	4.868646e-002
5.950000e+001	4.842108e-002
5.960000e+001	4.815710e-002
5.970000e+001	4.789452e-002
5.980000e+001	4.763332e-002
5.990000e+001	4.737351e-002
6.000000e+001	4.711508e-002
6.010000e+001	4.685801e-002
6.020000e+001	4.660230e-002
6.030000e+001	4.634796e-002
6.040000e+001	4.609496e-002
6.050000e+001	4.584330e-002
6.060000e+001	4.559298e-002
6.070000e+001	4.534399e-002
6.080000e+001	4.509632e-002
6.090000e+001	4.484996e-002
6.100000e+001	4.460492e-002
6.110000e+001	4.436118e-002
6.120000e+001	4.411874e-002
6.130000e+001	4.387759e-002
6.140000e+001	4.363772e-002
6.150000e+001	4.339913e-002
6.160000e+001	4.316181e-002
6.170000e+001	4.292576e-002
6.180000e+001	4.269096e-002
6.190000e+001	4.245742e-002
6.200000e+001	4.222513e-002
6.210000e+001	4.199407e-002
6.220000e+001	4.176425e-002
6.230000e+001	4.153565e-002
6.240000e+001	4.130828e-002
6.250000e+001	4.108213e-002
6.260000e+001	4.085718e-002
6.270000e+001	4.063343e-002
6.280000e+001	4.041089e-002
6.290000e+001	4.018953e-002
6.300000e+001	3.996936e-002
6.310000e+001	3.975037e-002
6.320000e+001	3.953255e-002
6.330000e+001	3.931590e-002
6.340000e+001	3.910041e-002
6.350000e+001	3.888607e-002
6.360000e+001	3.867289e-002
6.370000e+001	3.846084e-002
6.380000e+001	3.824994e-002
6.390000e+001	3.804017e-002
6.400000e+001	3.783152e-002
6.410000e+001	3.762400e-002
6.420000e+001	3.741759e-002
6.430000e+001	3.721229e-002
6.440000e+001	3.700809e-002
6.450000e+001	3.680499e-002
6.460000e+001	3.660298e-002
6.470000e+001	3.640206e-002
6.480000e+001	3.620222e-002
6.490000e+001	3.600346e-002
6.500000e+001	3.580576e-002
6.510000e+001	3.560913e-002
6.520000e+001	3.541356e-002
6.530000e+001	3.521904e-002
6.540000e+001	3.502558e-002
6.550000e+001	3.483315e-002
6.560000e+001	3.464176e-002
6.570000e+001	3.445140e-002
6.580000e+001	3.426207e-002
6.590000e+001	3.407376e-002
6.600000e+001	3.388647e-002
6.610000e+001	3.370018e-002
6.620000e+001	3.351491e-002
6.630000e+001	3.333063e-002
6.640000e+001	3.314735e-002
6.650000e+001	3.296505e-002
6.660000e+001	3.278375e-002
6.670000e+001	3.260342e-002
6.680000e+001	3.242406e-002
6.690000e+001	3.224568e-002
6.700000e+001	3.206826e-002
6.710000e+001	3.189180e-002
6.720000e+001	3.171629e-002
6.730000e+001	3.154174e-002
6.740000e+001	3.136813e-002
6.750000e+001	3.119545e-002
6.760000e+001	3.102372e-002
6.770000e+001	3.085291e-002
6.780000e+001	3.068302e-002
6.790000e+001	3.051406e-002
6.800000e+001	3.034601e-002
6.810000e+001	3.017887e-002
6.820000e+001	3.001264e-002
6.830000e+001	2.984731e-002
6.840000e+001	2.968287e-002
6.850000e+001	2.951933e-002
6.860000e+001	2.935667e-002
6.870000e+001	2.919490e-002
6.880000e+001	2.903400e-002
6.890000e+001	2.887398e-002
6.900000e+001	2.871482e-002
6.910000e+001	2.855653e-002
6.920000e+001	2.839909e-002
6.930000e+001	2.824251e-002
6.940000e+001	2.808678e-002
6.950000e+001	2.793190e-002
6.960000e+001	2.777786e-002
6.970000e+001	2.762465e-002
6.980000e+001	2.747228e-002
6.990000e+001	2.732073e-002
7.000000e+001	2.717001e-002
7.010000e+001	2.702011e-002
7.020000e+001	2.687102e-002
7.030000e+001	2.672274e-002
7.040000e+001	2.657527e-002
7.050000e+001	2.642860e-002
7.060000e+001	2.628273e-002
7.070000e+001	2.613765e-002
7.080000e+001	2.599336e-002
7.090000e+001	2.584985e-002
7.100000e+001	2.570713e-002
7.110000e+001	2.556518e-002
7.120000e+001	2.542401e-002
7.130000e+001	2.528360e-002
7.140000e+001	2.514396e-002
7.150000e+001	2.500508e-002
7.160000e+001	2.486696e-002
7.170000e+001	2.472959e-002
7.180000e+001	2.459296e-002
7.190000e+001	2.445708e-002
7.200000e+001	2.432194e-002
7.210000e+001	2.418754e-002
7.220000e+001	2.405387e-002
7.230000e+001	2.392093e-002
7.240000e+001	2.378871e-002
7.250000e+001	2.365722e-002
7.260000e+001	2.352644e-002
7.270000e+001	2.339638e-002
7.280000e+001	2.326702e-002
7.290000e+001	2.313837e-002
7.300000e+001	2.301042e-002
7.310000e+001	2.288317e-002
7.320000e+001	2.275661e-002
7.330000e+001	2.263075e-002
7.340000e+001	2.250557e-002
7.350000e+001	2.238108e-002
7.360000e+001	2.225726e-002
7.370000e+001	2.213412e-002
7.380000e+001	2.201165e-002
7.390000e+001	2.188986e-002
7.400000e+001	2.176872e-002
7.410000e+001	2.164825e-002
7.420000e+001	2.152844e-002
7.430000e+001	2.140928e-002
7.440000e+001	2.129077e-002
7.450000e+001	2.117291e-002
7.460000e+001	2.105570e-002
7.470000e+001	2.093912e-002
7.480000e+001	2.082319e-002
7.490000e+001	2.070788e-002
7.500000e+001	2.059321e-002
7.510000e+001	2.047916e-002
7.520000e+001	2.036574e-002
7.530000e+001	2.025294e-002
7.540000e+001	2.014075e-002
7.550000e+001	2.002918e-002
7.560000e+001	1.991822e-002
7.570000e+001	1.980787e-002
7.580000e+001	1.969812e-002
7.590000e+001	1.958897e-002
7.600000e+001	1.948041e-002
7.610000e+001	1.937246e-002
7.620000e+001	1.926509e-002
7.630000e+001	1.915831e-002
7.640000e+001	1.905212e-002
7.650000e+001	1.894650e-002
7.660000e+001	1.884147e-002
7.670000e+001	1.873701e-002
7.680000e+001	1.863312e-002
7.690000e+001	1.852981e-002
7.700000e+001	1.842706e-002
7.710000e+001	1.832487e-002
7.720000e+001	1.822324e-002
7.730000e+001	1.812217e-002
7.740000e+001	1.802165e-002
7.750000e+001	1.792168e-002
7.760000e+001	1.782226e-002
7.770000e+001	1.772339e-002
7.780000e+001	1.762506e-002
7.790000e+001	1.752726e-002
7.800000e+001	1.743001e-002
7.810000e+001	1.733328e-002
7.820000e+001	1.723709e-002
7.830000e+001	1.714143e-002
7.840000e+001	1.704629e-002
7.850000e+001	1.695167e-002
7.860000e+001	1.685757e-002
7.870000e+001	1.676399e-002
7.880000e+001	1.667092e-002
7.890000e+001	1.657836e-002
7.900000e+001	1.648631e-002
7.910000e+001	1.639477e-002
7.920000e+001	1.630372e-002
7.930000e+001	1.621318e-002
7.940000e+001	1.612314e-002
7.950000e+001	1.603358e-002
7.960000e+001	1.594452e-002
7.970000e+001	1.585595e-002
7.980000e+001	1.576787e-002
7.990000e+001	1.568027e-002
8.000000e+001	1.559315e-002
8.010000e+001	1.550651e-002
8.020000e+001	1.542035e-002
8.030000e+001	1.533466e-002
8.040000e+001	1.524944e-002
8.050000e+001	1.516469e-002
8.060000e+001	1.508040e-002
8.070000e+001	1.499658e-002
8.080000e+001	1.491322e-002
8.090000e+001	1.483031e-002
8.100000e+001	1.474787e-002
8.110000e+001	1.466587e-002
8.120000e+001	1.458433e-002
8.130000e+001	1.450324e-002
8.140000e+001	1.442259e-002
8.150000e+001	1.434238e-002
8.160000e+001	1.426262e-002
8.170000e+001	1.418329e-002
8.180000e+001	1.410440e-002
8.190000e+001	1.402595e-002
8.200000e+001	1.394792e-002
8.210000e+001	1.387033e-002
8.220000e+001	1.379316e-002
8.230000e+001	1.371642e-002
8.240000e+001	1.364010e-002
8.250000e+001	1.356420e-002
8.260000e+001	1.348872e-002
8.270000e+001	1.341365e-002
8.280000e+001	1.333900e-002
8.290000e+001	1.326476e-002
8.300000e+001	1.319093e-002
8.310000e+001	1.311750e-002
8.320000e+001	1.304448e-002
8.330000e+001	1.297186e-002
8.340000e+001	1.289964e-002
8.350000e+001	1.282782e-002
8.360000e+001	1.275639e-002
8.370000e+001	1.268536e-002
8.380000e+001	1.261472e-002
8.390000e+001	1.254446e-002
8.400000e+001	1.247460e-002
8.410000e+001	1.240512e-002
8.420000e+001	1.233602e-002
8.430000e+001	1.226730e-002
8.440000e+001	1.219897e-002
8.450000e+001	1.213101e-002
8.460000e+001	1.206342e-002
8.470000e+001	1.199621e-002
8.480000e+001	1.192936e-002
8.490000e+001	1.186289e-002
8.500000e+001	1.179678e-002
8.510000e+001	1.173104e-002
8.520000e+001	1.166566e-002
8.530000e+001	1.160064e-002
8.540000e+001	1.153598e-002
8.550000e+001	1.147167e-002
8.560000e+001	1.140772e-002
8.570000e+001	1.134413e-002
8.580000e+001	1.128088e-002
8.590000e+001	1.121798e-002
8.600000e+001	1.115544e-002
8.610000e+001	1.109323e-002
8.620000e+001	1.103137e-002
8.630000e+001	1.096985e-002
8.640000e+001	1.090867e-002
8.650000e+001	1.084783e-002
8.660000e+001	1.078732e-002
8.670000e+001	1.072715e-002
8.680000e+001	1.066731e-002
8.690000e+001	1.060780e-002
8.700000e+001	1.054862e-002
8.710000e+001	1.048976e-002
8.720000e+001	1.043124e-002
8.730000e+001	1.037303e-002
8.740000e+001	1.031515e-002
8.750000e+001	1.025758e-002
8.760000e+001	1.020034e-002
8.770000e+001	1.014341e-002
8.780000e+001	1.008679e-002
8.790000e+001	1.003049e-002
8.800000e+001	9.974496e-003
8.810000e+001	9.918814e-003
8.820000e+001	9.863440e-003
8.830000e+001	9.808372e-003
8.840000e+001	9.753609e-003
8.850000e+001	9.699148e-003
8.860000e+001	9.644988e-003
8.870000e+001	9.591128e-003
8.880000e+001	9.537565e-003
8.890000e+001	9.484299e-003
8.900000e+001	9.431327e-003
8.910000e+001	9.378649e-003
8.920000e+001	9.326261e-003
8.930000e+001	9.274164e-003
8.940000e+001	9.222354e-003
8.950000e+001	9.170831e-003
8.960000e+001	9.119594e-003
8.970000e+001	9.068639e-003
8.980000e+001	9.017967e-003
8.990000e+001	8.967575e-003
9.000000e+001	8.917462e-003
9.010000e+001	8.867627e-003
9.020000e+001	8.818067e-003
9.030000e+001	8.768781e-003
9.040000e+001	8.719768e-003
9.050000e+001	8.671027e-003
9.060000e+001	8.622556e-003
9.070000e+001	8.574352e-003
9.080000e+001	8.526416e-003
9.090000e+001	8.478745e-003
9.100000e+001	8.431338e-003
9.110000e+001	8.384194e-003
9.120000e+001	8.337311e-003
9.130000e+001	8.290687e-003
9.140000e+001	8.244322e-003
9.150000e+001	8.198214e-003
9.160000e+001	8.152361e-003
9.170000e+001	8.106762e-003
9.180000e+001	8.061415e-003
9.190000e+001	8.016320e-003
9.200000e+001	7.971475e-003
9.210000e+001	7.926878e-003
9.220000e+001	7.882529e-003
9.230000e+001	7.838425e-003
9.240000e+001	7.794566e-003
9.250000e+001	7.750949e-003
9.260000e+001	7.707575e-003
9.270000e+001	7.664441e-003
9.280000e+001	7.621546e-003
9.290000e+001	7.578889e-003
9.300000e+001	7.536469e-003
9.310000e+001	7.494284e-003
9.320000e+001	7.452332e-003
9.330000e+001	7.410614e-003
9.340000e+001	7.369126e-003
9.350000e+001	7.327869e-003
9.360000e+001	7.286841e-003
9.370000e+001	7.246040e-003
9.380000e+001	7.205466e-003
9.390000e+001	7.165116e-003
9.400000e+001	7.124991e-003
9.410000e+001	7.085088e-003
9.420000e+001	7.045407e-003
9.430000e+001	7.005946e-003
9.440000e+001	6.966704e-003
9.450000e+001	6.927679e-003
9.460000e+001	6.888872e-003
9.470000e+001	6.850279e-003
9.480000e+001	6.811901e-003
9.490000e+001	6.773736e-003
9.500000e+001	6.735783e-003
9.510000e+001	6.698040e-003
9.520000e+001	6.660507e-003
9.530000e+001	6.623183e-003
9.540000e+001	6.586066e-003
9.550000e+001	6.549155e-003
9.560000e+001	6.512448e-003
9.570000e+001	6.475946e-003
9.580000e+001	6.439647e-003
9.590000e+001	6.403549e-003
9.600000e+001	6.367652e-003
9.610000e+001	6.331954e-003
9.620000e+001	6.296454e-003
9.630000e+001	6.261152e-003
9.640000e+001	6.226045e-003
9.650000e+001	6.191134e-003
9.660000e+001	6.156417e-003
9.670000e+001	6.121893e-003
9.680000e+001	6.087561e-003
9.690000e+001	6.053419e-003
9.700000e+001	6.019468e-003
9.710000e+001	5.985705e-003
9.720000e+001	5.952129e-003
9.730000e+001	5.918741e-003
9.740000e+001	5.885538e-003
9.750000e+001	5.852519e-003
9.760000e+001	5.819685e-003
9.770000e+001	5.787032e-003
9.780000e+001	5.754562e-003
9.790000e+001	5.722272e-003
9.800000e+001	5.690161e-003
9.810000e+001	5.658230e-003
9.820000e+001	5.626475e-003
9.830000e+001	5.594898e-003
9.840000e+001	5.563496e-003
9.850000e+001	5.532269e-003
9.860000e+001	5.501215e-003
9.870000e+001	5.470335e-003
9.880000e+001	5.439626e-003
9.890000e+001	5.409088e-003
9.900000e+001	5.378720e-003
9.910000e+001	5.348521e-003
9.920000e+001	5.318490e-003
9.930000e+001	5.288626e-003
9.940000e+001	5.258929e-003
9.950000e+001	5.229396e-003
9.960000e+001	5.200029e-003
9.970000e+001	5.170824e-003
9.980000e+001	5.141783e-003
9.990000e+001	5.112903e-003
1.000000e+002	5.084183e-003
