TIME          	MC CONC       	STS CONC      	HTS CONC      	SED CONC      	ADV dm/dt     	DISP dm/dt    	DECAY dm/dt   	SORPTION dm/dt	STORAGE dm/dt 	MC dm/dt      	STS dm/dt     	HTS dm/dt     
(hr)          	mg/L          	mg/L          	mg/L          	mg/L          	(mg/L)·(m²/s)  	(mg/L)·(m²/s)  	(mg/L)·(m²/s)  	(mg/L)·(m²/s)  	(mg/L)·(m²/s)  	(mg/L)·(m²/s)  	(mg/L)·(m²/s)  	(mg/L)·(m²/s)  
0.000000e+000	0.000000e+000	0.000000e+000	0.000000e+000	0.000000e+000	0.000000e+000	0.000000e+000	0.000000e+000	0.000000e+000	0.000000e+000	0.000000e+000	0.000000e+000	       NaN
1.000000e-001	0.000000e+000	0.000000e+000	0.000000e+000	1.000000e+000	0.000000e+000	0.000000e+000	0.000000e+000	0.000000e+000	0.000000e+000	0.000000e+000	0.000000e+000	       NaN
2.000000e-001	0.000000e+000	0.000000e+000	0.000000e+000	1.000000e+000	0.000000e+000	0.000000e+000	0.000000e+000	0.000000e+000	0.000000e+000	0.000000e+000	0.000000e+000	       NaN
3.000000e-001	0.000000e+000	0.000000e+000	0.000000e+000	1.000000e+000	0.000000e+000	0.000000e+000	0.000000e+000	0.000000e+000	0.000000e+000	0.000000e+000	0.000000e+000	       NaN
4.000000e-001	0.000000e+000	0.000000e+000	0.000000e+000	1.000000e+000	0.000000e+000	0.000000e+000	0.000000e+000	0.000000e+000	0.000000e+000	0.000000e+000	0.000000e+000	       NaN
5.000000e-001	9.983889e-047	4.960249e-049	0.000000e+000	1.000000e+000	2.526324e-048	1.226771e-048	0.000000e+000	0.000000e+000	-5.440480e-051	3.747654e-048	5.440480e-051	       NaN
6.000000e-001	3.968287e-034	2.981564e-036	0.000000e+000	1.000000e+000	5.945962e-036	3.047635e-036	0.000000e+000	0.000000e+000	-2.156891e-038	8.972028e-036	2.156891e-038	       NaN
7.000000e-001	1.901855e-026	2.034026e-028	0.000000e+000	1.000000e+000	1.586514e-028	9.621457e-029	0.000000e+000	0.000000e+000	-1.030405e-030	2.538356e-028	1.030405e-030	       NaN
8.000000e-001	4.098282e-021	5.888464e-023	0.000000e+000	1.000000e+000	1.511829e-023	1.438882e-023	0.000000e+000	0.000000e+000	-2.212163e-025	2.928590e-023	2.212163e-025	       NaN
9.000000e-001	3.859169e-017	7.131763e-019	0.000000e+000	1.000000e+000	3.497212e-021	9.771312e-020	0.000000e+000	0.000000e+000	-2.074405e-021	9.913593e-020	2.074405e-021	       NaN
1.000000e+000	4.781291e-014	1.102073e-015	0.000000e+000	1.000000e+000	-1.396201e-016	8.953005e-017	0.000000e+000	0.000000e+000	-2.558104e-018	-5.264816e-017	2.558104e-018	       NaN
1.100000e+000	1.430695e-011	4.026153e-013	0.000000e+000	1.000000e+000	-7.989007e-014	2.011131e-014	0.000000e+000	0.000000e+000	-7.614665e-016	-6.054023e-014	7.614665e-016	       NaN
1.200000e+000	1.492891e-009	5.053765e-011	0.000000e+000	1.000000e+000	-1.199215e-011	1.586816e-012	0.000000e+000	0.000000e+000	-7.899001e-014	-1.048432e-011	7.899001e-014	       NaN
1.300000e+000	6.895054e-008	2.779653e-009	0.000000e+000	1.000000e+000	-7.131910e-010	5.546635e-011	0.000000e+000	0.000000e+000	-3.623827e-012	-6.613485e-010	3.623827e-012	       NaN
1.400000e+000	1.659860e-006	7.917149e-008	0.000000e+000	1.000000e+000	-2.085331e-008	1.005687e-009	0.000000e+000	0.000000e+000	-8.656587e-011	-1.993419e-008	8.656587e-011	       NaN
1.500000e+000	2.341333e-005	1.316521e-006	0.000000e+000	1.000000e+000	-3.446966e-007	1.057187e-008	0.000000e+000	0.000000e+000	-1.210125e-009	-3.353348e-007	1.210125e-009	       NaN
1.600000e+000	2.110771e-004	1.397462e-005	0.000000e+000	1.000000e+000	-3.554400e-006	6.982487e-008	0.000000e+000	0.000000e+000	-1.079425e-008	-3.495369e-006	1.079425e-008	       NaN
1.700000e+000	1.299888e-003	1.014184e-004	0.000000e+000	1.000000e+000	-2.460107e-005	3.072437e-007	0.000000e+000	0.000000e+000	-6.563382e-008	-2.435946e-005	6.563382e-008	       NaN
1.800000e+000	5.763495e-003	5.313565e-004	0.000000e+000	1.000000e+000	-1.209436e-004	9.393040e-007	0.000000e+000	0.000000e+000	-2.865364e-007	-1.202909e-004	2.865364e-007	       NaN
1.900000e+000	1.920524e-002	2.101171e-003	0.000000e+000	1.000000e+000	-4.419457e-004	2.051391e-006	0.000000e+000	0.000000e+000	-9.366987e-007	-4.408310e-004	9.366987e-007	       NaN
2.000000e+000	4.988274e-002	6.511207e-003	0.000000e+000	1.000000e+000	-1.246701e-003	3.243087e-006	0.000000e+000	0.000000e+000	-2.375228e-006	-1.245833e-003	2.375228e-006	       NaN
2.100000e+000	1.043585e-001	1.634187e-002	0.000000e+000	1.000000e+000	-2.806734e-003	3.699655e-006	0.000000e+000	0.000000e+000	-4.820201e-006	-2.807854e-003	4.820201e-006	       NaN
2.200000e+000	1.817138e-001	3.424484e-002	0.000000e+000	1.000000e+000	-5.205397e-003	3.075634e-006	0.000000e+000	0.000000e+000	-8.076091e-006	-5.210397e-003	8.076091e-006	       NaN
2.300000e+000	2.743028e-001	6.179121e-002	0.000000e+000	1.000000e+000	-8.244151e-003	2.727447e-006	0.000000e+000	0.000000e+000	-1.163813e-005	-8.253062e-003	1.163813e-005	       NaN
2.400000e+000	3.835042e-001	9.960754e-002	0.000000e+000	1.000000e+000	-1.176629e-002	6.379950e-006	0.000000e+000	0.000000e+000	-1.554751e-005	-1.177546e-002	1.554751e-005	       NaN
2.500000e+000	5.511854e-001	1.509532e-001	0.000000e+000	1.000000e+000	-1.656134e-002	1.874963e-005	0.000000e+000	0.000000e+000	-2.191859e-005	-1.656450e-002	2.191859e-005	       NaN
2.600000e+000	8.874558e-001	2.293854e-001	0.000000e+000	1.000000e+000	-2.549366e-002	4.040368e-005	0.000000e+000	0.000000e+000	-3.603901e-005	-2.548930e-002	3.603901e-005	       NaN
2.700000e+000	1.550914e+000	3.663887e-001	0.000000e+000	1.000000e+000	-4.361747e-002	6.201008e-005	0.000000e+000	0.000000e+000	-6.487013e-005	-4.362033e-002	6.487013e-005	       NaN
2.800000e+000	2.654676e+000	6.096346e-001	0.000000e+000	1.000000e+000	-7.588865e-002	6.768240e-005	0.000000e+000	0.000000e+000	-1.119960e-004	-7.593296e-002	1.119960e-004	       NaN
2.900000e+000	4.154245e+000	1.005600e+000	0.000000e+000	1.000000e+000	-1.231724e-001	4.949182e-005	0.000000e+000	0.000000e+000	-1.724345e-004	-1.232954e-001	1.724345e-004	       NaN
3.000000e+000	5.830714e+000	1.574466e+000	0.000000e+000	1.000000e+000	-1.800426e-001	1.740791e-005	0.000000e+000	0.000000e+000	-2.330921e-004	-1.802583e-001	2.330921e-004	       NaN
3.100000e+000	7.407238e+000	2.296343e+000	0.000000e+000	1.000000e+000	-2.371512e-001	-9.279745e-006	0.000000e+000	0.000000e+000	-2.798965e-004	-2.374404e-001	2.798965e-004	       NaN
3.200000e+000	8.699328e+000	3.120151e+000	0.000000e+000	1.000000e+000	-2.864534e-001	-1.927864e-005	0.000000e+000	0.000000e+000	-3.055418e-004	-2.867783e-001	3.055418e-004	       NaN
3.300000e+000	9.674500e+000	3.986977e+000	0.000000e+000	1.000000e+000	-3.247710e-001	-1.559920e-005	0.000000e+000	0.000000e+000	-3.114753e-004	-3.250981e-001	3.114753e-004	       NaN
3.400000e+000	1.040337e+001	4.850138e+000	0.000000e+000	1.000000e+000	-3.534149e-001	-7.690674e-006	0.000000e+000	0.000000e+000	-3.041207e-004	-3.537267e-001	3.041207e-004	       NaN
3.500000e+000	1.097786e+001	5.682007e+000	0.000000e+000	1.000000e+000	-3.755070e-001	-1.914101e-006	0.000000e+000	0.000000e+000	-2.900255e-004	-3.757989e-001	2.900255e-004	       NaN
3.600000e+000	1.146407e+001	6.470315e+000	0.000000e+000	1.000000e+000	-3.937547e-001	7.328567e-007	0.000000e+000	0.000000e+000	-2.734811e-004	-3.940274e-001	2.734811e-004	       NaN
3.700000e+000	1.189751e+001	7.211596e+000	0.000000e+000	1.000000e+000	-4.097698e-001	1.626977e-006	0.000000e+000	0.000000e+000	-2.566226e-004	-4.100248e-001	2.566226e-004	       NaN
3.800000e+000	1.229487e+001	7.906404e+000	0.000000e+000	1.000000e+000	-4.243416e-001	1.781490e-006	0.000000e+000	0.000000e+000	-2.403332e-004	-4.245802e-001	2.403332e-004	       NaN
3.900000e+000	1.266289e+001	8.556793e+000	0.000000e+000	1.000000e+000	-4.378146e-001	1.485633e-006	0.000000e+000	0.000000e+000	-2.248690e-004	-4.380380e-001	2.248690e-004	       NaN
4.000000e+000	1.300264e+001	9.165027e+000	0.000000e+000	1.000000e+000	-4.502878e-001	1.005934e-006	0.000000e+000	0.000000e+000	-2.101656e-004	-4.504970e-001	2.101656e-004	       NaN
4.100000e+000	1.331344e+001	9.733026e+000	0.000000e+000	1.000000e+000	-4.617468e-001	7.248504e-007	0.000000e+000	0.000000e+000	-1.960804e-004	-4.619422e-001	1.960804e-004	       NaN
4.200000e+000	1.359608e+001	1.026243e+001	0.000000e+000	1.000000e+000	-4.721930e-001	7.144030e-007	0.000000e+000	0.000000e+000	-1.825666e-004	-4.723749e-001	1.825666e-004	       NaN
4.300000e+000	1.385278e+001	1.075486e+001	0.000000e+000	1.000000e+000	-4.816906e-001	6.743109e-007	0.000000e+000	0.000000e+000	-1.696564e-004	-4.818596e-001	1.696564e-004	       NaN
4.400000e+000	1.408496e+001	1.121203e+001	0.000000e+000	1.000000e+000	-4.903068e-001	4.364575e-007	0.000000e+000	0.000000e+000	-1.573351e-004	-4.904637e-001	1.573351e-004	       NaN
4.500000e+000	1.429286e+001	1.163547e+001	0.000000e+000	1.000000e+000	-4.980611e-001	3.079640e-007	0.000000e+000	0.000000e+000	-1.455310e-004	-4.982063e-001	1.455310e-004	       NaN
4.600000e+000	1.447843e+001	1.202663e+001	0.000000e+000	1.000000e+000	-5.049869e-001	7.445141e-007	0.000000e+000	0.000000e+000	-1.342721e-004	-5.051205e-001	1.342721e-004	       NaN
4.700000e+000	1.464801e+001	1.238732e+001	0.000000e+000	1.000000e+000	-5.112431e-001	1.732226e-006	0.000000e+000	0.000000e+000	-1.238060e-004	-5.113652e-001	1.238060e-004	       NaN
4.800000e+000	1.481070e+001	1.272027e+001	0.000000e+000	1.000000e+000	-5.171229e-001	2.660628e-006	0.000000e+000	0.000000e+000	-1.144821e-004	-5.172348e-001	1.144821e-004	       NaN
4.900000e+000	1.497303e+001	1.302896e+001	0.000000e+000	1.000000e+000	-5.229069e-001	2.896856e-006	0.000000e+000	0.000000e+000	-1.064660e-004	-5.230104e-001	1.064660e-004	       NaN
5.000000e+000	1.513505e+001	1.331689e+001	0.000000e+000	1.000000e+000	-5.286908e-001	2.374317e-006	0.000000e+000	0.000000e+000	-9.957119e-005	-5.287880e-001	9.957119e-005	       NaN
5.100000e+000	1.529137e+001	1.358660e+001	0.000000e+000	1.000000e+000	-5.343513e-001	1.528579e-006	0.000000e+000	0.000000e+000	-9.336096e-005	-5.344431e-001	9.336096e-005	       NaN
5.200000e+000	1.543518e+001	1.383937e+001	0.000000e+000	1.000000e+000	-5.396579e-001	8.169675e-007	0.000000e+000	0.000000e+000	-8.739391e-005	-5.397444e-001	8.739391e-005	       NaN
5.300000e+000	1.556181e+001	1.407545e+001	0.000000e+000	1.000000e+000	-5.444127e-001	4.445025e-007	0.000000e+000	0.000000e+000	-8.140013e-005	-5.444936e-001	8.140013e-005	       NaN
5.400000e+000	1.566992e+001	1.429463e+001	0.000000e+000	1.000000e+000	-5.485239e-001	4.034405e-007	0.000000e+000	0.000000e+000	-7.531741e-005	-5.485988e-001	7.531741e-005	       NaN
5.500000e+000	1.576099e+001	1.449677e+001	0.000000e+000	1.000000e+000	-5.520084e-001	5.686204e-007	0.000000e+000	0.000000e+000	-6.923465e-005	-5.520771e-001	6.923465e-005	       NaN
5.600000e+000	1.583791e+001	1.468207e+001	0.000000e+000	1.000000e+000	-5.549530e-001	7.793287e-007	0.000000e+000	0.000000e+000	-6.329937e-005	-5.550155e-001	6.329937e-005	       NaN
5.700000e+000	1.590361e+001	1.485112e+001	0.000000e+000	1.000000e+000	-5.574627e-001	9.567780e-007	0.000000e+000	0.000000e+000	-5.763911e-005	-5.575194e-001	5.763911e-005	       NaN
5.800000e+000	1.596058e+001	1.500484e+001	0.000000e+000	1.000000e+000	-5.596295e-001	1.161406e-006	0.000000e+000	0.000000e+000	-5.234095e-005	-5.596807e-001	5.234095e-005	       NaN
5.900000e+000	1.601142e+001	1.514433e+001	0.000000e+000	1.000000e+000	-5.615400e-001	1.492536e-006	0.000000e+000	0.000000e+000	-4.748602e-005	-5.615860e-001	4.748602e-005	       NaN
6.000000e+000	1.605942e+001	1.527098e+001	0.000000e+000	1.000000e+000	-5.632990e-001	1.928828e-006	0.000000e+000	0.000000e+000	-4.317848e-005	-5.633403e-001	4.317848e-005	       NaN
6.100000e+000	1.610801e+001	1.538647e+001	0.000000e+000	1.000000e+000	-5.650282e-001	2.292106e-006	0.000000e+000	0.000000e+000	-3.951476e-005	-5.650654e-001	3.951476e-005	       NaN
6.200000e+000	1.615933e+001	1.549265e+001	0.000000e+000	1.000000e+000	-5.668246e-001	2.410526e-006	0.000000e+000	0.000000e+000	-3.651044e-005	-5.668587e-001	3.651044e-005	       NaN
6.300000e+000	1.621333e+001	1.559124e+001	0.000000e+000	1.000000e+000	-5.687168e-001	2.332183e-006	0.000000e+000	0.000000e+000	-3.406861e-005	-5.687486e-001	3.406861e-005	       NaN
6.400000e+000	1.626869e+001	1.568361e+001	0.000000e+000	1.000000e+000	-5.706720e-001	2.219749e-006	0.000000e+000	0.000000e+000	-3.204181e-005	-5.707018e-001	3.204181e-005	       NaN
6.500000e+000	1.632342e+001	1.577072e+001	0.000000e+000	1.000000e+000	-5.726352e-001	1.662267e-006	0.000000e+000	0.000000e+000	-3.026841e-005	-5.726638e-001	3.026841e-005	       NaN
6.600000e+000	1.636888e+001	1.585276e+001	0.000000e+000	1.000000e+000	-5.744376e-001	-1.425020e-006	0.000000e+000	0.000000e+000	-2.826522e-005	-5.744672e-001	2.826522e-005	       NaN
6.700000e+000	1.636987e+001	1.592705e+001	0.000000e+000	1.000000e+000	-5.753095e-001	-1.123010e-005	0.000000e+000	0.000000e+000	-2.425098e-005	-5.753450e-001	2.425098e-005	       NaN
6.800000e+000	1.623409e+001	1.598249e+001	0.000000e+000	1.000000e+000	-5.729092e-001	-3.114950e-005	0.000000e+000	0.000000e+000	-1.377916e-005	-5.729542e-001	1.377916e-005	       NaN
6.900000e+000	1.580339e+001	1.599141e+001	0.000000e+000	1.000000e+000	-5.625601e-001	-5.686129e-005	0.000000e+000	0.000000e+000	1.029721e-005	-5.626066e-001	-1.029721e-005	       NaN
7.000000e+000	1.491548e+001	1.590610e+001	0.000000e+000	1.000000e+000	-5.383242e-001	-7.331539e-005	0.000000e+000	0.000000e+000	5.425088e-005	-5.383432e-001	-5.425088e-005	       NaN
7.100000e+000	1.352900e+001	1.566981e+001	0.000000e+000	1.000000e+000	-4.966965e-001	-6.538609e-005	0.000000e+000	0.000000e+000	1.172410e-004	-4.966446e-001	-1.172410e-004	       NaN
7.200000e+000	1.180596e+001	1.524262e+001	0.000000e+000	1.000000e+000	-4.404890e-001	-3.437123e-005	0.000000e+000	0.000000e+000	1.882074e-004	-4.403351e-001	-1.882074e-004	       NaN
7.300000e+000	1.004828e+001	1.462509e+001	0.000000e+000	1.000000e+000	-3.787452e-001	8.008039e-007	0.000000e+000	0.000000e+000	2.506475e-004	-3.784938e-001	-2.506475e-004	       NaN
7.400000e+000	8.527720e+000	1.386048e+001	0.000000e+000	1.000000e+000	-3.218799e-001	2.110193e-005	0.000000e+000	0.000000e+000	2.920470e-004	-3.215667e-001	-2.920470e-004	       NaN
7.500000e+000	7.358777e+000	1.301382e+001	0.000000e+000	1.000000e+000	-2.762048e-001	2.265697e-005	0.000000e+000	0.000000e+000	3.096966e-004	-2.758724e-001	-3.096966e-004	       NaN
7.600000e+000	6.502882e+000	1.214524e+001	0.000000e+000	1.000000e+000	-2.422529e-001	1.442137e-005	0.000000e+000	0.000000e+000	3.090019e-004	-2.419295e-001	-3.090019e-004	       NaN
7.700000e+000	5.856824e+000	1.129499e+001	0.000000e+000	1.000000e+000	-2.170133e-001	6.260527e-006	0.000000e+000	0.000000e+000	2.978195e-004	-2.167093e-001	-2.978195e-004	       NaN
7.800000e+000	5.330693e+000	1.048331e+001	0.000000e+000	1.000000e+000	-1.970268e-001	2.049590e-006	0.000000e+000	0.000000e+000	2.821814e-004	-1.967425e-001	-2.821814e-004	       NaN
7.900000e+000	4.873594e+000	9.717598e+000	0.000000e+000	1.000000e+000	-1.800002e-001	9.315796e-007	0.000000e+000	0.000000e+000	2.652803e-004	-1.797340e-001	-2.652803e-004	       NaN
8.000000e+000	4.464061e+000	8.999323e+000	0.000000e+000	1.000000e+000	-1.648522e-001	1.024808e-006	0.000000e+000	0.000000e+000	2.483721e-004	-1.646028e-001	-2.483721e-004	       NaN
8.100000e+000	4.094057e+000	8.327834e+000	0.000000e+000	1.000000e+000	-1.511718e-001	1.270790e-006	0.000000e+000	0.000000e+000	2.318614e-004	-1.509387e-001	-2.318614e-004	       NaN
8.200000e+000	3.759593e+000	7.701789e+000	0.000000e+000	1.000000e+000	-1.387888e-001	1.402842e-006	0.000000e+000	0.000000e+000	2.158931e-004	-1.385715e-001	-2.158931e-004	       NaN
8.300000e+000	3.457514e+000	7.119549e+000	0.000000e+000	1.000000e+000	-1.275893e-001	1.446566e-006	0.000000e+000	0.000000e+000	2.005501e-004	-1.273873e-001	-2.005501e-004	       NaN
8.400000e+000	3.184900e+000	6.579278e+000	0.000000e+000	1.000000e+000	-1.174700e-001	1.450714e-006	0.000000e+000	0.000000e+000	1.858920e-004	-1.172826e-001	-1.858920e-004	       NaN
8.500000e+000	2.939042e+000	6.078998e+000	0.000000e+000	1.000000e+000	-1.083336e-001	1.436004e-006	0.000000e+000	0.000000e+000	1.719586e-004	-1.081602e-001	-1.719586e-004	       NaN
8.600000e+000	2.717458e+000	5.616647e+000	0.000000e+000	1.000000e+000	-1.000903e-001	1.408582e-006	0.000000e+000	0.000000e+000	1.587732e-004	-9.993013e-002	-1.587732e-004	       NaN
8.700000e+000	2.517875e+000	5.190119e+000	0.000000e+000	1.000000e+000	-9.265766e-002	1.371207e-006	0.000000e+000	0.000000e+000	1.463446e-004	-9.250995e-002	-1.463446e-004	       NaN
8.800000e+000	2.338216e+000	4.797295e+000	0.000000e+000	1.000000e+000	-8.596013e-002	1.326182e-006	0.000000e+000	0.000000e+000	1.346707e-004	-8.582413e-002	-1.346707e-004	       NaN
8.900000e+000	2.176586e+000	4.436080e+000	0.000000e+000	1.000000e+000	-7.992865e-002	1.275548e-006	0.000000e+000	0.000000e+000	1.237405e-004	-7.980363e-002	-1.237405e-004	       NaN
9.000000e+000	2.031256e+000	4.104417e+000	0.000000e+000	1.000000e+000	-7.450013e-002	1.221023e-006	0.000000e+000	0.000000e+000	1.135360e-004	-7.438537e-002	-1.135360e-004	       NaN
9.100000e+000	1.900653e+000	3.800307e+000	0.000000e+000	1.000000e+000	-6.961703e-002	1.164030e-006	0.000000e+000	0.000000e+000	1.040340e-004	-6.951184e-002	-1.040340e-004	       NaN
9.200000e+000	1.783344e+000	3.521824e+000	0.000000e+000	1.000000e+000	-6.522692e-002	1.105737e-006	0.000000e+000	0.000000e+000	9.520726e-005	-6.513061e-002	-9.520726e-005	       NaN
9.300000e+000	1.678030e+000	3.267118e+000	0.000000e+000	1.000000e+000	-6.128207e-002	1.047094e-006	0.000000e+000	0.000000e+000	8.702592e-005	-6.119400e-002	-8.702592e-005	       NaN
9.400000e+000	1.583528e+000	3.034430e+000	0.000000e+000	1.000000e+000	-5.773911e-002	9.888680e-007	0.000000e+000	0.000000e+000	7.945818e-005	-5.765866e-002	-7.945818e-005	       NaN
9.500000e+000	1.498769e+000	2.822089e+000	0.000000e+000	1.000000e+000	-5.455862e-002	9.316664e-007	0.000000e+000	0.000000e+000	7.247120e-005	-5.448522e-002	-7.247120e-005	       NaN
9.600000e+000	1.422783e+000	2.628518e+000	0.000000e+000	1.000000e+000	-5.170488e-002	8.759637e-007	0.000000e+000	0.000000e+000	6.603169e-005	-5.163797e-002	-6.603169e-005	       NaN
9.700000e+000	1.354690e+000	2.452230e+000	0.000000e+000	1.000000e+000	-4.914546e-002	8.221216e-007	0.000000e+000	0.000000e+000	6.010643e-005	-4.908453e-002	-6.010643e-005	       NaN
9.800000e+000	1.293697e+000	2.291835e+000	0.000000e+000	1.000000e+000	-4.685102e-002	7.704072e-007	0.000000e+000	0.000000e+000	5.466266e-005	-4.679559e-002	-5.466266e-005	       NaN
9.900000e+000	1.239086e+000	2.146029e+000	0.000000e+000	1.000000e+000	-4.479501e-002	7.210088e-007	0.000000e+000	0.000000e+000	4.966842e-005	-4.474462e-002	-4.966842e-005	       NaN
1.000000e+001	1.190209e+000	2.013600e+000	0.000000e+000	1.000000e+000	-4.295340e-002	6.740491e-007	0.000000e+000	0.000000e+000	4.509274e-005	-4.290763e-002	-4.509274e-005	       NaN
1.010000e+001	1.146480e+000	1.893419e+000	0.000000e+000	1.000000e+000	-4.130450e-002	6.295972e-007	0.000000e+000	0.000000e+000	4.090583e-005	-4.126296e-002	-4.090583e-005	       NaN
1.020000e+001	1.107373e+000	1.784438e+000	0.000000e+000	1.000000e+000	-3.982872e-002	5.876782e-007	0.000000e+000	0.000000e+000	3.707925e-005	-3.979105e-002	-3.707925e-005	       NaN
1.030000e+001	1.072410e+000	1.685687e+000	0.000000e+000	1.000000e+000	-3.850838e-002	5.482820e-007	0.000000e+000	0.000000e+000	3.358594e-005	-3.847424e-002	-3.358594e-005	       NaN
1.040000e+001	1.041165e+000	1.596272e+000	0.000000e+000	1.000000e+000	-3.732754e-002	5.113701e-007	0.000000e+000	0.000000e+000	3.040027e-005	-3.729663e-002	-3.040027e-005	       NaN
1.050000e+001	1.013250e+000	1.515365e+000	0.000000e+000	1.000000e+000	-3.627184e-002	4.768822e-007	0.000000e+000	0.000000e+000	2.749812e-005	-3.624386e-002	-2.749812e-005	       NaN
1.060000e+001	9.883209e-001	1.442205e+000	0.000000e+000	1.000000e+000	-3.532834e-002	4.447410e-007	0.000000e+000	0.000000e+000	2.485680e-005	-3.530304e-002	-2.485680e-005	       NaN
1.070000e+001	9.660642e-001	1.376093e+000	0.000000e+000	1.000000e+000	-3.448541e-002	4.148565e-007	0.000000e+000	0.000000e+000	2.245508e-005	-3.446254e-002	-2.245508e-005	       NaN
1.080000e+001	9.462000e-001	1.316387e+000	0.000000e+000	1.000000e+000	-3.373257e-002	3.871300e-007	0.000000e+000	0.000000e+000	2.027315e-005	-3.371191e-002	-2.027315e-005	       NaN
1.090000e+001	9.284766e-001	1.262497e+000	0.000000e+000	1.000000e+000	-3.306041e-002	3.614568e-007	0.000000e+000	0.000000e+000	1.829254e-005	-3.304175e-002	-1.829254e-005	       NaN
1.100000e+001	9.126681e-001	1.213887e+000	0.000000e+000	1.000000e+000	-3.246047e-002	3.377285e-007	0.000000e+000	0.000000e+000	1.649614e-005	-3.244363e-002	-1.649614e-005	       NaN
1.110000e+001	8.985718e-001	1.170061e+000	0.000000e+000	1.000000e+000	-3.192515e-002	3.158355e-007	0.000000e+000	0.000000e+000	1.486805e-005	-3.190997e-002	-1.486805e-005	       NaN
1.120000e+001	8.860058e-001	1.130572e+000	0.000000e+000	1.000000e+000	-3.144764e-002	2.956681e-007	0.000000e+000	0.000000e+000	1.339358e-005	-3.143395e-002	-1.339358e-005	       NaN
1.130000e+001	8.748071e-001	1.095007e+000	0.000000e+000	1.000000e+000	-3.102181e-002	2.771182e-007	0.000000e+000	0.000000e+000	1.205920e-005	-3.100948e-002	-1.205920e-005	       NaN
1.140000e+001	8.648298e-001	1.062994e+000	0.000000e+000	1.000000e+000	-3.064219e-002	2.600801e-007	0.000000e+000	0.000000e+000	1.085240e-005	-3.063108e-002	-1.085240e-005	       NaN
1.150000e+001	8.559429e-001	1.034191e+000	0.000000e+000	1.000000e+000	-3.030384e-002	2.444513e-007	0.000000e+000	0.000000e+000	9.761701e-006	-3.029384e-002	-9.761701e-006	       NaN
1.160000e+001	8.480295e-001	1.008289e+000	0.000000e+000	1.000000e+000	-3.000237e-002	2.301332e-007	0.000000e+000	0.000000e+000	8.776553e-006	-2.999336e-002	-8.776553e-006	       NaN
1.170000e+001	8.409846e-001	9.850058e-001	0.000000e+000	1.000000e+000	-2.973382e-002	2.170313e-007	0.000000e+000	0.000000e+000	7.887278e-006	-2.972572e-002	-7.887278e-006	       NaN
1.180000e+001	8.347145e-001	9.640864e-001	0.000000e+000	1.000000e+000	-2.949467e-002	2.050557e-007	0.000000e+000	0.000000e+000	7.085014e-006	-2.948738e-002	-7.085014e-006	       NaN
1.190000e+001	8.291353e-001	9.452988e-001	0.000000e+000	1.000000e+000	-2.928174e-002	1.941213e-007	0.000000e+000	0.000000e+000	6.361656e-006	-2.927518e-002	-6.361656e-006	       NaN
1.200000e+001	8.241722e-001	9.284328e-001	0.000000e+000	1.000000e+000	-2.909221e-002	1.841475e-007	0.000000e+000	0.000000e+000	5.709798e-006	-2.908632e-002	-5.709798e-006	       NaN
1.210000e+001	8.197581e-001	9.132980e-001	0.000000e+000	1.000000e+000	-2.892355e-002	1.750587e-007	0.000000e+000	0.000000e+000	5.122680e-006	-2.891825e-002	-5.122680e-006	       NaN
1.220000e+001	8.158332e-001	8.997220e-001	0.000000e+000	1.000000e+000	-2.877350e-002	1.667840e-007	0.000000e+000	0.000000e+000	4.594143e-006	-2.876874e-002	-4.594143e-006	       NaN
1.230000e+001	8.123441e-001	8.875490e-001	0.000000e+000	1.000000e+000	-2.864003e-002	1.592571e-007	0.000000e+000	0.000000e+000	4.118575e-006	-2.863575e-002	-4.118575e-006	       NaN
1.240000e+001	8.092430e-001	8.766381e-001	0.000000e+000	1.000000e+000	-2.852133e-002	1.524160e-007	0.000000e+000	0.000000e+000	3.690873e-006	-2.851749e-002	-3.690873e-006	       NaN
1.250000e+001	8.064875e-001	8.668621e-001	0.000000e+000	1.000000e+000	-2.841581e-002	1.462032e-007	0.000000e+000	0.000000e+000	3.306395e-006	-2.841236e-002	-3.306395e-006	       NaN
1.260000e+001	8.040394e-001	8.581059e-001	0.000000e+000	1.000000e+000	-2.832201e-002	1.405654e-007	0.000000e+000	0.000000e+000	2.960930e-006	-2.831891e-002	-2.960930e-006	       NaN
1.270000e+001	8.018651e-001	8.502659e-001	0.000000e+000	1.000000e+000	-2.823865e-002	1.354531e-007	0.000000e+000	0.000000e+000	2.650654e-006	-2.823586e-002	-2.650654e-006	       NaN
1.280000e+001	7.999342e-001	8.432486e-001	0.000000e+000	1.000000e+000	-2.816458e-002	1.308206e-007	0.000000e+000	0.000000e+000	2.372100e-006	-2.816208e-002	-2.372100e-006	       NaN
1.290000e+001	7.982198e-001	8.369697e-001	0.000000e+000	1.000000e+000	-2.809879e-002	1.266258e-007	0.000000e+000	0.000000e+000	2.122127e-006	-2.809654e-002	-2.122127e-006	       NaN
1.300000e+001	7.966980e-001	8.313534e-001	0.000000e+000	1.000000e+000	-2.804035e-002	1.228296e-007	0.000000e+000	0.000000e+000	1.897893e-006	-2.803833e-002	-1.897893e-006	       NaN
1.310000e+001	7.953474e-001	8.263314e-001	0.000000e+000	1.000000e+000	-2.798846e-002	1.193965e-007	0.000000e+000	0.000000e+000	1.696826e-006	-2.798665e-002	-1.696826e-006	       NaN
1.320000e+001	7.941490e-001	8.218420e-001	0.000000e+000	1.000000e+000	-2.794240e-002	1.162936e-007	0.000000e+000	0.000000e+000	1.516600e-006	-2.794076e-002	-1.516600e-006	       NaN
1.330000e+001	7.930857e-001	8.178301e-001	0.000000e+000	1.000000e+000	-2.790151e-002	1.134908e-007	0.000000e+000	0.000000e+000	1.355115e-006	-2.790004e-002	-1.355115e-006	       NaN
1.340000e+001	7.921426e-001	8.142458e-001	0.000000e+000	1.000000e+000	-2.786522e-002	1.109604e-007	0.000000e+000	0.000000e+000	1.210473e-006	-2.786390e-002	-1.210473e-006	       NaN
1.350000e+001	7.913062e-001	8.110446e-001	0.000000e+000	1.000000e+000	-2.783302e-002	1.086773e-007	0.000000e+000	0.000000e+000	1.080964e-006	-2.783183e-002	-1.080964e-006	       NaN
1.360000e+001	7.905646e-001	8.081862e-001	0.000000e+000	1.000000e+000	-2.780446e-002	1.066184e-007	0.000000e+000	0.000000e+000	9.650426e-007	-2.780338e-002	-9.650426e-007	       NaN
1.370000e+001	7.899071e-001	8.056348e-001	0.000000e+000	1.000000e+000	-2.777912e-002	1.047625e-007	0.000000e+000	0.000000e+000	8.613190e-007	-2.777815e-002	-8.613190e-007	       NaN
1.380000e+001	7.893244e-001	8.033578e-001	0.000000e+000	1.000000e+000	-2.775665e-002	1.030906e-007	0.000000e+000	0.000000e+000	7.685394e-007	-2.775578e-002	-7.685394e-007	       NaN
1.390000e+001	7.888079e-001	8.013264e-001	0.000000e+000	1.000000e+000	-2.773673e-002	1.015851e-007	0.000000e+000	0.000000e+000	6.855754e-007	-2.773594e-002	-6.855754e-007	       NaN
1.400000e+001	7.883502e-001	7.995145e-001	0.000000e+000	1.000000e+000	-2.771907e-002	1.002304e-007	0.000000e+000	0.000000e+000	6.114114e-007	-2.771836e-002	-6.114114e-007	       NaN
1.410000e+001	7.879448e-001	7.978989e-001	0.000000e+000	1.000000e+000	-2.770341e-002	9.902688e-008	0.000000e+000	0.000000e+000	5.451332e-007	-2.770277e-002	-5.451332e-007	       NaN
1.420000e+001	7.875861e-001	7.964585e-001	0.000000e+000	1.000000e+000	-2.768954e-002	9.824153e-008	0.000000e+000	0.000000e+000	4.858958e-007	-2.768896e-002	-4.858958e-007	       NaN
1.430000e+001	7.872754e-001	7.951751e-001	0.000000e+000	1.000000e+000	-2.767736e-002	1.007219e-007	0.000000e+000	0.000000e+000	4.326278e-007	-2.767682e-002	-4.326278e-007	       NaN
1.440000e+001	7.870631e-001	7.940358e-001	0.000000e+000	1.000000e+000	-2.766763e-002	1.231678e-007	0.000000e+000	0.000000e+000	3.818555e-007	-2.766712e-002	-3.818555e-007	       NaN
1.450000e+001	7.872441e-001	7.930502e-001	0.000000e+000	1.000000e+000	-2.766613e-002	2.227127e-007	0.000000e+000	0.000000e+000	3.179682e-007	-2.766559e-002	-3.179682e-007	       NaN
1.460000e+001	7.888882e-001	7.923167e-001	0.000000e+000	1.000000e+000	-2.769714e-002	5.067005e-007	0.000000e+000	0.000000e+000	1.877566e-007	-2.769644e-002	-1.877566e-007	       NaN
1.470000e+001	7.945791e-001	7.921743e-001	0.000000e+000	1.000000e+000	-2.782799e-002	1.040682e-006	0.000000e+000	0.000000e+000	-1.316963e-007	-2.782708e-002	1.316963e-007	       NaN
1.480000e+001	8.084108e-001	7.934007e-001	0.000000e+000	1.000000e+000	-2.818343e-002	1.670765e-006	0.000000e+000	0.000000e+000	-8.220196e-007	-2.818258e-002	8.220196e-007	       NaN
1.490000e+001	8.341666e-001	7.972539e-001	0.000000e+000	1.000000e+000	-2.890825e-002	2.033110e-006	0.000000e+000	0.000000e+000	-2.021511e-006	-2.890824e-002	2.021511e-006	       NaN
1.500000e+001	8.726468e-001	8.051583e-001	0.000000e+000	1.000000e+000	-3.007761e-002	1.940611e-006	0.000000e+000	0.000000e+000	-3.695990e-006	-3.007937e-002	3.695990e-006	       NaN
1.510000e+001	9.213618e-001	8.181892e-001	0.000000e+000	1.000000e+000	-3.164392e-002	1.713749e-006	0.000000e+000	0.000000e+000	-5.650212e-006	-3.164786e-002	5.650212e-006	       NaN
1.520000e+001	9.777901e-001	8.368649e-001	0.000000e+000	1.000000e+000	-3.350713e-002	1.811029e-006	0.000000e+000	0.000000e+000	-7.717724e-006	-3.351304e-002	7.717724e-006	       NaN
1.530000e+001	1.042048e+000	8.614591e-001	0.000000e+000	1.000000e+000	-3.563517e-002	2.076826e-006	0.000000e+000	0.000000e+000	-9.889908e-006	-3.564298e-002	9.889908e-006	       NaN
1.540000e+001	1.114292e+000	8.922878e-001	0.000000e+000	1.000000e+000	-3.805030e-002	1.776378e-006	0.000000e+000	0.000000e+000	-1.215798e-005	-3.806068e-002	1.215798e-005	       NaN
1.550000e+001	1.189513e+000	9.293144e-001	0.000000e+000	1.000000e+000	-4.066072e-002	6.051972e-007	0.000000e+000	0.000000e+000	-1.424968e-005	-4.067436e-002	1.424968e-005	       NaN
1.560000e+001	1.257448e+000	9.713657e-001	0.000000e+000	1.000000e+000	-4.316738e-002	-7.377656e-007	0.000000e+000	0.000000e+000	-1.566719e-005	-4.318378e-002	1.566719e-005	       NaN
1.570000e+001	1.309258e+000	1.015985e+000	0.000000e+000	1.000000e+000	-4.521750e-002	-1.309097e-006	0.000000e+000	0.000000e+000	-1.606100e-005	-4.523487e-002	1.606100e-005	       NaN
1.580000e+001	1.343635e+000	1.060323e+000	0.000000e+000	1.000000e+000	-4.665372e-002	-9.493345e-007	0.000000e+000	0.000000e+000	-1.551550e-005	-4.667018e-002	1.551550e-005	       NaN
1.590000e+001	1.365993e+000	1.102286e+000	0.000000e+000	1.000000e+000	-4.758651e-002	-2.682152e-007	0.000000e+000	0.000000e+000	-1.444180e-005	-4.760122e-002	1.444180e-005	       NaN
1.600000e+001	1.382896e+000	1.141004e+000	0.000000e+000	1.000000e+000	-4.824663e-002	1.223166e-007	0.000000e+000	0.000000e+000	-1.324710e-005	-4.825976e-002	1.324710e-005	       NaN
1.610000e+001	1.397699e+000	1.176457e+000	0.000000e+000	1.000000e+000	-4.880153e-002	4.994681e-008	0.000000e+000	0.000000e+000	-1.211625e-005	-4.881359e-002	1.211625e-005	       NaN
1.620000e+001	1.409816e+000	1.208808e+000	0.000000e+000	1.000000e+000	-4.928162e-002	-3.704726e-007	0.000000e+000	0.000000e+000	-1.100818e-005	-4.929300e-002	1.100818e-005	       NaN
1.630000e+001	1.416020e+000	1.237901e+000	0.000000e+000	1.000000e+000	-4.960495e-002	-9.639849e-007	0.000000e+000	0.000000e+000	-9.754628e-006	-4.961567e-002	9.754628e-006	       NaN
1.640000e+001	1.412269e+000	1.263063e+000	0.000000e+000	1.000000e+000	-4.963505e-002	-1.481380e-006	0.000000e+000	0.000000e+000	-8.171216e-006	-4.964471e-002	8.171216e-006	       NaN
1.650000e+001	1.396083e+000	1.283224e+000	0.000000e+000	1.000000e+000	-4.925557e-002	-1.591246e-006	0.000000e+000	0.000000e+000	-6.180681e-006	-4.926334e-002	6.180681e-006	       NaN
1.660000e+001	1.368896e+000	1.297376e+000	0.000000e+000	1.000000e+000	-4.845755e-002	-1.126134e-006	0.000000e+000	0.000000e+000	-3.916766e-006	-4.846260e-002	3.916766e-006	       NaN
1.670000e+001	1.336342e+000	1.305183e+000	0.000000e+000	1.000000e+000	-4.738426e-002	-3.185283e-007	0.000000e+000	0.000000e+000	-1.706402e-006	-4.738628e-002	1.706402e-006	       NaN
1.680000e+001	1.305471e+000	1.307304e+000	0.000000e+000	1.000000e+000	-4.627393e-002	3.618959e-007	0.000000e+000	0.000000e+000	1.003720e-007	-4.627347e-002	-1.003720e-007	       NaN
1.690000e+001	1.281050e+000	1.305176e+000	0.000000e+000	1.000000e+000	-4.533292e-002	6.223960e-007	0.000000e+000	0.000000e+000	1.321248e-006	-4.533098e-002	-1.321248e-006	       NaN
1.700000e+001	1.263983e+000	1.300427e+000	0.000000e+000	1.000000e+000	-4.464509e-002	5.283373e-007	0.000000e+000	0.000000e+000	1.995841e-006	-4.464257e-002	-1.995841e-006	       NaN
1.710000e+001	1.252497e+000	1.294364e+000	0.000000e+000	1.000000e+000	-4.417872e-002	3.215859e-007	0.000000e+000	0.000000e+000	2.292833e-006	-4.417611e-002	-2.292833e-006	       NaN
1.720000e+001	1.244251e+000	1.287791e+000	0.000000e+000	1.000000e+000	-4.385449e-002	1.735792e-007	0.000000e+000	0.000000e+000	2.384452e-006	-4.385193e-002	-2.384452e-006	       NaN
1.730000e+001	1.237613e+000	1.281111e+000	0.000000e+000	1.000000e+000	-4.360439e-002	1.158468e-007	0.000000e+000	0.000000e+000	2.382169e-006	-4.360189e-002	-2.382169e-006	       NaN
1.740000e+001	1.231805e+000	1.274503e+000	0.000000e+000	1.000000e+000	-4.339083e-002	1.096313e-007	0.000000e+000	0.000000e+000	2.338358e-006	-4.338839e-002	-2.338358e-006	       NaN
1.750000e+001	1.226553e+000	1.268050e+000	0.000000e+000	1.000000e+000	-4.319897e-002	1.177938e-007	0.000000e+000	0.000000e+000	2.272574e-006	-4.319658e-002	-2.272574e-006	       NaN
1.760000e+001	1.221775e+000	1.261804e+000	0.000000e+000	1.000000e+000	-4.302424e-002	1.251573e-007	0.000000e+000	0.000000e+000	2.192146e-006	-4.302192e-002	-2.192146e-006	       NaN
1.770000e+001	1.217430e+000	1.255797e+000	0.000000e+000	1.000000e+000	-4.286502e-002	1.297123e-007	0.000000e+000	0.000000e+000	2.101162e-006	-4.286279e-002	-2.101162e-006	       NaN
1.780000e+001	1.213485e+000	1.250057e+000	0.000000e+000	1.000000e+000	-4.272017e-002	1.326703e-007	0.000000e+000	0.000000e+000	2.002856e-006	-4.271803e-002	-2.002856e-006	       NaN
1.790000e+001	1.209905e+000	1.244598e+000	0.000000e+000	1.000000e+000	-4.258855e-002	1.348729e-007	0.000000e+000	0.000000e+000	1.899940e-006	-4.258651e-002	-1.899940e-006	       NaN
1.800000e+001	1.206661e+000	1.239431e+000	0.000000e+000	1.000000e+000	-4.246908e-002	1.366009e-007	0.000000e+000	0.000000e+000	1.794643e-006	-4.246715e-002	-1.794643e-006	       NaN
1.810000e+001	1.203722e+000	1.234559e+000	0.000000e+000	1.000000e+000	-4.236074e-002	1.379421e-007	0.000000e+000	0.000000e+000	1.688762e-006	-4.235891e-002	-1.688762e-006	       NaN
1.820000e+001	1.201064e+000	1.229983e+000	0.000000e+000	1.000000e+000	-4.226258e-002	1.389531e-007	0.000000e+000	0.000000e+000	1.583736e-006	-4.226085e-002	-1.583736e-006	       NaN
1.830000e+001	1.198661e+000	1.225698e+000	0.000000e+000	1.000000e+000	-4.217371e-002	1.396864e-007	0.000000e+000	0.000000e+000	1.480695e-006	-4.217209e-002	-1.480695e-006	       NaN
1.840000e+001	1.196489e+000	1.221697e+000	0.000000e+000	1.000000e+000	-4.209333e-002	1.401885e-007	0.000000e+000	0.000000e+000	1.380513e-006	-4.209181e-002	-1.380513e-006	       NaN
1.850000e+001	1.194529e+000	1.217972e+000	0.000000e+000	1.000000e+000	-4.202068e-002	1.404998e-007	0.000000e+000	0.000000e+000	1.283850e-006	-4.201926e-002	-1.283850e-006	       NaN
1.860000e+001	1.192761e+000	1.214512e+000	0.000000e+000	1.000000e+000	-4.195506e-002	1.406548e-007	0.000000e+000	0.000000e+000	1.191184e-006	-4.195373e-002	-1.191184e-006	       NaN
1.870000e+001	1.191167e+000	1.211305e+000	0.000000e+000	1.000000e+000	-4.189584e-002	1.406828e-007	0.000000e+000	0.000000e+000	1.102846e-006	-4.189460e-002	-1.102846e-006	       NaN
1.880000e+001	1.189731e+000	1.208338e+000	0.000000e+000	1.000000e+000	-4.184243e-002	1.406092e-007	0.000000e+000	0.000000e+000	1.019045e-006	-4.184127e-002	-1.019045e-006	       NaN
1.890000e+001	1.188437e+000	1.205600e+000	0.000000e+000	1.000000e+000	-4.179428e-002	1.404551e-007	0.000000e+000	0.000000e+000	9.398901e-007	-4.179320e-002	-9.398901e-007	       NaN
1.900000e+001	1.187274e+000	1.203076e+000	0.000000e+000	1.000000e+000	-4.175091e-002	1.402386e-007	0.000000e+000	0.000000e+000	8.654085e-007	-4.174991e-002	-8.654085e-007	       NaN
1.910000e+001	1.186227e+000	1.200754e+000	0.000000e+000	1.000000e+000	-4.171187e-002	1.399749e-007	0.000000e+000	0.000000e+000	7.955645e-007	-4.171093e-002	-7.955645e-007	       NaN
1.920000e+001	1.185287e+000	1.198622e+000	0.000000e+000	1.000000e+000	-4.167674e-002	1.396766e-007	0.000000e+000	0.000000e+000	7.302714e-007	-4.167587e-002	-7.302714e-007	       NaN
1.930000e+001	1.184442e+000	1.196665e+000	0.000000e+000	1.000000e+000	-4.164515e-002	1.393544e-007	0.000000e+000	0.000000e+000	6.694033e-007	-4.164434e-002	-6.694033e-007	       NaN
1.940000e+001	1.183683e+000	1.194873e+000	0.000000e+000	1.000000e+000	-4.161676e-002	1.390168e-007	0.000000e+000	0.000000e+000	6.128049e-007	-4.161601e-002	-6.128049e-007	       NaN
1.950000e+001	1.183002e+000	1.193233e+000	0.000000e+000	1.000000e+000	-4.159126e-002	1.386712e-007	0.000000e+000	0.000000e+000	5.602996e-007	-4.159056e-002	-5.602996e-007	       NaN
1.960000e+001	1.182391e+000	1.191735e+000	0.000000e+000	1.000000e+000	-4.156836e-002	1.383234e-007	0.000000e+000	0.000000e+000	5.116957e-007	-4.156771e-002	-5.116957e-007	       NaN
1.970000e+001	1.181844e+000	1.190367e+000	0.000000e+000	1.000000e+000	-4.154781e-002	1.379778e-007	0.000000e+000	0.000000e+000	4.667927e-007	-4.154721e-002	-4.667927e-007	       NaN
1.980000e+001	1.181353e+000	1.189121e+000	0.000000e+000	1.000000e+000	-4.152938e-002	1.376384e-007	0.000000e+000	0.000000e+000	4.253848e-007	-4.152882e-002	-4.253848e-007	       NaN
1.990000e+001	1.180913e+000	1.187985e+000	0.000000e+000	1.000000e+000	-4.151285e-002	1.373079e-007	0.000000e+000	0.000000e+000	3.872652e-007	-4.151233e-002	-3.872652e-007	       NaN
2.000000e+001	1.180520e+000	1.186951e+000	0.000000e+000	1.000000e+000	-4.149804e-002	1.369886e-007	0.000000e+000	0.000000e+000	3.522286e-007	-4.149755e-002	-3.522286e-007	       NaN
