TIME          	MC CONC       	STS CONC      	HTS CONC      	SED CONC      	ADV dm/dt     	DISP dm/dt    	DECAY dm/dt   	SORPTION dm/dt	STORAGE dm/dt 	MC dm/dt      	STS dm/dt     	HTS dm/dt     
(hr)          	mg/L          	mg/L          	mg/L          	mg/L          	(mg/L)·(m²/s)  	(mg/L)·(m²/s)  	(mg/L)·(m²/s)  	(mg/L)·(m²/s)  	(mg/L)·(m²/s)  	(mg/L)·(m²/s)  	(mg/L)·(m²/s)  	(mg/L)·(m²/s)  
0.000000e+000	4.816473e-001	4.816473e-001	0.000000e+000	0.000000e+000	-4.129165e-003	4.099010e-009	0.000000e+000	0.000000e+000	0.000000e+000	-4.129161e-003	0.000000e+000	       NaN
1.000000e-001	4.816473e-001	4.816473e-001	0.000000e+000	1.000000e+000	-4.129165e-003	4.099010e-009	0.000000e+000	0.000000e+000	7.744758e-021	-4.129161e-003	-7.744758e-021	       NaN
2.000000e-001	4.816473e-001	4.816473e-001	0.000000e+000	1.000000e+000	-4.129165e-003	4.099010e-009	0.000000e+000	0.000000e+000	1.548952e-020	-4.129161e-003	-1.548952e-020	       NaN
3.000000e-001	4.816473e-001	4.816473e-001	0.000000e+000	1.000000e+000	-4.129165e-003	4.099010e-009	0.000000e+000	0.000000e+000	2.323427e-020	-4.129161e-003	-2.323427e-020	       NaN
4.000000e-001	4.816473e-001	4.816473e-001	0.000000e+000	1.000000e+000	-4.129165e-003	4.099010e-009	0.000000e+000	0.000000e+000	3.097903e-020	-4.129161e-003	-3.097903e-020	       NaN
5.000000e-001	4.816473e-001	4.816473e-001	0.000000e+000	1.000000e+000	-4.129165e-003	4.099010e-009	0.000000e+000	0.000000e+000	3.756208e-020	-4.129161e-003	-3.756208e-020	       NaN
6.000000e-001	4.816473e-001	4.816473e-001	0.000000e+000	1.000000e+000	-4.129165e-003	4.099010e-009	0.000000e+000	0.000000e+000	-7.822206e-020	-4.129161e-003	7.822206e-020	       NaN
7.000000e-001	4.816473e-001	4.816473e-001	0.000000e+000	1.000000e+000	-4.129165e-003	4.099011e-009	0.000000e+000	0.000000e+000	-7.218115e-018	-4.129161e-003	7.218115e-018	       NaN
8.000000e-001	4.816473e-001	4.816473e-001	0.000000e+000	1.000000e+000	-4.129165e-003	4.099029e-009	0.000000e+000	0.000000e+000	-1.964415e-016	-4.129161e-003	1.964415e-016	       NaN
9.000000e-001	4.816473e-001	4.816473e-001	0.000000e+000	1.000000e+000	-4.129165e-003	4.099228e-009	0.000000e+000	0.000000e+000	-2.858331e-015	-4.129161e-003	2.858331e-015	       NaN
1.000000e+000	4.816473e-001	4.816473e-001	0.000000e+000	1.000000e+000	-4.129165e-003	4.100533e-009	0.000000e+000	0.000000e+000	-2.581231e-014	-4.129161e-003	2.581231e-014	       NaN
1.100000e+000	4.816473e-001	4.816473e-001	0.000000e+000	1.000000e+000	-4.129165e-003	4.106347e-009	0.000000e+000	0.000000e+000	-1.603086e-013	-4.129161e-003	1.603086e-013	       NaN
1.200000e+000	4.816474e-001	4.816473e-001	0.000000e+000	1.000000e+000	-4.129166e-003	4.125270e-009	0.000000e+000	0.000000e+000	-7.382147e-013	-4.129161e-003	7.382147e-013	       NaN
1.300000e+000	4.816477e-001	4.816473e-001	0.000000e+000	1.000000e+000	-4.129167e-003	4.172778e-009	0.000000e+000	0.000000e+000	-2.667367e-012	-4.129163e-003	2.667367e-012	       NaN
1.400000e+000	4.816485e-001	4.816473e-001	0.000000e+000	1.000000e+000	-4.129171e-003	4.268592e-009	0.000000e+000	0.000000e+000	-7.898164e-012	-4.129167e-003	7.898164e-012	       NaN
1.500000e+000	4.816502e-001	4.816474e-001	0.000000e+000	1.000000e+000	-4.129181e-003	4.428478e-009	0.000000e+000	0.000000e+000	-1.982692e-011	-4.129177e-003	1.982692e-011	       NaN
1.600000e+000	4.816537e-001	4.816474e-001	0.000000e+000	1.000000e+000	-4.129202e-003	4.653740e-009	0.000000e+000	0.000000e+000	-4.334775e-011	-4.129198e-003	4.334775e-011	       NaN
1.700000e+000	4.816597e-001	4.816476e-001	0.000000e+000	1.000000e+000	-4.129241e-003	4.924520e-009	0.000000e+000	0.000000e+000	-8.434633e-011	-4.129236e-003	8.434633e-011	       NaN
1.800000e+000	4.816693e-001	4.816480e-001	0.000000e+000	1.000000e+000	-4.129305e-003	5.201550e-009	0.000000e+000	0.000000e+000	-1.486659e-010	-4.129300e-003	1.486659e-010	       NaN
1.900000e+000	4.816830e-001	4.816485e-001	0.000000e+000	1.000000e+000	-4.129402e-003	5.436180e-009	0.000000e+000	0.000000e+000	-2.408265e-010	-4.129396e-003	2.408265e-010	       NaN
2.000000e+000	4.817014e-001	4.816494e-001	0.000000e+000	1.000000e+000	-4.129535e-003	5.584237e-009	0.000000e+000	0.000000e+000	-3.628994e-010	-4.129529e-003	3.628994e-010	       NaN
2.100000e+000	4.817243e-001	4.816506e-001	0.000000e+000	1.000000e+000	-4.129706e-003	5.617880e-009	0.000000e+000	0.000000e+000	-5.138729e-010	-4.129701e-003	5.138729e-010	       NaN
2.200000e+000	4.817512e-001	4.816524e-001	0.000000e+000	1.000000e+000	-4.129914e-003	5.531453e-009	0.000000e+000	0.000000e+000	-6.896637e-010	-4.129909e-003	6.896637e-010	       NaN
2.300000e+000	4.817813e-001	4.816546e-001	0.000000e+000	1.000000e+000	-4.130153e-003	5.340445e-009	0.000000e+000	0.000000e+000	-8.837101e-010	-4.130148e-003	8.837101e-010	       NaN
2.400000e+000	4.818134e-001	4.816575e-001	0.000000e+000	1.000000e+000	-4.130414e-003	5.075302e-009	0.000000e+000	0.000000e+000	-1.087942e-009	-4.130410e-003	1.087942e-009	       NaN
2.500000e+000	4.818464e-001	4.816609e-001	0.000000e+000	1.000000e+000	-4.130689e-003	4.773050e-009	0.000000e+000	0.000000e+000	-1.293868e-009	-4.130685e-003	1.293868e-009	       NaN
2.600000e+000	4.818790e-001	4.816649e-001	0.000000e+000	1.000000e+000	-4.130966e-003	4.469441e-009	0.000000e+000	0.000000e+000	-1.493549e-009	-4.130963e-003	1.493549e-009	       NaN
2.700000e+000	4.819104e-001	4.816695e-001	0.000000e+000	1.000000e+000	-4.131238e-003	4.193365e-009	0.000000e+000	0.000000e+000	-1.680323e-009	-4.131236e-003	1.680323e-009	       NaN
2.800000e+000	4.819397e-001	4.816746e-001	0.000000e+000	1.000000e+000	-4.131497e-003	3.964083e-009	0.000000e+000	0.000000e+000	-1.849211e-009	-4.131495e-003	1.849211e-009	       NaN
2.900000e+000	4.819664e-001	4.816802e-001	0.000000e+000	1.000000e+000	-4.131737e-003	3.790963e-009	0.000000e+000	0.000000e+000	-1.997036e-009	-4.131735e-003	1.997036e-009	       NaN
3.000000e+000	4.819903e-001	4.816861e-001	0.000000e+000	1.000000e+000	-4.131955e-003	3.674939e-009	0.000000e+000	0.000000e+000	-2.122311e-009	-4.131953e-003	2.122311e-009	       NaN
3.100000e+000	4.820113e-001	4.816924e-001	0.000000e+000	1.000000e+000	-4.132149e-003	3.610841e-009	0.000000e+000	0.000000e+000	-2.224973e-009	-4.132147e-003	2.224973e-009	       NaN
3.200000e+000	4.820295e-001	4.816989e-001	0.000000e+000	1.000000e+000	-4.132318e-003	3.589873e-009	0.000000e+000	0.000000e+000	-2.306054e-009	-4.132317e-003	2.306054e-009	       NaN
3.300000e+000	4.820450e-001	4.817057e-001	0.000000e+000	1.000000e+000	-4.132465e-003	3.601768e-009	0.000000e+000	0.000000e+000	-2.367335e-009	-4.132463e-003	2.367335e-009	       NaN
3.400000e+000	4.820582e-001	4.817126e-001	0.000000e+000	1.000000e+000	-4.132590e-003	3.636408e-009	0.000000e+000	0.000000e+000	-2.411038e-009	-4.132588e-003	2.411038e-009	       NaN
3.500000e+000	4.820693e-001	4.817196e-001	0.000000e+000	1.000000e+000	-4.132696e-003	3.684849e-009	0.000000e+000	0.000000e+000	-2.439564e-009	-4.132694e-003	2.439564e-009	       NaN
3.600000e+000	4.820786e-001	4.817266e-001	0.000000e+000	1.000000e+000	-4.132785e-003	3.739842e-009	0.000000e+000	0.000000e+000	-2.455305e-009	-4.132784e-003	2.455305e-009	       NaN
3.700000e+000	4.820864e-001	4.817337e-001	0.000000e+000	1.000000e+000	-4.132860e-003	3.795962e-009	0.000000e+000	0.000000e+000	-2.460509e-009	-4.132859e-003	2.460509e-009	       NaN
3.800000e+000	4.820931e-001	4.817408e-001	0.000000e+000	1.000000e+000	-4.132924e-003	3.849483e-009	0.000000e+000	0.000000e+000	-2.457204e-009	-4.132922e-003	2.457204e-009	       NaN
3.900000e+000	4.820987e-001	4.817479e-001	0.000000e+000	1.000000e+000	-4.132978e-003	3.898120e-009	0.000000e+000	0.000000e+000	-2.447154e-009	-4.132976e-003	2.447154e-009	       NaN
4.000000e+000	4.821036e-001	4.817549e-001	0.000000e+000	1.000000e+000	-4.133024e-003	3.940710e-009	0.000000e+000	0.000000e+000	-2.431855e-009	-4.133022e-003	2.431855e-009	       NaN
4.100000e+000	4.821078e-001	4.817619e-001	0.000000e+000	1.000000e+000	-4.133064e-003	3.976907e-009	0.000000e+000	0.000000e+000	-2.412545e-009	-4.133062e-003	2.412545e-009	       NaN
4.200000e+000	4.821115e-001	4.817689e-001	0.000000e+000	1.000000e+000	-4.133099e-003	4.006912e-009	0.000000e+000	0.000000e+000	-2.390231e-009	-4.133097e-003	2.390231e-009	       NaN
4.300000e+000	4.821148e-001	4.817757e-001	0.000000e+000	1.000000e+000	-4.133130e-003	4.031254e-009	0.000000e+000	0.000000e+000	-2.365712e-009	-4.133128e-003	2.365712e-009	       NaN
4.400000e+000	4.821179e-001	4.817825e-001	0.000000e+000	1.000000e+000	-4.133158e-003	4.050632e-009	0.000000e+000	0.000000e+000	-2.339619e-009	-4.133156e-003	2.339619e-009	       NaN
4.500000e+000	4.821207e-001	4.817892e-001	0.000000e+000	1.000000e+000	-4.133184e-003	4.065794e-009	0.000000e+000	0.000000e+000	-2.312440e-009	-4.133182e-003	2.312440e-009	       NaN
4.600000e+000	4.821233e-001	4.817958e-001	0.000000e+000	1.000000e+000	-4.133208e-003	4.077469e-009	0.000000e+000	0.000000e+000	-2.284546e-009	-4.133206e-003	2.284546e-009	       NaN
4.700000e+000	4.821258e-001	4.818024e-001	0.000000e+000	1.000000e+000	-4.133230e-003	4.086324e-009	0.000000e+000	0.000000e+000	-2.256220e-009	-4.133229e-003	2.256220e-009	       NaN
4.800000e+000	4.821282e-001	4.818089e-001	0.000000e+000	1.000000e+000	-4.133252e-003	4.092938e-009	0.000000e+000	0.000000e+000	-2.227671e-009	-4.133250e-003	2.227671e-009	       NaN
4.900000e+000	4.821305e-001	4.818153e-001	0.000000e+000	1.000000e+000	-4.133272e-003	4.097801e-009	0.000000e+000	0.000000e+000	-2.199056e-009	-4.133270e-003	2.199056e-009	       NaN
5.000000e+000	4.821327e-001	4.818216e-001	0.000000e+000	1.000000e+000	-4.133292e-003	4.101314e-009	0.000000e+000	0.000000e+000	-2.170488e-009	-4.133290e-003	2.170488e-009	       NaN
5.100000e+000	4.821348e-001	4.818278e-001	0.000000e+000	1.000000e+000	-4.133311e-003	4.103802e-009	0.000000e+000	0.000000e+000	-2.142051e-009	-4.133309e-003	2.142051e-009	       NaN
5.200000e+000	4.821369e-001	4.818339e-001	0.000000e+000	1.000000e+000	-4.133329e-003	4.105519e-009	0.000000e+000	0.000000e+000	-2.113802e-009	-4.133327e-003	2.113802e-009	       NaN
5.300000e+000	4.821390e-001	4.818400e-001	0.000000e+000	1.000000e+000	-4.133347e-003	4.106663e-009	0.000000e+000	0.000000e+000	-2.085785e-009	-4.133345e-003	2.085785e-009	       NaN
5.400000e+000	4.821410e-001	4.818460e-001	0.000000e+000	1.000000e+000	-4.133365e-003	4.107345e-009	0.000000e+000	0.000000e+000	-2.058027e-009	-4.133363e-003	2.058027e-009	       NaN
5.500000e+000	4.821429e-001	4.818519e-001	0.000000e+000	1.000000e+000	-4.133382e-003	4.106866e-009	0.000000e+000	0.000000e+000	-2.030541e-009	-4.133380e-003	2.030541e-009	       NaN
5.600000e+000	4.821448e-001	4.818577e-001	0.000000e+000	1.000000e+000	-4.133399e-003	4.097199e-009	0.000000e+000	0.000000e+000	-2.003226e-009	-4.133397e-003	2.003226e-009	       NaN
5.700000e+000	4.821466e-001	4.818634e-001	0.000000e+000	1.000000e+000	-4.133415e-003	4.032432e-009	0.000000e+000	0.000000e+000	-1.975205e-009	-4.133413e-003	1.975205e-009	       NaN
5.800000e+000	4.821474e-001	4.818691e-001	0.000000e+000	1.000000e+000	-4.133427e-003	3.748432e-009	0.000000e+000	0.000000e+000	-1.941990e-009	-4.133426e-003	1.941990e-009	       NaN
5.900000e+000	4.821452e-001	4.818746e-001	0.000000e+000	1.000000e+000	-4.133424e-003	2.841499e-009	0.000000e+000	0.000000e+000	-1.887581e-009	-4.133423e-003	1.887581e-009	       NaN
6.000000e+000	4.821334e-001	4.818799e-001	0.000000e+000	1.000000e+000	-4.133371e-003	5.505749e-010	0.000000e+000	0.000000e+000	-1.768567e-009	-4.133373e-003	1.768567e-009	       NaN
6.100000e+000	4.820979e-001	4.818846e-001	0.000000e+000	1.000000e+000	-4.133185e-003	-4.412081e-009	0.000000e+000	0.000000e+000	-1.487701e-009	-4.133191e-003	1.487701e-009	       NaN
6.200000e+000	4.820099e-001	4.818881e-001	0.000000e+000	1.000000e+000	-4.132693e-003	-1.431762e-008	0.000000e+000	0.000000e+000	-8.496433e-010	-4.132708e-003	8.496433e-010	       NaN
6.300000e+000	4.818144e-001	4.818889e-001	0.000000e+000	1.000000e+000	-4.131555e-003	-3.327587e-008	0.000000e+000	0.000000e+000	5.195650e-010	-4.131588e-003	-5.195650e-010	       NaN
6.400000e+000	4.814092e-001	4.818838e-001	0.000000e+000	1.000000e+000	-4.129132e-003	-6.793227e-008	0.000000e+000	0.000000e+000	3.310956e-009	-4.129197e-003	-3.310956e-009	       NaN
6.500000e+000	4.806169e-001	4.818672e-001	0.000000e+000	1.000000e+000	-4.124280e-003	-1.267208e-007	0.000000e+000	0.000000e+000	8.722607e-009	-4.124398e-003	-8.722607e-009	       NaN
6.600000e+000	4.791584e-001	4.818292e-001	0.000000e+000	1.000000e+000	-4.115119e-003	-2.165824e-007	0.000000e+000	0.000000e+000	1.863090e-008	-4.115317e-003	-1.863090e-008	       NaN
6.700000e+000	4.766483e-001	4.817530e-001	0.000000e+000	1.000000e+000	-4.098893e-003	-3.376108e-007	0.000000e+000	0.000000e+000	3.560914e-008	-4.099195e-003	-3.560914e-008	       NaN
6.800000e+000	4.726322e-001	4.816140e-001	0.000000e+000	1.000000e+000	-4.072095e-003	-4.781104e-007	0.000000e+000	0.000000e+000	6.265568e-008	-4.072511e-003	-6.265568e-008	       NaN
6.900000e+000	4.666732e-001	4.813790e-001	0.000000e+000	1.000000e+000	-4.030974e-003	-6.134818e-007	0.000000e+000	0.000000e+000	1.025854e-007	-4.031485e-003	-1.025854e-007	       NaN
7.000000e+000	4.584727e-001	4.810078e-001	0.000000e+000	1.000000e+000	-3.972386e-003	-7.112428e-007	0.000000e+000	0.000000e+000	1.572023e-007	-3.972940e-003	-1.572023e-007	       NaN
7.100000e+000	4.479840e-001	4.804577e-001	0.000000e+000	1.000000e+000	-3.894773e-003	-7.416564e-007	0.000000e+000	0.000000e+000	2.265314e-007	-3.895288e-003	-2.265314e-007	       NaN
7.200000e+000	4.354722e-001	4.796885e-001	0.000000e+000	1.000000e+000	-3.798903e-003	-6.900548e-007	0.000000e+000	0.000000e+000	3.084471e-007	-3.799285e-003	-3.084471e-007	       NaN
7.300000e+000	4.214818e-001	4.786696e-001	0.000000e+000	1.000000e+000	-3.688013e-003	-5.648935e-007	0.000000e+000	0.000000e+000	3.989341e-007	-3.688179e-003	-3.989341e-007	       NaN
7.400000e+000	4.067160e-001	4.773832e-001	0.000000e+000	1.000000e+000	-3.567201e-003	-3.967165e-007	0.000000e+000	0.000000e+000	4.929647e-007	-3.567105e-003	-4.929647e-007	       NaN
7.500000e+000	3.918650e-001	4.758264e-001	0.000000e+000	1.000000e+000	-3.442243e-003	-2.277111e-007	0.000000e+000	0.000000e+000	5.857024e-007	-3.441885e-003	-5.857024e-007	       NaN
7.600000e+000	3.774483e-001	4.740084e-001	0.000000e+000	1.000000e+000	-3.318225e-003	-9.667994e-008	0.000000e+000	0.000000e+000	6.735896e-007	-3.317648e-003	-6.735896e-007	       NaN
7.700000e+000	3.637229e-001	4.719460e-001	0.000000e+000	1.000000e+000	-3.198502e-003	-2.646612e-008	0.000000e+000	0.000000e+000	7.549490e-007	-3.197774e-003	-7.549490e-007	       NaN
7.800000e+000	3.506831e-001	4.696584e-001	0.000000e+000	1.000000e+000	-3.084287e-003	-1.893198e-008	0.000000e+000	0.000000e+000	8.299548e-007	-3.083476e-003	-8.299548e-007	       NaN
7.900000e+000	3.381326e-001	4.671618e-001	0.000000e+000	1.000000e+000	-2.974903e-003	-5.820511e-008	0.000000e+000	0.000000e+000	9.000893e-007	-2.974061e-003	-9.000893e-007	       NaN
8.000000e+000	3.257958e-001	4.644675e-001	0.000000e+000	1.000000e+000	-2.868511e-003	-1.188037e-007	0.000000e+000	0.000000e+000	9.673536e-007	-2.867662e-003	-9.673536e-007	       NaN
8.100000e+000	3.134274e-001	4.615810e-001	0.000000e+000	1.000000e+000	-2.763004e-003	-1.737214e-007	0.000000e+000	0.000000e+000	1.033499e-006	-2.762145e-003	-1.033499e-006	       NaN
8.200000e+000	3.008999e-001	4.585042e-001	0.000000e+000	1.000000e+000	-2.656824e-003	-1.994072e-007	0.000000e+000	0.000000e+000	1.099425e-006	-2.655924e-003	-1.099425e-006	       NaN
8.300000e+000	2.882637e-001	4.552377e-001	0.000000e+000	1.000000e+000	-2.549586e-003	-1.776335e-007	0.000000e+000	0.000000e+000	1.164786e-006	-2.548599e-003	-1.164786e-006	       NaN
8.400000e+000	2.757865e-001	4.517854e-001	0.000000e+000	1.000000e+000	-2.442513e-003	-9.285043e-008	0.000000e+000	0.000000e+000	1.227744e-006	-2.441378e-003	-1.227744e-006	       NaN
8.500000e+000	2.640134e-001	4.481592e-001	0.000000e+000	1.000000e+000	-2.338832e-003	8.678255e-008	0.000000e+000	0.000000e+000	1.284575e-006	-2.337461e-003	-1.284575e-006	       NaN
8.600000e+000	2.540079e-001	4.443858e-001	0.000000e+000	1.000000e+000	-2.244946e-003	4.648412e-007	0.000000e+000	0.000000e+000	1.328050e-006	-2.243153e-003	-1.328050e-006	       NaN
8.700000e+000	2.480796e-001	4.405236e-001	0.000000e+000	1.000000e+000	-2.174320e-003	1.303855e-006	0.000000e+000	0.000000e+000	1.342461e-006	-2.171673e-003	-1.342461e-006	       NaN
8.800000e+000	2.512811e-001	4.366996e-001	0.000000e+000	1.000000e+000	-2.156647e-003	3.076681e-006	0.000000e+000	0.000000e+000	1.293453e-006	-2.152277e-003	-1.293453e-006	       NaN
8.900000e+000	2.735050e-001	4.331844e-001	0.000000e+000	1.000000e+000	-2.252861e-003	6.380467e-006	0.000000e+000	0.000000e+000	1.113900e-006	-2.245367e-003	-1.113900e-006	       NaN
9.000000e+000	3.313066e-001	4.305041e-001	0.000000e+000	1.000000e+000	-2.571722e-003	1.168001e-005	0.000000e+000	0.000000e+000	6.919880e-007	-2.559350e-003	-6.919880e-007	       NaN
9.100000e+000	4.481578e-001	4.295754e-001	0.000000e+000	1.000000e+000	-3.278920e-003	1.898503e-005	0.000000e+000	0.000000e+000	-1.296282e-007	-3.260065e-003	1.296282e-007	       NaN
9.200000e+000	6.522028e-001	4.318166e-001	0.000000e+000	1.000000e+000	-4.589417e-003	2.764960e-005	0.000000e+000	0.000000e+000	-1.537383e-006	-4.563305e-003	1.537383e-006	       NaN
9.300000e+000	9.716250e-001	4.391882e-001	0.000000e+000	1.000000e+000	-6.739495e-003	3.643117e-005	0.000000e+000	0.000000e+000	-3.714203e-006	-6.706778e-003	3.714203e-006	       NaN
9.400000e+000	1.428843e+000	4.541254e-001	0.000000e+000	1.000000e+000	-9.943820e-003	4.380223e-005	0.000000e+000	0.000000e+000	-6.799489e-006	-9.906817e-003	6.799489e-006	       NaN
9.500000e+000	2.035300e+000	4.793589e-001	0.000000e+000	1.000000e+000	-1.434965e-002	4.837756e-005	0.000000e+000	0.000000e+000	-1.085402e-005	-1.431213e-002	1.085402e-005	       NaN
9.600000e+000	2.788376e+000	5.176551e-001	0.000000e+000	1.000000e+000	-2.000169e-002	4.928137e-005	0.000000e+000	0.000000e+000	-1.584022e-005	-1.996825e-002	1.584022e-005	       NaN
9.700000e+000	3.671140e+000	5.715285e-001	0.000000e+000	1.000000e+000	-2.682700e-002	4.633155e-005	0.000000e+000	0.000000e+000	-2.162245e-005	-2.680229e-002	2.162245e-005	       NaN
9.800000e+000	4.654771e+000	6.429810e-001	0.000000e+000	1.000000e+000	-3.464251e-002	4.001235e-005	0.000000e+000	0.000000e+000	-2.798568e-005	-3.463048e-002	2.798568e-005	       NaN
9.900000e+000	5.702759e+000	7.333161e-001	0.000000e+000	1.000000e+000	-4.318122e-002	3.128663e-005	0.000000e+000	0.000000e+000	-3.466613e-005	-4.318460e-002	3.466613e-005	       NaN
1.000000e+001	6.775781e+000	8.430473e-001	0.000000e+000	1.000000e+000	-5.212905e-002	2.133626e-005	0.000000e+000	0.000000e+000	-4.138591e-005	-5.214910e-002	4.138591e-005	       NaN
1.010000e+001	7.836220e+000	9.719049e-001	0.000000e+000	1.000000e+000	-6.116373e-002	1.131468e-005	0.000000e+000	0.000000e+000	-4.788449e-005	-6.120030e-002	4.788449e-005	       NaN
1.020000e+001	8.851633e+000	1.118922e+000	0.000000e+000	1.000000e+000	-6.998843e-002	2.166640e-006	0.000000e+000	0.000000e+000	-5.394229e-005	-7.004021e-002	5.394229e-005	       NaN
1.030000e+001	9.796866e+000	1.282575e+000	0.000000e+000	1.000000e+000	-7.835592e-002	-5.464761e-006	0.000000e+000	0.000000e+000	-5.939448e-005	-7.842078e-002	5.939448e-005	       NaN
1.040000e+001	1.065486e+001	1.460951e+000	0.000000e+000	1.000000e+000	-8.608179e-002	-1.125235e-005	0.000000e+000	0.000000e+000	-6.413539e-005	-8.615718e-002	6.413539e-005	       NaN
1.050000e+001	1.141636e+001	1.651912e+000	0.000000e+000	1.000000e+000	-9.304774e-002	-1.514409e-005	0.000000e+000	0.000000e+000	-6.811537e-005	-9.313100e-002	6.811537e-005	       NaN
1.060000e+001	1.207890e+001	1.853251e+000	0.000000e+000	1.000000e+000	-9.919701e-002	-1.729335e-005	0.000000e+000	0.000000e+000	-7.133265e-005	-9.928564e-002	7.133265e-005	       NaN
1.070000e+001	1.264539e+001	2.062811e+000	0.000000e+000	1.000000e+000	-1.045249e-001	-1.798090e-005	0.000000e+000	0.000000e+000	-7.382256e-005	-1.046167e-001	7.382256e-005	       NaN
1.080000e+001	1.312256e+001	2.278577e+000	0.000000e+000	1.000000e+000	-1.090665e-001	-1.754313e-005	0.000000e+000	0.000000e+000	-7.564611e-005	-1.091597e-001	7.564611e-005	       NaN
1.090000e+001	1.351955e+001	2.498733e+000	0.000000e+000	1.000000e+000	-1.128849e-001	-1.631528e-005	0.000000e+000	0.000000e+000	-7.687966e-005	-1.129781e-001	7.687966e-005	       NaN
1.100000e+001	1.384667e+001	2.721696e+000	0.000000e+000	1.000000e+000	-1.160594e-001	-1.459429e-005	0.000000e+000	0.000000e+000	-7.760626e-005	-1.161516e-001	7.760626e-005	       NaN
1.110000e+001	1.411454e+001	2.946125e+000	0.000000e+000	1.000000e+000	-1.186768e-001	-1.262155e-005	0.000000e+000	0.000000e+000	-7.790925e-005	-1.187673e-001	7.790925e-005	       NaN
1.120000e+001	1.433336e+001	3.170913e+000	0.000000e+000	1.000000e+000	-1.208246e-001	-1.058189e-005	0.000000e+000	0.000000e+000	-7.786767e-005	-1.209131e-001	7.786767e-005	       NaN
1.130000e+001	1.451257e+001	3.395172e+000	0.000000e+000	1.000000e+000	-1.225861e-001	-8.611440e-006	0.000000e+000	0.000000e+000	-7.755340e-005	-1.226723e-001	7.755340e-005	       NaN
1.140000e+001	1.466048e+001	3.618207e+000	0.000000e+000	1.000000e+000	-1.240369e-001	-6.805995e-006	0.000000e+000	0.000000e+000	-7.702933e-005	-1.241207e-001	7.702933e-005	       NaN
1.150000e+001	1.478418e+001	3.839492e+000	0.000000e+000	1.000000e+000	-1.252433e-001	-5.224271e-006	0.000000e+000	0.000000e+000	-7.634857e-005	-1.253249e-001	7.634857e-005	       NaN
1.160000e+001	1.488950e+001	4.058641e+000	0.000000e+000	1.000000e+000	-1.262611e-001	-3.887988e-006	0.000000e+000	0.000000e+000	-7.555451e-005	-1.263405e-001	7.555451e-005	       NaN
1.170000e+001	1.498113e+001	4.275378e+000	0.000000e+000	1.000000e+000	-1.271360e-001	-2.785738e-006	0.000000e+000	0.000000e+000	-7.468178e-005	-1.272135e-001	7.468178e-005	       NaN
1.180000e+001	1.506280e+001	4.489517e+000	0.000000e+000	1.000000e+000	-1.279050e-001	-1.885167e-006	0.000000e+000	0.000000e+000	-7.375772e-005	-1.279807e-001	7.375772e-005	       NaN
1.190000e+001	1.513749e+001	4.700943e+000	0.000000e+000	1.000000e+000	-1.285975e-001	-1.149733e-006	0.000000e+000	0.000000e+000	-7.280388e-005	-1.286715e-001	7.280388e-005	       NaN
1.200000e+001	1.520757e+001	4.909595e+000	0.000000e+000	1.000000e+000	-1.292371e-001	-5.512262e-007	0.000000e+000	0.000000e+000	-7.183725e-005	-1.293095e-001	7.183725e-005	       NaN
1.210000e+001	1.527491e+001	5.115456e+000	0.000000e+000	1.000000e+000	-1.298425e-001	-7.239027e-008	0.000000e+000	0.000000e+000	-7.087093e-005	-1.299134e-001	7.087093e-005	       NaN
1.220000e+001	1.534091e+001	5.318541e+000	0.000000e+000	1.000000e+000	-1.304281e-001	2.984558e-007	0.000000e+000	0.000000e+000	-6.991463e-005	-1.304977e-001	6.991463e-005	       NaN
1.230000e+001	1.540658e+001	5.518890e+000	0.000000e+000	1.000000e+000	-1.310048e-001	5.742296e-007	0.000000e+000	0.000000e+000	-6.897511e-005	-1.310732e-001	6.897511e-005	       NaN
1.240000e+001	1.547260e+001	5.716558e+000	0.000000e+000	1.000000e+000	-1.315801e-001	7.717824e-007	0.000000e+000	0.000000e+000	-6.805674e-005	-1.316474e-001	6.805674e-005	       NaN
1.250000e+001	1.553941e+001	5.911611e+000	0.000000e+000	1.000000e+000	-1.321591e-001	9.091001e-007	0.000000e+000	0.000000e+000	-6.716212e-005	-1.322254e-001	6.716212e-005	       NaN
1.260000e+001	1.560727e+001	6.104118e+000	0.000000e+000	1.000000e+000	-1.327452e-001	9.991575e-007	0.000000e+000	0.000000e+000	-6.629262e-005	-1.328105e-001	6.629262e-005	       NaN
1.270000e+001	1.567630e+001	6.294154e+000	0.000000e+000	1.000000e+000	-1.333401e-001	1.044259e-006	0.000000e+000	0.000000e+000	-6.544852e-005	-1.334046e-001	6.544852e-005	       NaN
1.280000e+001	1.574644e+001	6.481790e+000	0.000000e+000	1.000000e+000	-1.339444e-001	1.034814e-006	0.000000e+000	0.000000e+000	-6.462889e-005	-1.340080e-001	6.462889e-005	       NaN
1.290000e+001	1.581740e+001	6.667094e+000	0.000000e+000	1.000000e+000	-1.345568e-001	9.547424e-007	0.000000e+000	0.000000e+000	-6.383123e-005	-1.346196e-001	6.383123e-005	       NaN
1.300000e+001	1.588860e+001	6.850123e+000	0.000000e+000	1.000000e+000	-1.351737e-001	7.921668e-007	0.000000e+000	0.000000e+000	-6.305116e-005	-1.352359e-001	6.305116e-005	       NaN
1.310000e+001	1.595921e+001	7.030920e+000	0.000000e+000	1.000000e+000	-1.357893e-001	5.505939e-007	0.000000e+000	0.000000e+000	-6.228250e-005	-1.358511e-001	6.228250e-005	       NaN
1.320000e+001	1.602820e+001	7.209507e+000	0.000000e+000	1.000000e+000	-1.363961e-001	2.547562e-007	0.000000e+000	0.000000e+000	-6.151795e-005	-1.364574e-001	6.151795e-005	       NaN
1.330000e+001	1.609452e+001	7.385885e+000	0.000000e+000	1.000000e+000	-1.369852e-001	-5.257811e-008	0.000000e+000	0.000000e+000	-6.075018e-005	-1.370460e-001	6.075018e-005	       NaN
1.340000e+001	1.615729e+001	7.560036e+000	0.000000e+000	1.000000e+000	-1.375486e-001	-3.219880e-007	0.000000e+000	0.000000e+000	-5.997323e-005	-1.376089e-001	5.997323e-005	       NaN
1.350000e+001	1.621597e+001	7.731928e+000	0.000000e+000	1.000000e+000	-1.380802e-001	-5.115423e-007	0.000000e+000	0.000000e+000	-5.918350e-005	-1.381399e-001	5.918350e-005	       NaN
1.360000e+001	1.627044e+001	7.901521e+000	0.000000e+000	1.000000e+000	-1.385768e-001	-5.966912e-007	0.000000e+000	0.000000e+000	-5.838036e-005	-1.386358e-001	5.838036e-005	       NaN
1.370000e+001	1.632096e+001	8.068780e+000	0.000000e+000	1.000000e+000	-1.390389e-001	-5.719648e-007	0.000000e+000	0.000000e+000	-5.756602e-005	-1.390970e-001	5.756602e-005	       NaN
1.380000e+001	1.636819e+001	8.233680e+000	0.000000e+000	1.000000e+000	-1.394700e-001	-4.462746e-007	0.000000e+000	0.000000e+000	-5.674516e-005	-1.395271e-001	5.674516e-005	       NaN
1.390000e+001	1.641303e+001	8.396209e+000	0.000000e+000	1.000000e+000	-1.398763e-001	-2.372991e-007	0.000000e+000	0.000000e+000	-5.592419e-005	-1.399325e-001	5.592419e-005	       NaN
1.400000e+001	1.645657e+001	8.556378e+000	0.000000e+000	1.000000e+000	-1.402661e-001	3.108291e-008	0.000000e+000	0.000000e+000	-5.511059e-005	-1.403212e-001	5.511059e-005	       NaN
1.410000e+001	1.649994e+001	8.714220e+000	0.000000e+000	1.000000e+000	-1.406487e-001	3.290170e-007	0.000000e+000	0.000000e+000	-5.431210e-005	-1.407027e-001	5.431210e-005	       NaN
1.420000e+001	1.654424e+001	8.869789e+000	0.000000e+000	1.000000e+000	-1.410334e-001	6.220447e-007	0.000000e+000	0.000000e+000	-5.353588e-005	-1.410863e-001	5.353588e-005	       NaN
1.430000e+001	1.659034e+001	9.023157e+000	0.000000e+000	1.000000e+000	-1.414285e-001	8.757753e-007	0.000000e+000	0.000000e+000	-5.278760e-005	-1.414804e-001	5.278760e-005	       NaN
1.440000e+001	1.663885e+001	9.174412e+000	0.000000e+000	1.000000e+000	-1.418405e-001	1.062739e-006	0.000000e+000	0.000000e+000	-5.207088e-005	-1.418915e-001	5.207088e-005	       NaN
1.450000e+001	1.669005e+001	9.323646e+000	0.000000e+000	1.000000e+000	-1.422734e-001	1.168285e-006	0.000000e+000	0.000000e+000	-5.138697e-005	-1.423236e-001	5.138697e-005	       NaN
1.460000e+001	1.674388e+001	9.470953e+000	0.000000e+000	1.000000e+000	-1.427284e-001	1.192702e-006	0.000000e+000	0.000000e+000	-5.073490e-005	-1.427779e-001	5.073490e-005	       NaN
1.470000e+001	1.680005e+001	9.616422e+000	0.000000e+000	1.000000e+000	-1.432042e-001	1.148555e-006	0.000000e+000	0.000000e+000	-5.011196e-005	-1.432532e-001	5.011196e-005	       NaN
1.480000e+001	1.685809e+001	9.760132e+000	0.000000e+000	1.000000e+000	-1.436979e-001	1.054519e-006	0.000000e+000	0.000000e+000	-4.951432e-005	-1.437464e-001	4.951432e-005	       NaN
1.490000e+001	1.691744e+001	9.902148e+000	0.000000e+000	1.000000e+000	-1.442053e-001	9.284944e-007	0.000000e+000	0.000000e+000	-4.893768e-005	-1.442533e-001	4.893768e-005	       NaN
1.500000e+001	1.697752e+001	1.004253e+001	0.000000e+000	1.000000e+000	-1.447217e-001	7.815316e-007	0.000000e+000	0.000000e+000	-4.837754e-005	-1.447693e-001	4.837754e-005	       NaN
1.510000e+001	1.703771e+001	1.018131e+001	0.000000e+000	1.000000e+000	-1.452421e-001	6.065416e-007	0.000000e+000	0.000000e+000	-4.782931e-005	-1.452893e-001	4.782931e-005	       NaN
1.520000e+001	1.709722e+001	1.031851e+001	0.000000e+000	1.000000e+000	-1.457607e-001	3.434761e-007	0.000000e+000	0.000000e+000	-4.728726e-005	-1.458076e-001	4.728726e-005	       NaN
1.530000e+001	1.715458e+001	1.045416e+001	0.000000e+000	1.000000e+000	-1.462683e-001	-1.927979e-007	0.000000e+000	0.000000e+000	-4.674117e-005	-1.463153e-001	4.674117e-005	       NaN
1.540000e+001	1.720648e+001	1.058819e+001	0.000000e+000	1.000000e+000	-1.467459e-001	-1.388412e-006	0.000000e+000	0.000000e+000	-4.616823e-005	-1.467934e-001	4.616823e-005	       NaN
1.550000e+001	1.724585e+001	1.072048e+001	0.000000e+000	1.000000e+000	-1.471511e-001	-3.816744e-006	0.000000e+000	0.000000e+000	-4.552000e-005	-1.472005e-001	4.552000e-005	       NaN
1.560000e+001	1.725967e+001	1.085069e+001	0.000000e+000	1.000000e+000	-1.474018e-001	-8.055252e-006	0.000000e+000	0.000000e+000	-4.470808e-005	-1.474546e-001	4.470808e-005	       NaN
1.570000e+001	1.722784e+001	1.097817e+001	0.000000e+000	1.000000e+000	-1.473612e-001	-1.437030e-005	0.000000e+000	0.000000e+000	-4.359683e-005	-1.474192e-001	4.359683e-005	       NaN
1.580000e+001	1.712418e+001	1.110180e+001	0.000000e+000	1.000000e+000	-1.468373e-001	-2.243471e-005	0.000000e+000	0.000000e+000	-4.201131e-005	-1.469018e-001	4.201131e-005	       NaN
1.590000e+001	1.692004e+001	1.121994e+001	0.000000e+000	1.000000e+000	-1.456009e-001	-3.125880e-005	0.000000e+000	0.000000e+000	-3.976305e-005	-1.456719e-001	3.976305e-005	       NaN
1.600000e+001	1.658974e+001	1.133044e+001	0.000000e+000	1.000000e+000	-1.434228e-001	-3.940052e-005	0.000000e+000	0.000000e+000	-3.668812e-005	-1.434989e-001	3.668812e-005	       NaN
1.610000e+001	1.611630e+001	1.143074e+001	0.000000e+000	1.000000e+000	-1.401205e-001	-4.536694e-005	0.000000e+000	0.000000e+000	-3.268577e-005	-1.401986e-001	3.268577e-005	       NaN
1.620000e+001	1.549555e+001	1.151814e+001	0.000000e+000	1.000000e+000	-1.355987e-001	-4.803133e-005	0.000000e+000	0.000000e+000	-2.774588e-005	-1.356744e-001	2.774588e-005	       NaN
1.630000e+001	1.473766e+001	1.159002e+001	0.000000e+000	1.000000e+000	-1.298739e-001	-4.690758e-005	0.000000e+000	0.000000e+000	-2.195749e-005	-1.299428e-001	2.195749e-005	       NaN
1.640000e+001	1.386577e+001	1.164418e+001	0.000000e+000	1.000000e+000	-1.230770e-001	-4.220985e-005	0.000000e+000	0.000000e+000	-1.549749e-005	-1.231347e-001	1.549749e-005	       NaN
1.650000e+001	1.291248e+001	1.167903e+001	0.000000e+000	1.000000e+000	-1.154337e-001	-3.471999e-005	0.000000e+000	0.000000e+000	-8.604400e-006	-1.154771e-001	8.604400e-006	       NaN
1.660000e+001	1.191512e+001	1.169367e+001	0.000000e+000	1.000000e+000	-1.072322e-001	-2.554407e-005	0.000000e+000	0.000000e+000	-1.544805e-006	-1.072592e-001	1.544805e-006	       NaN
1.670000e+001	1.091114e+001	1.168803e+001	0.000000e+000	1.000000e+000	-9.878387e-002	-1.585040e-005	0.000000e+000	0.000000e+000	5.419519e-006	-9.879431e-002	-5.419519e-006	       NaN
1.680000e+001	9.934156e+000	1.166272e+001	0.000000e+000	1.000000e+000	-9.038847e-002	-6.658791e-006	0.000000e+000	0.000000e+000	1.205820e-005	-9.038307e-002	-1.205820e-005	       NaN
1.690000e+001	9.011449e+000	1.161894e+001	0.000000e+000	1.000000e+000	-8.230584e-002	1.285709e-006	0.000000e+000	0.000000e+000	1.818952e-005	-8.228636e-002	-1.818952e-005	       NaN
1.700000e+001	8.162663e+000	1.155837e+001	0.000000e+000	1.000000e+000	-7.473927e-002	7.553604e-006	0.000000e+000	0.000000e+000	2.368798e-005	-7.470802e-002	-2.368798e-005	       NaN
1.710000e+001	7.399764e+000	1.148294e+001	0.000000e+000	1.000000e+000	-6.782886e-002	1.200579e-005	0.000000e+000	0.000000e+000	2.848365e-005	-6.778837e-002	-2.848365e-005	       NaN
1.720000e+001	6.727807e+000	1.139472e+001	0.000000e+000	1.000000e+000	-6.165354e-002	1.472947e-005	0.000000e+000	0.000000e+000	3.255569e-005	-6.160625e-002	-3.255569e-005	       NaN
1.730000e+001	6.146215e+000	1.129577e+001	0.000000e+000	1.000000e+000	-5.623886e-002	1.596013e-005	0.000000e+000	0.000000e+000	3.592255e-005	-5.618698e-002	-3.592255e-005	       NaN
1.740000e+001	5.650238e+000	1.118807e+001	0.000000e+000	1.000000e+000	-5.156803e-002	1.600789e-005	0.000000e+000	0.000000e+000	3.863113e-005	-5.151339e-002	-3.863113e-005	       NaN
1.750000e+001	5.232377e+000	1.107343e+001	0.000000e+000	1.000000e+000	-4.759374e-002	1.519843e-005	0.000000e+000	0.000000e+000	4.074637e-005	-4.753780e-002	-4.074637e-005	       NaN
1.760000e+001	4.883616e+000	1.095346e+001	0.000000e+000	1.000000e+000	-4.424935e-002	1.383198e-005	0.000000e+000	0.000000e+000	4.234235e-005	-4.419318e-002	-4.234235e-005	       NaN
1.770000e+001	4.594401e+000	1.082954e+001	0.000000e+000	1.000000e+000	-4.145832e-002	1.215932e-005	0.000000e+000	0.000000e+000	4.349542e-005	-4.140267e-002	-4.349542e-005	       NaN
1.780000e+001	4.355344e+000	1.070284e+001	0.000000e+000	1.000000e+000	-3.914147e-002	1.037216e-005	0.000000e+000	0.000000e+000	4.427922e-005	-3.908682e-002	-4.427922e-005	       NaN
1.790000e+001	4.157672e+000	1.057433e+001	0.000000e+000	1.000000e+000	-3.722215e-002	8.604473e-006	0.000000e+000	0.000000e+000	4.476168e-005	-3.716878e-002	-4.476168e-005	       NaN
1.800000e+001	3.993479e+000	1.044479e+001	0.000000e+000	1.000000e+000	-3.562937e-002	6.941316e-006	0.000000e+000	0.000000e+000	4.500341e-005	-3.557742e-002	-4.500341e-005	       NaN
1.810000e+001	3.855827e+000	1.031483e+001	0.000000e+000	1.000000e+000	-3.429956e-002	5.430839e-006	0.000000e+000	0.000000e+000	4.505710e-005	-3.424907e-002	-4.505710e-005	       NaN
1.820000e+001	3.738763e+000	1.018494e+001	0.000000e+000	1.000000e+000	-3.317722e-002	4.095812e-006	0.000000e+000	0.000000e+000	4.496760e-005	-3.312815e-002	-4.496760e-005	       NaN
1.830000e+001	3.637276e+000	1.005546e+001	0.000000e+000	1.000000e+000	-3.221490e-002	2.943148e-006	0.000000e+000	0.000000e+000	4.477237e-005	-3.216718e-002	-4.477237e-005	       NaN
1.840000e+001	3.547235e+000	9.926667e+000	0.000000e+000	1.000000e+000	-3.137288e-002	1.971316e-006	0.000000e+000	0.000000e+000	4.450201e-005	-3.132640e-002	-4.450201e-005	       NaN
1.850000e+001	3.465322e+000	9.798729e+000	0.000000e+000	1.000000e+000	-3.061864e-002	1.175204e-006	0.000000e+000	0.000000e+000	4.418095e-005	-3.057329e-002	-4.418095e-005	       NaN
1.860000e+001	3.388964e+000	9.671767e+000	0.000000e+000	1.000000e+000	-2.992635e-002	5.475419e-007	0.000000e+000	0.000000e+000	4.382794e-005	-2.988197e-002	-4.382794e-005	       NaN
1.870000e+001	3.316264e+000	9.545852e+000	0.000000e+000	1.000000e+000	-2.927624e-002	7.747724e-008	0.000000e+000	0.000000e+000	4.345672e-005	-2.923271e-002	-4.345672e-005	       NaN
1.880000e+001	3.245914e+000	9.421023e+000	0.000000e+000	1.000000e+000	-2.865402e-002	-2.511071e-007	0.000000e+000	0.000000e+000	4.307668e-005	-2.861119e-002	-4.307668e-005	       NaN
1.890000e+001	3.177093e+000	9.297296e+000	0.000000e+000	1.000000e+000	-2.805003e-002	-4.589406e-007	0.000000e+000	0.000000e+000	4.269367e-005	-2.800780e-002	-4.269367e-005	       NaN
1.900000e+001	3.109363e+000	9.174674e+000	0.000000e+000	1.000000e+000	-2.745841e-002	-5.682927e-007	0.000000e+000	0.000000e+000	4.231075e-005	-2.741667e-002	-4.231075e-005	       NaN
1.910000e+001	3.042572e+000	9.053155e+000	0.000000e+000	1.000000e+000	-2.687622e-002	-5.998802e-007	0.000000e+000	0.000000e+000	4.192898e-005	-2.683489e-002	-4.192898e-005	       NaN
1.920000e+001	2.976780e+000	8.932737e+000	0.000000e+000	1.000000e+000	-2.630272e-002	-5.721422e-007	0.000000e+000	0.000000e+000	4.154791e-005	-2.626174e-002	-4.154791e-005	       NaN
1.930000e+001	2.912185e+000	8.813418e+000	0.000000e+000	1.000000e+000	-2.573876e-002	-5.028546e-007	0.000000e+000	0.000000e+000	4.116616e-005	-2.569810e-002	-4.116616e-005	       NaN
1.940000e+001	2.849058e+000	8.695204e+000	0.000000e+000	1.000000e+000	-2.518616e-002	-4.107873e-007	0.000000e+000	0.000000e+000	4.078189e-005	-2.514579e-002	-4.078189e-005	       NaN
1.950000e+001	2.787670e+000	8.578104e+000	0.000000e+000	1.000000e+000	-2.464712e-002	-3.151694e-007	0.000000e+000	0.000000e+000	4.039325e-005	-2.460705e-002	-4.039325e-005	       NaN
1.960000e+001	2.728230e+000	8.462134e+000	0.000000e+000	1.000000e+000	-2.412364e-002	-2.327905e-007	0.000000e+000	0.000000e+000	3.999890e-005	-2.408388e-002	-3.999890e-005	       NaN
1.970000e+001	2.670844e+000	8.347311e+000	0.000000e+000	1.000000e+000	-2.361707e-002	-1.745389e-007	0.000000e+000	0.000000e+000	3.959823e-005	-2.357765e-002	-3.959823e-005	       NaN
1.980000e+001	2.615506e+000	8.233652e+000	0.000000e+000	1.000000e+000	-2.312790e-002	-1.435140e-007	0.000000e+000	0.000000e+000	3.919139e-005	-2.308885e-002	-3.919139e-005	       NaN
1.990000e+001	2.562121e+000	8.121175e+000	0.000000e+000	1.000000e+000	-2.265576e-002	-1.356942e-007	0.000000e+000	0.000000e+000	3.877917e-005	-2.261712e-002	-3.877917e-005	       NaN
2.000000e+001	2.510540e+000	8.009894e+000	0.000000e+000	1.000000e+000	-2.219970e-002	-1.426406e-007	0.000000e+000	0.000000e+000	3.836272e-005	-2.216148e-002	-3.836272e-005	       NaN
2.010000e+001	2.460602e+000	7.899820e+000	0.000000e+000	1.000000e+000	-2.175845e-002	-1.548827e-007	0.000000e+000	0.000000e+000	3.794321e-005	-2.172067e-002	-3.794321e-005	       NaN
2.020000e+001	2.412165e+000	7.790958e+000	0.000000e+000	1.000000e+000	-2.133078e-002	-1.646852e-007	0.000000e+000	0.000000e+000	3.752170e-005	-2.129342e-002	-3.752170e-005	       NaN
2.030000e+001	2.365125e+000	7.683315e+000	0.000000e+000	1.000000e+000	-2.091563e-002	-1.675053e-007	0.000000e+000	0.000000e+000	3.709893e-005	-2.087870e-002	-3.709893e-005	       NaN
2.040000e+001	2.319418e+000	7.576892e+000	0.000000e+000	1.000000e+000	-2.051227e-002	-1.621247e-007	0.000000e+000	0.000000e+000	3.667539e-005	-2.047576e-002	-3.667539e-005	       NaN
2.050000e+001	2.275010e+000	7.471693e+000	0.000000e+000	1.000000e+000	-2.012027e-002	-1.498707e-007	0.000000e+000	0.000000e+000	3.625132e-005	-2.008417e-002	-3.625132e-005	       NaN
2.060000e+001	2.231885e+000	7.367717e+000	0.000000e+000	1.000000e+000	-1.973939e-002	-1.334680e-007	0.000000e+000	0.000000e+000	3.582683e-005	-1.970369e-002	-3.582683e-005	       NaN
2.070000e+001	2.190035e+000	7.264966e+000	0.000000e+000	1.000000e+000	-1.936950e-002	-1.159559e-007	0.000000e+000	0.000000e+000	3.540200e-005	-1.933421e-002	-3.540200e-005	       NaN
2.080000e+001	2.149445e+000	7.163442e+000	0.000000e+000	1.000000e+000	-1.901049e-002	-9.991743e-008	0.000000e+000	0.000000e+000	3.497693e-005	-1.897562e-002	-3.497693e-005	       NaN
2.090000e+001	2.110091e+000	7.063144e+000	0.000000e+000	1.000000e+000	-1.866221e-002	-8.708483e-008	0.000000e+000	0.000000e+000	3.455180e-005	-1.862774e-002	-3.455180e-005	       NaN
2.100000e+001	2.071933e+000	6.964073e+000	0.000000e+000	1.000000e+000	-1.832436e-002	-7.826440e-008	0.000000e+000	0.000000e+000	3.412687e-005	-1.829031e-002	-3.412687e-005	       NaN
2.110000e+001	2.034918e+000	6.866226e+000	0.000000e+000	1.000000e+000	-1.799659e-002	-7.347252e-008	0.000000e+000	0.000000e+000	3.370252e-005	-1.796296e-002	-3.370252e-005	       NaN
2.120000e+001	1.998987e+000	6.769603e+000	0.000000e+000	1.000000e+000	-1.767840e-002	-7.217166e-008	0.000000e+000	0.000000e+000	3.327914e-005	-1.764520e-002	-3.327914e-005	       NaN
2.130000e+001	1.964070e+000	6.674199e+000	0.000000e+000	1.000000e+000	-1.736928e-002	-7.352059e-008	0.000000e+000	0.000000e+000	3.285719e-005	-1.733649e-002	-3.285719e-005	       NaN
2.140000e+001	1.930097e+000	6.580010e+000	0.000000e+000	1.000000e+000	-1.706862e-002	-7.658633e-008	0.000000e+000	0.000000e+000	3.243713e-005	-1.703626e-002	-3.243713e-005	       NaN
2.150000e+001	1.896999e+000	6.487030e+000	0.000000e+000	1.000000e+000	-1.677584e-002	-8.049532e-008	0.000000e+000	0.000000e+000	3.201940e-005	-1.674390e-002	-3.201940e-005	       NaN
2.160000e+001	1.864710e+000	6.395250e+000	0.000000e+000	1.000000e+000	-1.649038e-002	-8.452219e-008	0.000000e+000	0.000000e+000	3.160441e-005	-1.645886e-002	-3.160441e-005	       NaN
2.170000e+001	1.833170e+000	6.304664e+000	0.000000e+000	1.000000e+000	-1.621168e-002	-8.812647e-008	0.000000e+000	0.000000e+000	3.119251e-005	-1.618058e-002	-3.119251e-005	       NaN
2.180000e+001	1.802324e+000	6.215262e+000	0.000000e+000	1.000000e+000	-1.593926e-002	-9.095215e-008	0.000000e+000	0.000000e+000	3.078402e-005	-1.590857e-002	-3.078402e-005	       NaN
2.190000e+001	1.772126e+000	6.127032e+000	0.000000e+000	1.000000e+000	-1.567269e-002	-9.280470e-008	0.000000e+000	0.000000e+000	3.037920e-005	-1.564240e-002	-3.037920e-005	       NaN
2.200000e+001	1.742535e+000	6.039965e+000	0.000000e+000	1.000000e+000	-1.541158e-002	-9.361758e-008	0.000000e+000	0.000000e+000	2.997826e-005	-1.538169e-002	-2.997826e-005	       NaN
2.210000e+001	1.713514e+000	5.954049e+000	0.000000e+000	1.000000e+000	-1.515560e-002	-9.341680e-008	0.000000e+000	0.000000e+000	2.958137e-005	-1.512611e-002	-2.958137e-005	       NaN
2.220000e+001	1.685036e+000	5.869272e+000	0.000000e+000	1.000000e+000	-1.490447e-002	-9.228854e-008	0.000000e+000	0.000000e+000	2.918864e-005	-1.487537e-002	-2.918864e-005	       NaN
2.230000e+001	1.657074e+000	5.785622e+000	0.000000e+000	1.000000e+000	-1.465795e-002	-9.035261e-008	0.000000e+000	0.000000e+000	2.880016e-005	-1.462924e-002	-2.880016e-005	       NaN
2.240000e+001	1.629608e+000	5.703086e+000	0.000000e+000	1.000000e+000	-1.441584e-002	-8.774239e-008	0.000000e+000	0.000000e+000	2.841601e-005	-1.438751e-002	-2.841601e-005	       NaN
2.250000e+001	1.602619e+000	5.621653e+000	0.000000e+000	1.000000e+000	-1.417797e-002	-8.459086e-008	0.000000e+000	0.000000e+000	2.803621e-005	-1.415002e-002	-2.803621e-005	       NaN
2.260000e+001	1.576093e+000	5.541309e+000	0.000000e+000	1.000000e+000	-1.394419e-002	-8.102173e-008	0.000000e+000	0.000000e+000	2.766079e-005	-1.391661e-002	-2.766079e-005	       NaN
2.270000e+001	1.550015e+000	5.462042e+000	0.000000e+000	1.000000e+000	-1.371439e-002	-7.714468e-008	0.000000e+000	0.000000e+000	2.728974e-005	-1.368717e-002	-2.728974e-005	       NaN
2.280000e+001	1.524376e+000	5.383839e+000	0.000000e+000	1.000000e+000	-1.348844e-002	-7.305333e-008	0.000000e+000	0.000000e+000	2.692306e-005	-1.346159e-002	-2.692306e-005	       NaN
2.290000e+001	1.499163e+000	5.306687e+000	0.000000e+000	1.000000e+000	-1.326625e-002	-6.882523e-008	0.000000e+000	0.000000e+000	2.656074e-005	-1.323976e-002	-2.656074e-005	       NaN
2.300000e+001	1.474369e+000	5.230575e+000	0.000000e+000	1.000000e+000	-1.304774e-002	-6.452300e-008	0.000000e+000	0.000000e+000	2.620276e-005	-1.302161e-002	-2.620276e-005	       NaN
2.310000e+001	1.449984e+000	5.155489e+000	0.000000e+000	1.000000e+000	-1.283284e-002	-6.019604e-008	0.000000e+000	0.000000e+000	2.584907e-005	-1.280705e-002	-2.584907e-005	       NaN
2.320000e+001	1.426001e+000	5.081418e+000	0.000000e+000	1.000000e+000	-1.262146e-002	-5.588250e-008	0.000000e+000	0.000000e+000	2.549966e-005	-1.259602e-002	-2.549966e-005	       NaN
2.330000e+001	1.402413e+000	5.008348e+000	0.000000e+000	1.000000e+000	-1.241355e-002	-5.161126e-008	0.000000e+000	0.000000e+000	2.515449e-005	-1.238845e-002	-2.515449e-005	       NaN
2.340000e+001	1.379211e+000	4.936268e+000	0.000000e+000	1.000000e+000	-1.220904e-002	-4.740366e-008	0.000000e+000	0.000000e+000	2.481353e-005	-1.218427e-002	-2.481353e-005	       NaN
2.350000e+001	1.356390e+000	4.865166e+000	0.000000e+000	1.000000e+000	-1.200786e-002	-4.327515e-008	0.000000e+000	0.000000e+000	2.447672e-005	-1.198343e-002	-2.447672e-005	       NaN
2.360000e+001	1.333943e+000	4.795030e+000	0.000000e+000	1.000000e+000	-1.180998e-002	-3.923654e-008	0.000000e+000	0.000000e+000	2.414405e-005	-1.178587e-002	-2.414405e-005	       NaN
2.370000e+001	1.311864e+000	4.725847e+000	0.000000e+000	1.000000e+000	-1.161532e-002	-3.529513e-008	0.000000e+000	0.000000e+000	2.381546e-005	-1.159154e-002	-2.381546e-005	       NaN
2.380000e+001	1.290147e+000	4.657607e+000	0.000000e+000	1.000000e+000	-1.142383e-002	-3.145554e-008	0.000000e+000	0.000000e+000	2.349092e-005	-1.140037e-002	-2.349092e-005	       NaN
2.390000e+001	1.268785e+000	4.590297e+000	0.000000e+000	1.000000e+000	-1.123547e-002	-2.772041e-008	0.000000e+000	0.000000e+000	2.317040e-005	-1.121233e-002	-2.317040e-005	       NaN
2.400000e+001	1.247773e+000	4.523906e+000	0.000000e+000	1.000000e+000	-1.105018e-002	-2.409092e-008	0.000000e+000	0.000000e+000	2.285384e-005	-1.102735e-002	-2.285384e-005	       NaN
2.410000e+001	1.227106e+000	4.458423e+000	0.000000e+000	1.000000e+000	-1.086791e-002	-2.056720e-008	0.000000e+000	0.000000e+000	2.254121e-005	-1.084539e-002	-2.254121e-005	       NaN
2.420000e+001	1.206777e+000	4.393836e+000	0.000000e+000	1.000000e+000	-1.068861e-002	-1.714860e-008	0.000000e+000	0.000000e+000	2.223247e-005	-1.066639e-002	-2.223247e-005	       NaN
2.430000e+001	1.186781e+000	4.330135e+000	0.000000e+000	1.000000e+000	-1.051224e-002	-1.383396e-008	0.000000e+000	0.000000e+000	2.192759e-005	-1.049032e-002	-2.192759e-005	       NaN
2.440000e+001	1.167113e+000	4.267307e+000	0.000000e+000	1.000000e+000	-1.033874e-002	-1.062172e-008	0.000000e+000	0.000000e+000	2.162651e-005	-1.031713e-002	-2.162651e-005	       NaN
2.450000e+001	1.147768e+000	4.205343e+000	0.000000e+000	1.000000e+000	-1.016808e-002	-7.510103e-009	0.000000e+000	0.000000e+000	2.132921e-005	-1.014675e-002	-2.132921e-005	       NaN
2.460000e+001	1.128739e+000	4.144231e+000	0.000000e+000	1.000000e+000	-1.000020e-002	-4.497139e-009	0.000000e+000	0.000000e+000	2.103564e-005	-9.979165e-003	-2.103564e-005	       NaN
2.470000e+001	1.110023e+000	4.083960e+000	0.000000e+000	1.000000e+000	-9.835056e-003	-1.580770e-009	0.000000e+000	0.000000e+000	2.074576e-005	-9.814312e-003	-2.074576e-005	       NaN
2.480000e+001	1.091614e+000	4.024521e+000	0.000000e+000	1.000000e+000	-9.672613e-003	1.241119e-009	0.000000e+000	0.000000e+000	2.045954e-005	-9.652152e-003	-2.045954e-005	       NaN
2.490000e+001	1.073506e+000	3.965902e+000	0.000000e+000	1.000000e+000	-9.512822e-003	3.970671e-009	0.000000e+000	0.000000e+000	2.017694e-005	-9.492641e-003	-2.017694e-005	       NaN
2.500000e+001	1.055696e+000	3.908093e+000	0.000000e+000	1.000000e+000	-9.355641e-003	6.610030e-009	0.000000e+000	0.000000e+000	1.989792e-005	-9.335736e-003	-1.989792e-005	       NaN
2.510000e+001	1.038178e+000	3.851084e+000	0.000000e+000	1.000000e+000	-9.201028e-003	9.161331e-009	0.000000e+000	0.000000e+000	1.962244e-005	-9.181396e-003	-1.962244e-005	       NaN
2.520000e+001	1.020948e+000	3.794865e+000	0.000000e+000	1.000000e+000	-9.048941e-003	1.162669e-008	0.000000e+000	0.000000e+000	1.935046e-005	-9.029579e-003	-1.935046e-005	       NaN
2.530000e+001	1.004000e+000	3.739426e+000	0.000000e+000	1.000000e+000	-8.899340e-003	1.400818e-008	0.000000e+000	0.000000e+000	1.908194e-005	-8.880244e-003	-1.908194e-005	       NaN
2.540000e+001	9.873312e-001	3.684756e+000	0.000000e+000	1.000000e+000	-8.752185e-003	1.630785e-008	0.000000e+000	0.000000e+000	1.881685e-005	-8.733352e-003	-1.881685e-005	       NaN
2.550000e+001	9.709359e-001	3.630846e+000	0.000000e+000	1.000000e+000	-8.607436e-003	1.852772e-008	0.000000e+000	0.000000e+000	1.855516e-005	-8.588862e-003	-1.855516e-005	       NaN
2.560000e+001	9.548100e-001	3.577687e+000	0.000000e+000	1.000000e+000	-8.465054e-003	2.066977e-008	0.000000e+000	0.000000e+000	1.829682e-005	-8.446737e-003	-1.829682e-005	       NaN
2.570000e+001	9.389492e-001	3.525268e+000	0.000000e+000	1.000000e+000	-8.325002e-003	2.273592e-008	0.000000e+000	0.000000e+000	1.804179e-005	-8.306937e-003	-1.804179e-005	       NaN
2.580000e+001	9.233490e-001	3.473580e+000	0.000000e+000	1.000000e+000	-8.187241e-003	2.472808e-008	0.000000e+000	0.000000e+000	1.779005e-005	-8.169426e-003	-1.779005e-005	       NaN
2.590000e+001	9.080053e-001	3.422613e+000	0.000000e+000	1.000000e+000	-8.051735e-003	2.664809e-008	0.000000e+000	0.000000e+000	1.754155e-005	-8.034166e-003	-1.754155e-005	       NaN
2.600000e+001	8.929139e-001	3.372359e+000	0.000000e+000	1.000000e+000	-7.918447e-003	2.849779e-008	0.000000e+000	0.000000e+000	1.729626e-005	-7.901122e-003	-1.729626e-005	       NaN
2.610000e+001	8.780708e-001	3.322808e+000	0.000000e+000	1.000000e+000	-7.787341e-003	3.027894e-008	0.000000e+000	0.000000e+000	1.705414e-005	-7.770257e-003	-1.705414e-005	       NaN
2.620000e+001	8.634718e-001	3.273951e+000	0.000000e+000	1.000000e+000	-7.658383e-003	3.199329e-008	0.000000e+000	0.000000e+000	1.681516e-005	-7.641535e-003	-1.681516e-005	       NaN
2.630000e+001	8.491131e-001	3.225779e+000	0.000000e+000	1.000000e+000	-7.531536e-003	3.364253e-008	0.000000e+000	0.000000e+000	1.657928e-005	-7.514924e-003	-1.657928e-005	       NaN
2.640000e+001	8.349906e-001	3.178283e+000	0.000000e+000	1.000000e+000	-7.406769e-003	3.522834e-008	0.000000e+000	0.000000e+000	1.634648e-005	-7.390387e-003	-1.634648e-005	       NaN
2.650000e+001	8.211007e-001	3.131454e+000	0.000000e+000	1.000000e+000	-7.284045e-003	3.675234e-008	0.000000e+000	0.000000e+000	1.611670e-005	-7.267892e-003	-1.611670e-005	       NaN
2.660000e+001	8.074394e-001	3.085284e+000	0.000000e+000	1.000000e+000	-7.163334e-003	3.821613e-008	0.000000e+000	0.000000e+000	1.588992e-005	-7.147406e-003	-1.588992e-005	       NaN
2.670000e+001	7.940031e-001	3.039764e+000	0.000000e+000	1.000000e+000	-7.044601e-003	3.962126e-008	0.000000e+000	0.000000e+000	1.566611e-005	-7.028896e-003	-1.566611e-005	       NaN
2.680000e+001	7.807882e-001	2.994886e+000	0.000000e+000	1.000000e+000	-6.927816e-003	4.096926e-008	0.000000e+000	0.000000e+000	1.544523e-005	-6.912330e-003	-1.544523e-005	       NaN
2.690000e+001	7.677909e-001	2.950640e+000	0.000000e+000	1.000000e+000	-6.812946e-003	4.226162e-008	0.000000e+000	0.000000e+000	1.522725e-005	-6.797676e-003	-1.522725e-005	       NaN
2.700000e+001	7.550079e-001	2.907019e+000	0.000000e+000	1.000000e+000	-6.699960e-003	4.349979e-008	0.000000e+000	0.000000e+000	1.501213e-005	-6.684905e-003	-1.501213e-005	       NaN
2.710000e+001	7.424355e-001	2.864015e+000	0.000000e+000	1.000000e+000	-6.588829e-003	4.468521e-008	0.000000e+000	0.000000e+000	1.479984e-005	-6.573984e-003	-1.479984e-005	       NaN
2.720000e+001	7.300703e-001	2.821619e+000	0.000000e+000	1.000000e+000	-6.479521e-003	4.581926e-008	0.000000e+000	0.000000e+000	1.459035e-005	-6.464885e-003	-1.459035e-005	       NaN
2.730000e+001	7.179091e-001	2.779824e+000	0.000000e+000	1.000000e+000	-6.372008e-003	4.690330e-008	0.000000e+000	0.000000e+000	1.438362e-005	-6.357578e-003	-1.438362e-005	       NaN
2.740000e+001	7.059484e-001	2.738621e+000	0.000000e+000	1.000000e+000	-6.266260e-003	4.793867e-008	0.000000e+000	0.000000e+000	1.417963e-005	-6.252033e-003	-1.417963e-005	       NaN
2.750000e+001	6.941850e-001	2.698003e+000	0.000000e+000	1.000000e+000	-6.162249e-003	4.892667e-008	0.000000e+000	0.000000e+000	1.397835e-005	-6.148222e-003	-1.397835e-005	       NaN
2.760000e+001	6.826156e-001	2.657961e+000	0.000000e+000	1.000000e+000	-6.059946e-003	4.986857e-008	0.000000e+000	0.000000e+000	1.377973e-005	-6.046117e-003	-1.377973e-005	       NaN
2.770000e+001	6.712372e-001	2.618489e+000	0.000000e+000	1.000000e+000	-5.959324e-003	5.076562e-008	0.000000e+000	0.000000e+000	1.358375e-005	-5.945690e-003	-1.358375e-005	       NaN
2.780000e+001	6.600466e-001	2.579578e+000	0.000000e+000	1.000000e+000	-5.860356e-003	5.161902e-008	0.000000e+000	0.000000e+000	1.339038e-005	-5.846914e-003	-1.339038e-005	       NaN
2.790000e+001	6.490407e-001	2.541222e+000	0.000000e+000	1.000000e+000	-5.763014e-003	5.242998e-008	0.000000e+000	0.000000e+000	1.319959e-005	-5.749762e-003	-1.319959e-005	       NaN
2.800000e+001	6.382166e-001	2.503412e+000	0.000000e+000	1.000000e+000	-5.667273e-003	5.319965e-008	0.000000e+000	0.000000e+000	1.301134e-005	-5.654208e-003	-1.301134e-005	       NaN
2.810000e+001	6.275712e-001	2.466142e+000	0.000000e+000	1.000000e+000	-5.573106e-003	5.392916e-008	0.000000e+000	0.000000e+000	1.282561e-005	-5.560226e-003	-1.282561e-005	       NaN
2.820000e+001	6.171016e-001	2.429404e+000	0.000000e+000	1.000000e+000	-5.480487e-003	5.461963e-008	0.000000e+000	0.000000e+000	1.264236e-005	-5.467790e-003	-1.264236e-005	       NaN
2.830000e+001	6.068050e-001	2.393191e+000	0.000000e+000	1.000000e+000	-5.389392e-003	5.527215e-008	0.000000e+000	0.000000e+000	1.246158e-005	-5.376876e-003	-1.246158e-005	       NaN
2.840000e+001	5.966785e-001	2.357496e+000	0.000000e+000	1.000000e+000	-5.299796e-003	5.588776e-008	0.000000e+000	0.000000e+000	1.228322e-005	-5.287457e-003	-1.228322e-005	       NaN
2.850000e+001	5.867194e-001	2.322313e+000	0.000000e+000	1.000000e+000	-5.211675e-003	5.646750e-008	0.000000e+000	0.000000e+000	1.210725e-005	-5.199511e-003	-1.210725e-005	       NaN
2.860000e+001	5.769250e-001	2.287633e+000	0.000000e+000	1.000000e+000	-5.125004e-003	5.701239e-008	0.000000e+000	0.000000e+000	1.193366e-005	-5.113013e-003	-1.193366e-005	       NaN
2.870000e+001	5.672925e-001	2.253451e+000	0.000000e+000	1.000000e+000	-5.039760e-003	5.752341e-008	0.000000e+000	0.000000e+000	1.176241e-005	-5.027940e-003	-1.176241e-005	       NaN
2.880000e+001	5.578192e-001	2.219760e+000	0.000000e+000	1.000000e+000	-4.955919e-003	5.800154e-008	0.000000e+000	0.000000e+000	1.159346e-005	-4.944268e-003	-1.159346e-005	       NaN
2.890000e+001	5.485027e-001	2.186553e+000	0.000000e+000	1.000000e+000	-4.873459e-003	5.844770e-008	0.000000e+000	0.000000e+000	1.142681e-005	-4.861974e-003	-1.142681e-005	       NaN
2.900000e+001	5.393403e-001	2.153824e+000	0.000000e+000	1.000000e+000	-4.792358e-003	5.886283e-008	0.000000e+000	0.000000e+000	1.126241e-005	-4.781037e-003	-1.126241e-005	       NaN
2.910000e+001	5.303295e-001	2.121565e+000	0.000000e+000	1.000000e+000	-4.712593e-003	5.924782e-008	0.000000e+000	0.000000e+000	1.110023e-005	-4.701434e-003	-1.110023e-005	       NaN
2.920000e+001	5.214678e-001	2.089771e+000	0.000000e+000	1.000000e+000	-4.634143e-003	5.960356e-008	0.000000e+000	0.000000e+000	1.094026e-005	-4.623143e-003	-1.094026e-005	       NaN
2.930000e+001	5.127528e-001	2.058436e+000	0.000000e+000	1.000000e+000	-4.556985e-003	5.993089e-008	0.000000e+000	0.000000e+000	1.078247e-005	-4.546143e-003	-1.078247e-005	       NaN
2.940000e+001	5.041821e-001	2.027553e+000	0.000000e+000	1.000000e+000	-4.481100e-003	6.023066e-008	0.000000e+000	0.000000e+000	1.062682e-005	-4.470413e-003	-1.062682e-005	       NaN
2.950000e+001	4.957533e-001	1.997116e+000	0.000000e+000	1.000000e+000	-4.406466e-003	6.050369e-008	0.000000e+000	0.000000e+000	1.047329e-005	-4.395932e-003	-1.047329e-005	       NaN
2.960000e+001	4.874641e-001	1.967118e+000	0.000000e+000	1.000000e+000	-4.333063e-003	6.075077e-008	0.000000e+000	0.000000e+000	1.032186e-005	-4.322680e-003	-1.032186e-005	       NaN
2.970000e+001	4.793122e-001	1.937555e+000	0.000000e+000	1.000000e+000	-4.260871e-003	6.097269e-008	0.000000e+000	0.000000e+000	1.017249e-005	-4.250637e-003	-1.017249e-005	       NaN
2.980000e+001	4.712954e-001	1.908419e+000	0.000000e+000	1.000000e+000	-4.189870e-003	6.117021e-008	0.000000e+000	0.000000e+000	1.002517e-005	-4.179783e-003	-1.002517e-005	       NaN
2.990000e+001	4.634114e-001	1.879706e+000	0.000000e+000	1.000000e+000	-4.120040e-003	6.134407e-008	0.000000e+000	0.000000e+000	9.879871e-006	-4.110099e-003	-9.879871e-006	       NaN
3.000000e+001	4.556581e-001	1.851409e+000	0.000000e+000	1.000000e+000	-4.051364e-003	6.149500e-008	0.000000e+000	0.000000e+000	9.736561e-006	-4.041566e-003	-9.736561e-006	       NaN
3.010000e+001	4.480334e-001	1.823523e+000	0.000000e+000	1.000000e+000	-3.983821e-003	6.162371e-008	0.000000e+000	0.000000e+000	9.595219e-006	-3.974164e-003	-9.595219e-006	       NaN
3.020000e+001	4.405350e-001	1.796041e+000	0.000000e+000	1.000000e+000	-3.917393e-003	6.173088e-008	0.000000e+000	0.000000e+000	9.455820e-006	-3.907875e-003	-9.455820e-006	       NaN
3.030000e+001	4.331610e-001	1.768959e+000	0.000000e+000	1.000000e+000	-3.852062e-003	6.181721e-008	0.000000e+000	0.000000e+000	9.318340e-006	-3.842682e-003	-9.318340e-006	       NaN
3.040000e+001	4.259094e-001	1.742271e+000	0.000000e+000	1.000000e+000	-3.787811e-003	6.188333e-008	0.000000e+000	0.000000e+000	9.182754e-006	-3.778566e-003	-9.182754e-006	       NaN
3.050000e+001	4.187780e-001	1.715972e+000	0.000000e+000	1.000000e+000	-3.724621e-003	6.192990e-008	0.000000e+000	0.000000e+000	9.049039e-006	-3.715510e-003	-9.049039e-006	       NaN
3.060000e+001	4.117649e-001	1.690055e+000	0.000000e+000	1.000000e+000	-3.662475e-003	6.195755e-008	0.000000e+000	0.000000e+000	8.917171e-006	-3.653496e-003	-8.917171e-006	       NaN
3.070000e+001	4.048683e-001	1.664516e+000	0.000000e+000	1.000000e+000	-3.601356e-003	6.196688e-008	0.000000e+000	0.000000e+000	8.787127e-006	-3.592507e-003	-8.787127e-006	       NaN
3.080000e+001	3.980861e-001	1.639350e+000	0.000000e+000	1.000000e+000	-3.541248e-003	6.195850e-008	0.000000e+000	0.000000e+000	8.658883e-006	-3.532527e-003	-8.658883e-006	       NaN
3.090000e+001	3.914165e-001	1.614552e+000	0.000000e+000	1.000000e+000	-3.482133e-003	6.193299e-008	0.000000e+000	0.000000e+000	8.532417e-006	-3.473539e-003	-8.532417e-006	       NaN
3.100000e+001	3.848576e-001	1.590115e+000	0.000000e+000	1.000000e+000	-3.423997e-003	6.189091e-008	0.000000e+000	0.000000e+000	8.407706e-006	-3.415527e-003	-8.407706e-006	       NaN
3.110000e+001	3.784077e-001	1.566036e+000	0.000000e+000	1.000000e+000	-3.366821e-003	6.183283e-008	0.000000e+000	0.000000e+000	8.284728e-006	-3.358475e-003	-8.284728e-006	       NaN
3.120000e+001	3.720649e-001	1.542309e+000	0.000000e+000	1.000000e+000	-3.310592e-003	6.175928e-008	0.000000e+000	0.000000e+000	8.163460e-006	-3.302367e-003	-8.163460e-006	       NaN
3.130000e+001	3.658275e-001	1.518930e+000	0.000000e+000	1.000000e+000	-3.255293e-003	6.167079e-008	0.000000e+000	0.000000e+000	8.043880e-006	-3.247187e-003	-8.043880e-006	       NaN
3.140000e+001	3.596937e-001	1.495893e+000	0.000000e+000	1.000000e+000	-3.200909e-003	6.156787e-008	0.000000e+000	0.000000e+000	7.925968e-006	-3.192921e-003	-7.925968e-006	       NaN
3.150000e+001	3.536619e-001	1.473195e+000	0.000000e+000	1.000000e+000	-3.147425e-003	6.145103e-008	0.000000e+000	0.000000e+000	7.809701e-006	-3.139554e-003	-7.809701e-006	       NaN
3.160000e+001	3.477303e-001	1.450829e+000	0.000000e+000	1.000000e+000	-3.094827e-003	6.132076e-008	0.000000e+000	0.000000e+000	7.695058e-006	-3.087071e-003	-7.695058e-006	       NaN
3.170000e+001	3.418973e-001	1.428791e+000	0.000000e+000	1.000000e+000	-3.043100e-003	6.117753e-008	0.000000e+000	0.000000e+000	7.582018e-006	-3.035456e-003	-7.582018e-006	       NaN
3.180000e+001	3.361614e-001	1.407078e+000	0.000000e+000	1.000000e+000	-2.992229e-003	6.102181e-008	0.000000e+000	0.000000e+000	7.470560e-006	-2.984697e-003	-7.470560e-006	       NaN
3.190000e+001	3.305208e-001	1.385683e+000	0.000000e+000	1.000000e+000	-2.942201e-003	6.085405e-008	0.000000e+000	0.000000e+000	7.360665e-006	-2.934780e-003	-7.360665e-006	       NaN
3.200000e+001	3.249741e-001	1.364604e+000	0.000000e+000	1.000000e+000	-2.893002e-003	6.067469e-008	0.000000e+000	0.000000e+000	7.252311e-006	-2.885689e-003	-7.252311e-006	       NaN
